Namespace(K_neg=10, POI_level='3', add_flag=0.9, alpha=0.1, beta=0.1, bias_randomwalk=True, connect_center=False, dataset_name='hongzhi', dim_emb=256, input_type='persona_ori', learning_rate=0.0005, mobility_ratio=0.7, num_epochs=1, num_walks=10, p_n2v=0.8, q_n2v=0.6, test=False, walk_length=50, win_size=10, workers=12)
Number of edges before: 7316
Number of edges after: 23329
N_users: 16013, N_total: 29598
Num val checkins before: 206198
Num val checkins after: 45194
Build user checkins dictionary...
Performing random walks on hypergraph...
1.0
2.0
1
1.0
2.0
1
1.0
1
1
1.0
1
1
1.0
1
1
1.0
1
1
1.0
1
1
1.0
1
1
1.032258064516129
1.025
1.0
1.0357142857142858
1.0
1.0
1.0
1.0
1.0
1.0
1.0
1.0
1.0
1.0
1.0
1.027027027027027
1.0
1.0
1.0
1.0
1.0
1.0
1.0
1.0
1.0
1.0
1.0
1.0
1.0
1.0
1.0
1.0
1.0
1.0
1.0
1.0
1.0
1.0
1.0
1.0
1.0
1.03125
1.020979020979021
1.0
1.0
1.0
1.0
1.0
1.0
1.0
1.0204081632653061
1.0
1.0
1.0151515151515151
1.0
1.0
1.0
1.0
1.0
1.0
1.0
1.0
1.0
1.0303030303030303
1.0
1.0
1.0
1.0
1.0
1.0
1.0
1.0
1.0
1
1.0
1.0
1
1.0
1
1
1.0
1
1
1.0
1.025
1
1.0196078431372548
1
1.0
1.0
1
1.0
1
1.0
1
1
1.0
1
1
1.0
1
1
1.0
1
1
1.0
1
1.027027027027027
1
1
1.0120481927710843
1.0
1
1.0340909090909092
1
1.0
1
1
1.0294117647058822
1
1
1.0
1
1
1.0
1
1
1.0
1
1
1.0
1
1
1.0
1
1
1.0
1
1
1.0263157894736843
1
1
1.0
1
1
1.0
1
1.0
1.0
1.0
1.0416666666666667
1
1.0
1.0
1.0
1.0
1
1.0277777777777777
1
1
1.0
1.010204081632653
1
1.0245901639344261
1
1.0263157894736843
1
1
1.0
1
1
1.0
1
1
1.0
1
1
1.0
1.0
1
1.0
1
1
1.0
1
1
1.0
1
1
1.0
1
1
1.0
1
1.0
1
1
1.0
1
1
1.0
1
1
1.0227272727272727
1
1
1.0
1
1
1.0588235294117647
1
1
1.0
1
1
1.0
1.0
1
1.0
1
1.0
1
1
1.0
1
1.0
1
1
1.0
1
1
1.0
1
1
1.0
1.0192307692307692
1.0
1
1.0
1
1.0
1.0129870129870129
1
1.0
1
1.0
1
1
1.08
1
1
1.0425531914893618
1
1
1.0
1
1
1.032258064516129
1.0232558139534884
1
1.0222222222222221
1
1.0
1
1
1.0
1
1
1.0
1
1
1.0
1.0
1.0
1.0
1
1.0
1
1.0
1
1
1.0
1.0
1.0
1.0
1.0
1.0
1.0
1
1.0
1
1
1.088235294117647
1
1
1.0
1
1
1.0
1
1
1.0
1
1.0
1
1
1.0
1
1
1.0151515151515151
1.0
1
1.0
1
1.0
1
1
1.018181818181818
1
1
1.0
1.0
1
1.2222222222222223
1
1.0
1
1
1.0
1
1
1.0
1
1
1.0
1.0
1.0
1.0
1
1.0144927536231885
1.0
1
1.0
1
1
1.0
1
1
1.0
1
1
1.0
1
1
1.0
1.0
1.0
1.0
1.0
1.0
1.0
1
1.0
1
1
1.0
1
1.0
1
1
1.0
1
1
1.0
1
1
1.0
1
1
1
1.0
1
1
1.0
1
1
1.0
1
1
1.0
1
1
1.0
1
1
1.0
1
1.0
1
1
1.0
1
1
1.0
1
1.0
1
1
1
1.0
1
1
1.0
1
1
1.0
1
1
1.0
1.0
1
1.0253164556962024
1
1.0
1
1
1.0
1
1
1.017391304347826
1
1
1
1.0
1
1
1.0
1
1
1.0
1
1
1.0333333333333334
1
1
1.0
1.0
1.0
1.0
1.0129870129870129
1.0
1.0
1
1.0
1
1
1.013157894736842
1
1
1.0
1
1
1
1.0
1
1.0
1
1
1.0
1
1
1.0
1
1
1.0
1
1
1.0
1
1
1.0
1
1
1.0
1
1.0
1
1
1.0
1
1
1.0
1
1
1.0
1
1
1.0
1
1
1.0
1
1
1.0384615384615385
1.0
1
1.0
1.0454545454545454
1
1.04
1
1
1.0
1
1
1.0
1.0
1.0
1.0
1.0
1.0
1.0
1.0
1.0
1.0
1.0
1.0
1.0
1.0
1.0
1.0
1.0
1.0
1.0
1.0
1
1.0
1
1
1.0
1
1.0
1
1
1.0
1
1.0
1
1
1.0
1
1
1.0
1
1.0135135135135136
1
1
1.0
1
1
1.013157894736842
1
1
1.0
1
1
1.0
1
1
1.0277777777777777
1.0
1
1.054054054054054
1
1.0
1
1
1.0
1
1
1.0
1
1.0
1
1
1.0
1
1
1.0
1
1
1.0
1
1
1.0
1.0
1.0
1.0
1.0
1.0
1
1
1.0
1
1
1.0294117647058822
1
1
1.0
1
1
1.0
1
1
1.0
1
1
1.0
1
1
1.0
1
1
1.0119047619047619
1
1
1.0
1
1
1.0
1
1
1.0
1
1.0
1.025
1
1.0
1
1
1.0
1
1
1.0
1
1
1.0
1
1.0140845070422535
1
1
1.0
1
1.0
1
1
1.0
1
1
1.011764705882353
1
1
1
1.0
1.0
1
1.0
1.0277777777777777
1
1.0
1
1
1.0
1
1
1.0227272727272727
1
1
1.0
1
1.0
1.027027027027027
1
1.0256410256410255
1
1.0
1
1
1.0
1
1
1.0
1
1
1.0
1
1
1.0
1
1.0
1
1
1.0
1
1
1.0
1
1
1.0
1.0377358490566038
1
1.0
1
1.0
1
1
1.0
1.0
1
1.037037037037037
1
1.0
1
1
1.0
1
1
1.0
1
1
1
1.0
1
1
1
1.0
1
1
1.0
1
1
1.0125
1
1
1
1.0
1
1
1
1.0
1
1
1.0
1
1
1.0
1
1
1.0
1
1
1.0
1
1
1.0
1
1
1.0
1
1
1
1.0
1
1
1.0
1
1
1.0
1
1
1.0
1
1
1.0
1.0
1
1.0
1
1.0
1
1
1.0
1
1
1.0
1
1
1.0
1
1
1.0
1
1
1.0
1
1
1.0
1
1
1.0
1
1
1.0
1
1
1.0
1
1
1.0
1
1
1
1.0
1
1
1.0
1
1.0
1
1
1.0
1
1
1.0588235294117647
1
1
1
1
1
1.0
1
1
1.0
1
1
1.042857142857143
1
1
1
1.0
1
1
1.0
1
1
1
1.0
1
1
1
1.0
1
1.018181818181818
1
1
1.0277777777777777
1
1
1
1.0
1
1
1.0
1
1
1.0
1
1
1.0
1
1
1.0
1
1
1
1.0069444444444444
1
1
1.0
1
1
1.0
1
1
1.0
1
1
1.0
1
1
1.0
1
1
1.0
1
1.0
1
1
1.0
1.0
1
1.0067114093959733
1
1.0
1
1
1
1
1.0227272727272727
1
1
1.0
1
1
1.0
1
1
1.0
1
1
1.0
1
1
1
1.02
1
1
1.02
1
1
1.0
1.0
1
1.0
1
1
1.0
1
1.0129870129870129
1
1
1.0
1
1
1.0333333333333334
1
1
1
1
1.0
1
1
1.0
1
1
1.0
1
1
1.0
1
1
1.0
1
1
1.0
1
1
1.0
1
1
1.0
1
1
1.0
1
1
1.0
1
1
1.0294117647058822
1
1
1
1.0
1
1
1.0
1
1
1
1.0285714285714285
1
1
1
1.0388349514563107
1
1
1.0
1
1.0
1
1
1.0
1
1
1
1.0089285714285714
1
1
1.0
1
1
1.0
1
1
1
1.0
1
1.0
1
1
1.0
1
1
1.0
1.0
1.0
1.0
1.0
1
1.0
1
1
1.0
1
1
1.0
1
1
1.0
1
1
1
1.0
1
1
1
1.0
1
1
1.0
1
1
1.0
1
1
1
1
1.0
1
1
1.0
1
1
1.0
1
1
1.0
1
1
1.0
1
1
1
1.0
1
1
1.0
1.0
1.1354166666666667
1.0
1
1.0
1
1
1.0
1
1
1
1.0
1
1
1.037037037037037
1
1
1.0
1
1
1.0
1.0
1.0
1
1.0
1
1
1.0169491525423728
1
1
1.0
1
1
1
1.0
1
1
1.0
1
1
1
1
1
1.0
1.0
1.0
1.0
1.0
1.0
1.0
1.0
1.0
1.0
1.0
1.0
1.0
1
1
1
1.0
1
1
1.0
1
1
1
1.037037037037037
1
1
1.0
1
1
1.0
1
1
1.0
1
1
1.0
1
1
1
1.0
1
1
1
1.0158730158730158
1
1
1.0454545454545454
1.041237113402062
1.0508474576271187
1.0
1.1343283582089552
1.0
1.018181818181818
1.0
1.0
1.0350877192982457
1.1265822784810127
1.0163934426229508
1.0416666666666667
1.09375
1
1.0059171597633136
1
1
1.0227272727272727
1
1
1.0
1
1
1.037037037037037
1
1
1.0
1.0
1.0
1
1.0454545454545454
1
1
1.0
1.0
1.0
1
1.0
1
1
1.0
1
1
1.0
1
1
1.0
1
1
1.0
1
1
1.0
1
1
1.0
1
1
1.0
1
1
1
1
1.032258064516129
1
1
1.0
1
1
1
1.0
1
1
1.0
1
1
1.0
1.0
1
1.0
1
1
1
1.0
1
1
1.0
1
1
1.0
1
1
1.0
1
1
1
1.0
1
1
1.0
1
1
1.0508474576271187
1.0210526315789474
1
1.0
1.0
1
1.0
1
1.0
1
1
1.0
1
1
1.0
1
1
1.0
1
1
1.0
1
1
1.0
1
1
1.0
1
1
1.0
1
1
1.0
1
1
1.0
1
1
1.0
1
1
1.0
1
1
1.00990099009901
1
1
1.0408163265306123
1
1
1.0
1.0
1.0
1
1.0
1
1.0
1
1
1.0
1
1
1.0
1
1
1.0
1
1
1.016260162601626
1
1
1.0
1
1
1.0
1
1
1.0
1
1
1.0377358490566038
1.035294117647059
1
1.0147058823529411
1
1.0097087378640777
1
1
1
1.0232558139534884
1
1
1.0
1
1
1.0185185185185186
1
1
1.044776119402985
1
1
1.0327868852459017
1
1
1.0
1
1
1.0
1
1
1.0
1
1
1.0113636363636365
1
1
1.0
1
1
1.0256410256410255
1
1
1.1025641025641026
1
1
1.0
1.0
1.0857142857142856
1
1.0
1.0
1.0
1.0
1
1.0
1
1
1.0
1.0
1.0
1.0
1.0
1
1.0142857142857142
1
1
1.0454545454545454
1.0
1.0
1.0561797752808988
1.0377358490566038
1.032258064516129
1
1.0
1
1
1.0
1
1
1.135135135135135
1
1
1.0
1
1
1.0
1
1
1.0
1
1
1.0
1
1
1.0
1
1
1.0
1.0
1
1.0
1.0
1.0
1
1.0
1.0
1
1.0
1
1
1.0
1
1
1.0
1
1
1.0
1
1
1.0
1
1
1.0
1
1.0
1
1
1.0
1
1
1.0
1
1
1.0
1
1
1.0
1
1
1.0
1
1
1.0113636363636365
1
1
1.0151515151515151
1
1
1.0
1
1
1.0
1
1
1.0
1
1
1.0
1
1
1.0
1
1
1.0
1
1
1.0298507462686568
1
1
1.0121951219512195
1
1
1.0
1
1
1.0147058823529411
1
1
1.0
1
1
1.0
1
1
1.0
1
1
1.0
1
1
1.0
1
1
1.015625
1.0416666666666667
1
1.0357142857142858
1.010989010989011
1.0287769784172662
1.0161290322580645
1
1.0408163265306123
1
1
1.013157894736842
1.108695652173913
1.0491803278688525
1.0434782608695652
1.0
1.0526315789473684
1
1.0
1
1
1.0508474576271187
1
1
1.0105263157894737
1
1
1.0
1
1
1.0714285714285714
1
1
1.0
1
1
1.0
1
1
1.0224719101123596
1
1
1.0
1.0075187969924813
1
1.0
1
1.0112359550561798
1
1
1
1.0
1
1
1.04
1
1
1.010752688172043
1
1
1.013157894736842
1
1
1.0
1
1
1.0
1
1
1.0
1
1
1.0
1
1
1.0188679245283019
1
1
1.0
1
1
1.0
1
1
1.1666666666666667
1
1
1.0
1
1
1.0
1
1
1.0
1
1
1.0
1
1
1.0
1
1
1.0285714285714285
1
1
1.0129870129870129
1
1
1.0333333333333334
1
1
1.0
1
1
1.0416666666666667
1
1
1.0
1.0123456790123457
1.0277777777777777
1
1.0
1.0
1.0
1.0
1.0
1.0
1.0
1.0
1.0
1.0
1.0
1.0
1.0
1.0
1.0
1.0
1.0
1.0
1.0
1.0
1.0
1.0
1.0
1.0
1.0
1.0
1.0
1.0
1.0
1.0
1.0
1.0
1.0
1.0
1.0
1.0
1.0
1.0
1.0
1.0
1.0
1.0
1.0
1.0
1.0
1.0
1.0
1.0
1.0
1.0
1.0
1.0
1.0
1.0
1.0
1.0
1.0
1.0
1.0
1.0
1.0
1.0
1.0
1.0
1.0
1
1.0
1
1
1
1.0
1
1.0
1
1
1.0459770114942528
1
1
1.0
1
1
1.0
1
1
1.0
1
1
1.0
1
1
1.0
1
1
1.0
1
1
1.0
1
1
1.0188679245283019
1
1
1.0
1
1
1.0
1.0
1.0
1.0
1.0
1.0
1.0
1.0
1.0
1
1.0
1.0
1.0
1.0
1
1.0
1
1
1.0
1.0
1.0
1.0
1
1.0
1
1
1.0
1
1
1.0
1
1
1.0
1.0
1
1.0
1
1.0
1
1
1.0350877192982457
1.0
1
1
1.0
1
1
1.0
1
1
1.0256410256410255
1
1
1.0
1
1
1.0
1
1
1.0
1
1
1.0
1
1
1.0
1
1
1.0
1
1
1.0
1
1
1.0
1
1
1.0
1.0
1.0
1
1.0
1
1
1.0
1
1
1.0
1
1
1.0
1
1
1.0344827586206897
1
1
1.0
1
1
1.0
1
1
1.0
1
1
1.0
1
1
1.0
1.0
1
1.0
1
1
1.0
1.0
1.0
1
1.0
1
1
1.0
1
1
1.0
1
1
1.0
1
1
1.0256410256410255
1.0
1.0
1.0
1
1.0061728395061729
1
1
1.024390243902439
1
1.0
1
1
1
1.0
1
1
1.0
1
1
1.0
1
1
1.0
1
1.0
1
1
1.0
1
1
1
1.0
1
1
1.0
1
1
1.0
1
1
1.0
1
1
1.0
1
1
1.0
1
1
1.0
1
1
1.0
1
1
1.0
1
1
1.0169491525423728
1
1
1.0303030303030303
1
1
1.0128205128205128
1
1
1.025
1
1
1.0357142857142858
1
1
1.0
1
1
1.0336134453781514
1
1
1.0208333333333333
1
1
1.0
1
1
1.0273972602739727
1
1
1.025
1
1
1.0804597701149425
1
1
1.0
1
1
1.0
1
1
1.0
1
1
1.0
1
1
1.0
1
1
1.0
1
1
1.0
1
1
1.0
1
1
1.0
1
1
1.0
1
1
1
1.0
1
1
1.2
1
1
1.0
1
1
1.0073529411764706
1
1
1.0
1
1
1.0
1
1
1.0
1.0
1
1.0810810810810811
1.0344827586206897
1.0
1
1.0357142857142858
1.0
1
1.0
1.0
1
1.0128205128205128
1
1.0
1
1
1
1.0
1
1
1.0
1
1
1.0
1
1
1.0155440414507773
1
1
1.0
1
1
1.0144927536231885
1
1
1.0
1
1
1.0
1
1
1.0
1
1
1.0
1
1
1.0
1
1
1.0
1
1
1.0294117647058822
1
1
1.0
1
1
1.027027027027027
1
1
1.0
1
1
1.0
1
1
1.0
1
1
1.0104166666666667
1
1
1.0
1
1
1.0
1
1
1.0
1
1
1.0
1
1
1.0
1
1
1.0232558139534884
1
1
1.0
1
1
1.0
1
1
1.0
1
1
1
1.0136986301369864
1
1
1
1.0273972602739727
1
1
1.0
1
1
1.0
1
1
1
1.0140845070422535
1
1
1.0317460317460316
1
1
1.0
1
1
1.0666666666666667
1
1
1.0
1
1
1.0217391304347827
1
1
1.0833333333333333
1
1
1.0
1
1
1.0
1
1
1.0
1
1
1.0
1
1
1.0
1
1
1.0
1
1
1.0
1
1
1.0
1
1
1.0
1
1
1.0
1
1
1.0
1
1
1.0
1
1
1.0
1
1
1.0
1
1
1.0
1
1
1.0
1
1
1.0
1
1
1.0
1
1
1.0
1
1
1.0
1
1
1.0
1
1
1.037037037037037
1
1
1.0
1
1
1.0
1
1
1.0
1.0
1.0
1.0
1.0
1.0
1
1.0
1
1
1.0
1
1
1.0158730158730158
1
1
1.0
1.0
1
1.0
1
1.0714285714285714
1
1
1.0
1
1
1
1.0
1
1
1.0
1
1
1.0
1
1
1.0
1.0949367088607596
1
1.0
1
1.0512820512820513
1
1
1.0952380952380953
1
1
1.024390243902439
1
1
1
1.0217391304347827
1
1
1.0612244897959184
1
1
1.0
1
1
1.0
1
1
1.0
1
1
1.0
1
1
1.0
1
1
1.0
1
1
1.0
1
1
1.0
1.0
1.0
1.0
1
1.0344827586206897
1.0294117647058822
1.0161290322580645
1.0
1.0121951219512195
1.0
1.084507042253521
1.0327868852459017
1
1.0151515151515151
1
1.0
1
1
1.0
1
1
1.0
1
1
1.0
1
1
1.0
1
1
1.0
1
1
1.0
1
1
1.0
1
1
1.0
1
1
1.0
1
1
1.0
1
1
1.0
1
1
1.0
1.0
1
1.0
1
1.0
1
1
1.0
1
1.0
1
1
1.0
1
1
1.0
1
1
1.0
1
1
1.0
1
1
1.0
1
1
1.0
1
1
1.0
1
1
1.0
1
1
1.0
1
1
1.0
1
1
1.0
1
1
1.0
1.0
1
1.0
1
1.0
1
1
1.0
1
1
1.0
1
1
1.0
1
1
1.0
1
1
1.0
1
1
1.0
1
1
1.0
1
1
1.0
1
1
1.0
1
1
1.0
1
1
1.0
1
1
1.0
1
1
1
1.0
1
1
1.0
1
1
1.0
1
1
1.0
1
1
1.0
1.0
1.0
1
1
1.0
1
1
1.0
1
1
1.0
1.0
1
1.44
1
1
1.0
1
1
1.0
1
1
1.0
1
1
1.0
1
1
1.0
1
1
1.0
1
1
1.0
1
1
1.0
1
1
1.0
1
1
1.0
1
1
1.0
1
1
1.0
1
1
1.0
1
1
1.0
1
1
1.0
1
1
1.0
1
1
1.0
1
1
1.0
1
1
1.0
1
1.0
1
1.0
1
1
1.0
1
1
1.0
1
1
1.0
1
1
1.0232558139534884
1
1
1.0
1
1
1.0
1
1
1.0
1
1
1.0
1
1
1.0
1
1
1.0
1
1
1.0
1.0
1.0
1
1.0
1.0
1
1.0
1
1
1.0
1.0
1
1.1666666666666667
1
1.0086206896551724
1
1
1.011764705882353
1
1
1.0
1.0
1.0
1
1.0
1.0
1.0
1.0
1.0
1.0
1.0
1.0
1.0
1.0
1
1.0
1
1
1.0
1
1
1.0
1
1
1.0
1
1.0
1
1.0
1
1
1.0
1
1
1.0
1
1
1.0
1
1
1.0
1
1
1.0
1.0125
1
1.0149253731343284
1
1.0
1
1
1.0178571428571428
1
1
1.0
1
1
1.0
1
1
1.03125
1.0
1
1.0
1.0666666666666667
1
1.0266666666666666
1
1
1.0
1
1
1.0425531914893618
1
1
1.030612244897959
1.0
1.025
1
1.0
1
1
1.0
1
1
1
1.018181818181818
1
1
1.0
1
1
1.0
1
1
1.0
1
1
1.0
1
1
1.0196078431372548
1
1
1.0104166666666667
1
1
1.0
1
1
1.03125
1
1
1.0
1
1
1.0
1
1
1.0
1
1
1.0476190476190477
1
1
1.0
1
1
1.0
1
1
1.0
1
1
1.0
1
1
1.0
1
1
1.0
1
1
1.0
1
1
1.0
1
1
1.0
1
1
1.0
1
1
1.0
1
1
1.0
1
1
1.0
1
1
1.0
1
1
1.0
1
1
1.0
1
1
1.0151515151515151
1
1
1.0
1.0
1
1.0151515151515151
1
1.0
1.0
1.0
1
1.0
1.0
1.0
1.0
1.0
1
1.0
1
1
1.0
1
1
1.0
1
1
1.0
1
1
1.0
1
1
1.0
1
1
1.0
1
1
1.0
1.0
1.0
1
1.0
1
1
1.0
1
1
1.0
1
1
1.0
1
1
1.0
1
1
1.0
1
1
1.0
1
1
1.0
1
1
1.0
1
1
1.0
1
1
1.0
1.0
1
1.0
1
1
1.0
1
1
1.0
1
1
1
1.0
1
1
1.01
1
1
1.0
1
1
1.0
1
1
1.0
1
1
1.0
1
1
1.0416666666666667
1.0
1
1.04
1
1.0
1
1
1.037037037037037
1
1
1
1.04
1
1
1.0
1
1
1.0
1
1
1.1818181818181819
1
1
1.0
1
1
1.0297029702970297
1
1
1.0
1
1
1.0
1
1
1.0
1
1
1.0
1
1
1.0119047619047619
1
1
1.0
1
1
1.0273972602739727
1
1
1.0169491525423728
1
1
1.0147058823529411
1
1
1.0
1
1
1.0153846153846153
1
1
1.0113636363636365
1
1
1.0149253731343284
1
1
1.0
1
1
1.0
1
1
1.0
1
1
1.0
1
1
1.0
1
1
1.0
1
1
1.0
1
1
1.0357142857142858
1
1
1.0266666666666666
1
1
1.0
1
1
1.0
1
1
1.0333333333333334
1
1
1.0
1
1
1.0
1
1
1.0
1
1
1.0422535211267605
1
1
1.0
1
1
1.0
1
1
1.0
1
1
1.0
1.0193548387096774
1
1.03
1.0
1.0
1.0
1.0
1.0
1.0476190476190477
1
1.0491803278688525
1.0344827586206897
1.00990099009901
1
1.0136986301369864
1
1
1.031496062992126
1
1
1.011764705882353
1
1
1.0263157894736843
1
1
1.0
1
1
1.0229885057471264
1
1
1.0
1
1.009090909090909
1
1
1.0120481927710843
1
1
1.0
1
1
1.0
1
1
1.0
1
1
1.0
1
1
1.0350877192982457
1.0
1
1.0
1
1.0
1
1
1.0
1
1
1.0
1
1
1.0
1
1
1.1666666666666667
1
1
1.0
1
1
1
1.0
1
1
1.0
1
1
1.0
1
1
1.0
1
1
1.0
1
1
1.0
1
1
1.0
1
1
1.0
1
1
1.0238095238095237
1
1
1.0
1
1
1.0123456790123457
1
1
1.0
1
1
1.0333333333333334
1
1
1.0
1.1666666666666667
1
1.0
1
1
1.1
1
1
1.0
1
1
1.0
1
1
1.0
1
1
1.0333333333333334
1
1
1.0222222222222221
1
1
1.0
1
1
1.018181818181818
1
1
1.0357142857142858
1
1
1.0
1
1
1.0
1
1
1.0
1
1
1.0204081632653061
1
1
1.0
1
1
1.0
1
1
1.0
1
1
1.0147058823529411
1
1
1.025
1
1
1.0
1
1
1.0
1
1
1.0
1
1
1.0277777777777777
1.0
1
1.0
1
1.0
1
1
1
1.0168067226890756
1
1
1.0
1
1
1.0
1
1
1.0
1
1
1.0
1
1
1.0188679245283019
1
1
1.037037037037037
1
1
1.152
1.1077844311377245
1.1428571428571428
1.0458715596330275
1.0810810810810811
1.176923076923077
1.0
1.0120481927710843
1.0206185567010309
1
1.0222222222222221
1.0
1.0
1.0
1.1590909090909092
1.1428571428571428
1
1.0390625
1.0098039215686274
1.072992700729927
1.0
1.0085470085470085
1.0171673819742488
1.1216216216216217
1.015267175572519
1.0097087378640777
1.1081081081081081
1.0307692307692307
1.0098039215686274
1
1.0551724137931036
1.0
1
1.027027027027027
1.0267857142857142
1.043010752688172
1.074074074074074
1.0
1.0588235294117647
1.0208333333333333
1
1.0517241379310345
1
1.0060975609756098
1
1
1.041237113402062
1.0555555555555556
1.0151515151515151
1.0
1
1.0
1.0454545454545454
1
1.1221374045801527
1
1.0617283950617284
1
1.0
1.0
1.0
1.0
1.0
1.0
1
1.0
1
1
1.0
1
1
1.0
1
1
1.0
1
1
1.0
1.0098039215686274
1
1.0
1
1.0
1
1
1.0
1
1
1.0
1
1
1
1.0097087378640777
1
1
1.0
1
1
1.0625
1
1
1.032
1
1
1.0078125
1.0
1.021978021978022
1
1.0
1
1.0666666666666667
1.0
1
1.0576923076923077
1
1.0256410256410255
1
1
1.0
1
1
1.037037037037037
1
1
1.0
1
1
1.05
1
1
1.0
1
1
1.0
1
1
1.0
1
1
1.0
1
1
1.0210526315789474
1
1
1.0307692307692307
1
1
1.027027027027027
1
1
1.0125
1
1
1.024390243902439
1
1
1.0434782608695652
1
1
1.0416666666666667
1
1
1.0384615384615385
1
1
1.0
1
1
1.0256410256410255
1
1
1.0481927710843373
1
1
1.032258064516129
1
1
1.025
1
1
1.0
1
1
1.0120481927710843
1.0
1.0246913580246915
1
1.0
1.0104166666666667
1.0
1.0
1.0149253731343284
1
1.0238095238095237
1
1
1
1.0
1
1
1.0344827586206897
1
1.0133333333333334
1.027027027027027
1
1.0285714285714285
1.0
1.0082644628099173
1.0
1.0
1.0
1.0
1.0
1.0121951219512195
1.0
1
1.0
1
1
1.0120481927710843
1.0238095238095237
1.0
1
1.0212765957446808
1
1
1.0289855072463767
1
1
1.0
1
1
1.0147058823529411
1
1
1.0
1
1
1.0
1
1
1.0138888888888888
1
1
1.0416666666666667
1
1
1.0
1
1
1.0
1
1
1.0714285714285714
1
1
1.0
1
1
1.0
1
1
1.0
1
1
1.0
1
1
1.0
1
1
1.0
1
1
1.0
1
1
1.0
1
1
1.0
1
1
1.0
1
1
1.0
1
1
1.0
1
1
1.0
1
1
1.0
1
1
1.0
1
1
1.0
1
1
1.0
1
1
1.0
1
1
1.0
1
1
1.0
1
1
1.0
1
1
1.0
1
1
1.0
1
1
1.0113636363636365
1.0140845070422535
1
1.0
1
1.0121951219512195
1
1
1
1.0
1
1
1.0
1
1
1.0
1
1
1.0
1
1
1.0
1
1
1.0
1
1
1.0
1
1
1.0
1
1
1.0
1
1
1.0
1
1
1.0
1
1
1.0
1
1
1.0
1.0
1
1.0
1
1.0
1
1
1
1.0
1
1
1.0
1
1
1.0
1
1
1.0
1
1
1.0
1
1
1.0
1
1
1.0
1
1
1.0
1
1
1.0
1
1
1.0
1
1
1.0
1
1
1.0
1
1
1.0232558139534884
1
1
1.0555555555555556
1
1
1.0
1
1
1.0
1.0
1
1.0
1
1.0121951219512195
1
1
1.0
1
1
1.0
1
1
1.0192307692307692
1
1
1.0121951219512195
1.0
1
1.0
1
1
1.0196078431372548
1
1
1.0
1
1
1
1.0289855072463767
1
1.0
1.0
1.069767441860465
1.0
1.0192307692307692
1.0232558139534884
1.0
1.03125
1.0
1.0
1.0
1.0
1.0333333333333334
1.0277777777777777
1.0
1.0
1.0161290322580645
1
1.0
1
1
1.0227272727272727
1
1
1.0
1
1
1.027027027027027
1
1
1.0
1
1
1.0
1
1
1.0
1
1
1.0
1
1
1.0
1
1
1.032258064516129
1
1
1.0606060606060606
1
1
1.0
1
1
1.0
1
1
1.0
1
1
1.0
1
1
1.0
1
1.0
1.0
1
1.0
1
1
1.0232558139534884
1
1
1.0
1
1
1.0
1
1
1.0
1
1
1.0
1.0611111111111111
1
1.0
1
1.0
1
1
1.0
1.0
1
1.0
1
1
1
1.0
1
1
1.0
1.0
1.0
1
1.0
1
1.0
1
1.0
1
1
1.0
1
1
1
1.0410958904109588
1
1
1.0714285714285714
1
1
1.0
1
1
1.0063694267515924
1
1
1.0
1
1
1.0
1
1
1.0
1
1
1.04
1
1
1.0
1
1
1.0
1
1
1.0
1.0
1
1.0
1.0
1.0
1.0
1.0
1.0
1.0
1.0
1.0
1.0
1.0
1.0
1.0
1.0
1.0
1.0
1.0
1.0
1.0
1.0
1.0
1.0
1.0
1.0
1.0
1.0
1.0
1.0
1.0
1.0
1.0
1.0
1.0
1.0
1.0
1
1.0
1
1.0
1
1
1.0
1
1
1.0
1
1
1.0
1
1
1.0
1
1
1.0
1
1
1.0
1
1
1.0
1
1
1.0
1
1
1.0
1
1
1.0285714285714285
1
1
1.0434782608695652
1
1
1.025
1
1
1.0857142857142856
1
1
1.0
1
1
1.0
1
1
1.011764705882353
1
1
1.0
1
1
1.0573770491803278
1
1
1.0
1
1
1.0
1
1
1.0
1
1
1.0166666666666666
1
1
1.0
1
1
1.0
1
1
1.0
1
1
1.0
1
1
1.0
1
1
1.0
1.0
1
1.0666666666666667
1
1.0
1.0
1.0
1
1.0227272727272727
1
1
1.0
1
1.0
1
1
1
1.0
1
1
1.0175438596491229
1
1
1.0
1
1
1.0621761658031088
1
1
1.0
1
1
1.1666666666666667
1
1
1.0
1
1
1.0
1
1
1.0333333333333334
1
1
1.032258064516129
1
1
1.0
1
1
1.0
1
1
1.0357142857142858
1
1
1.0
1
1
1.0
1
1
1.0
1.0
1.0
1.0
1.0
1
1.0
1.0
1.0
1.0
1.0
1.0
1
1.0
1
1
1.0
1
1
1.0
1
1
1.0172413793103448
1
1
1
1.0
1
1
1.0
1
1
1.0
1
1
1.0
1
1
1.0
1.0
1
1.010989010989011
1
1
1.0
1
1
1.0
1
1
1.1428571428571428
1
1
1.0
1
1
1.0
1
1
1.0240963855421688
1
1
1.0
1
1
1.0
1
1
1.0
1
1
1.0
1
1
1.0294117647058822
1
1
1.0135135135135136
1
1
1.0
1
1
1.0
1
1.0
1
1
1.0
1
1
1
1.0
1
1
1.0
1
1
1.0
1
1
1.0
1
1
1.0
1
1
1.0459770114942528
1
1
1.0198019801980198
1
1
1.0
1
1
1.0
1
1
1.0
1
1
1.0254237288135593
1
1
1
1.0
1
1
1.02803738317757
1
1
1.0
1
1
1.0
1
1
1.054263565891473
1
1
1.0092592592592593
1
1.0208333333333333
1
1.0
1.0606060606060606
1.0
1
1.0
1.0
1
1
1.0
1
1
1
1.0
1
1
1.0
1
1
1.0101010101010102
1
1
1.0238095238095237
1
1
1.0263157894736843
1
1
1.0
1
1
1.0
1
1
1.0
1
1
1.0
1
1
1.0
1
1
1.0
1
1
1.0561797752808988
1.0129870129870129
1
1.0534351145038168
1
1.0
1
1
1.0
1
1
1
1.0625
1
1
1.0
1
1
1.0
1
1
1.0
1
1
1.0
1
1
1.0
1
1
1.0
1
1
1.0
1
1
1.0
1
1
1.0
1
1
1.0
1
1
1.0
1
1
1.0
1
1
1.0
1
1
1.0
1
1
1.0
1
1
1.0
1
1
1.0
1
1
1.0
1
1
1.0
1
1
1.0
1
1
1.0
1
1
1.0
1
1
1.0
1
1
1.0
1
1
1.0
1
1
1.0
1
1
1.0
1
1
1.0
1
1
1.0
1
1
1.0
1
1
1.0
1
1
1.0
1.0
1
1.0
1.0
1
1.0
1
1
1.0
1
1
1.0
1
1
1.0
1
1
1.0
1
1
1.0
1
1
1.0
1
1
1.0
1
1
1.0
1
1
1.0
1
1
1.0
1
1
1.0
1
1
1.0
1
1
1.0
1
1
1.0
1
1
1.0
1
1
1.0
1
1
1.0
1
1
1.0
1
1
1.0
1
1
1.0
1
1
1.0
1
1
1.0
1
1
1.0
1
1
1.0
1
1
1.0
1
1
1.0
1
1
1.0
1
1
1.0
1
1
1.0
1
1
1.0
1
1
1.0
1
1
1.0
1
1
1.0
1
1
1.0
1
1
1.0
1
1.0
1
1
1.0
1
1
1.0
1
1
1.0
1
1
1.0
1
1
1.0
1
1
1.0
1
1
1.0
1
1
1.0
1
1
1.0
1
1
1.0123456790123457
1
1
1.037037037037037
1
1
1.0
1
1
1.0
1
1
1.02
1
1
1.0080645161290323
1
1
1.0149253731343284
1
1
1.0
1
1
1.0576923076923077
1
1
1.0
1
1
1.0
1
1
1.0
1
1
1.0
1
1
1.0480769230769231
1
1
1.0
1
1
1.0
1
1
1.0
1
1
1.0166666666666666
1
1
1.0
1
1
1.0
1.1076923076923078
1.0945945945945945
1.0
1.136094674556213
1.072289156626506
1.0975609756097562
1.1121495327102804
1.0
1.0517241379310345
1.0363636363636364
1.1538461538461537
1.1263157894736842
1.1
1.0
1.0
1.0
1.0952380952380953
1.1181818181818182
1.1121495327102804
1.0
1
1.0
1.0
1.0
1.0
1.0
1
1.0224719101123596
1
1
1.0465116279069768
1
1
1.0
1
1
1.0
1
1
1.032258064516129
1
1
1.0
1
1
1.0476190476190477
1
1
1.04
1
1
1.0422535211267605
1
1
1.3333333333333333
1
1
1.0
1
1
1.0
1
1
1.0394736842105263
1
1
1.0
1
1
1.0
1
1
1.0
1
1
1.0
1
1
1.0
1
1
1.0
1
1
1.0
1
1
1.0
1
1
1.0
1
1
1.024390243902439
1
1
1.0333333333333334
1
1
1.0
1
1
1.0
1
1
1.0
1
1
1.0
1
1
1.0
1
1
1.0
1
1
1.0517241379310345
1
1
1.024390243902439
1
1
1.0
1
1
1.0
1
1
1.0
1
1
1.0
1
1
1.0
1
1
1.0
1
1
1.0
1
1
1.0
1
1
1.0
1
1
1.0
1
1
1.0
1
1
1.0
1
1
1
1.0
1
1
1.0
1
1
1.0
1
1
1.0222222222222221
1
1
1
1.0
1
1
1.0
1
1
1.0
1
1
1.0
1
1
1.009433962264151
1
1
1.0
1
1
1.0
1
1
1.0444444444444445
1
1
1
1.05
1
1
1.0
1
1
1.0
1
1
1.0
1.0
1.0
1.0
1.0
1.0
1.0
1.0
1.0
1.0
1.0
1.0
1.0
1.0
1.0
1.0
1.0
1.0
1.0
1.0
1.0
1.0
1.0
1.0
1.0
1
1.0
1.0
1.0
1
1.0
1
1
1.0
1
1
1.0
1
1
1.0
1
1
1.0
1
1
1.0
1.0151515151515151
1
1.0
1
1
1.0
1
1
1.0
1
1
1.0
1
1
1.0
1.0
1
1.0
1.0
1.0
1
1.0614035087719298
1
1.0
1
1
1.0
1
1
1.0
1
1
1.0
1
1
1.0
1
1
1.02
1
1.0224719101123596
1.018181818181818
1.0
1
1.0
1
1
1.0
1
1.0
1
1
1.0
1
1
1.0
1
1
1.0
1.0
1.0
1.0
1.0
1.0
1.0
1.0
1
1.0
1
1
1.0
1
1
1.0
1
1
1
1.0
1
1
1.0
1
1
1.0125
1
1.0
1
1
1.0303030303030303
1
1.0
1
1
1.0
1.0
1
1.0
1.0
1
1.0
1
1.0
1.0
1.0
1
1.0
1.0
1
1.0196078431372548
1.0
1
1
1
1.0
1
1
1.0
1
1
1
1.0
1
1
1.0188679245283019
1
1.0
1
1.0
1
1
1
1.0
1.06
1
1.0196078431372548
1
1.0
1
1
1.0
1
1.0
1.0888888888888888
1.1020408163265305
1.0
1.0
1
1.0
1
1
1
1
1.0
1
1.0
1
1
1.0
1
1
1.0
1
1
1.0303030303030303
1.0
1
1.0
1
1
1
1.0
1
1.0
1
1
1.0
1
1
1.0
1
1
1.0
1
1
1.0
1
1
1
1
1.0
1
1
1.0
1
1
1.0
1
1
1.0
1
1
1.0
1
1
1.0
1
1
1.0
1
1
1.0
1
1
1.017094017094017
1
1
1.0
1
1
1.0
1
1
1.0
1
1
1.0
1
1
1.0263157894736843
1.0344827586206897
1.0
1.0289855072463767
1
1.0526315789473684
1
1.0
1.0
1
1.0136986301369864
1
1
1.0
1
1
1.0
1
1
1
1.02803738317757
1
1
1.0
1
1
1.0
1.0
1.040650406504065
1
1.0
1
1
1.0078125
1
1
1.0
1
1
1.0086206896551724
1
1
1.010204081632653
1
1
1.0
1
1.0138888888888888
1
1
1
1.0
1
1.0
1
1
1.0
1
1
1.0129870129870129
1
1
1.0
1
1
1.0
1
1
1.0
1
1
1.0083333333333333
1
1
1.0076335877862594
1
1
1.0
1
1
1.0
1
1
1.0142857142857142
1
1
1.0285714285714285
1
1
1.0
1
1
1
1.0
1
1
1.0
1.0
1
1.0
1
1.0158730158730158
1
1
1
1.0166666666666666
1
1
1
1.0
1
1
1.0
1
1
1.0
1
1
1.0
1.0196078431372548
1
1.0
1.0
1.0
1
1.0
1
1
1.0095238095238095
1
1
1.0388349514563107
1
1
1.0263157894736843
1
1.0
1
1
1.0
1
1
1.03125
1
1
1.0
1
1
1.037037037037037
1
1
1.0
1
1
1.0
1
1
1.123076923076923
1
1
1.0
1
1
1.0
1
1
1.0
1
1
1.0
1
1
1.0
1
1
1.0
1
1
1.0
1
1
1.0
1
1
1.0
1
1
1.0
1
1
1.0
1
1
1.0
1
1
1.0
1
1
1.0285714285714285
1
1
1.0689655172413792
1
1
1.0
1
1
1.0
1
1
1.0
1
1
1.0303030303030303
1
1
1.0
1
1
1.0084033613445378
1
1
1.0
1
1
1.0
1
1
1.0
1
1
1.0
1.125
1
1.0
1
1.0
1
1
1.0112359550561798
1
1
1.0
1
1
1.0104166666666667
1
1
1.0
1
1
1.0
1
1
1.0
1
1
1.0
1
1
1.0138888888888888
1
1
1.0517241379310345
1
1
1.0
1
1
1.03125
1
1
1.0106382978723405
1
1
1.0161290322580645
1
1
1
1.0
1
1
1.0
1
1
1.0
1
1
1.0
1.0217391304347827
1
1.0
1
1.0
1
1
1.0
1
1
1.0
1
1
1.0232558139534884
1
1
1
1.010752688172043
1
1
1.0
1
1
1.0
1.0166666666666666
1
1.0
1
1.0
1
1
1
1
1.0
1
1
1.0
1
1
1.015625
1
1
1.0
1
1
1.0186915887850467
1.0
1
1.0
1
1.0
1
1
1
1.0
1
1
1.0
1
1
1.0128205128205128
1
1
1.0072463768115942
1
1
1.0
1
1
1.0
1
1
1.0
1
1
1.0
1.0
1
1.0
1
1
1.0
1
1
1.0
1
1
1.0588235294117647
1.0
1.0
1.0238095238095237
1
1.0476190476190477
1
1.0175438596491229
1
1
1.0404040404040404
1
1
1.0333333333333334
1
1.0
1
1
1.0
1
1
1.0166666666666666
1
1
1.0
1
1
1.0
1
1
1.0
1
1
1.011111111111111
1
1
1.0133333333333334
1
1
1
1.006896551724138
1
1
1.0
1
1
1.0
1
1
1.008130081300813
1.0
1.0
1
1.025974025974026
1
1.0
1.0
1
1.0
1
1.0833333333333333
1
1.0
1
1
1.0
1
1
1.0
1
1
1
1.0
1
1
1
1.0
1
1
1.0
1
1
1.0
1
1
1.0
1
1
1
1
1
1
1
1
1.0
1
1
1.0238095238095237
1
1
1.0576923076923077
1
1
1.0495049504950495
1
1
1.0166666666666666
1
1
1.0172413793103448
1
1
1.0147058823529411
1
1
1.0
1
1
1.0
1
1
1.0
1
1
1.0
1
1
1.0
1
1
1.0
1
1
1.0
1
1.0
1
1.0
1
1
1.0
1
1
1.0
1
1
1.0
1.0
1.0
1
1
1.0
1
1.0
1.0
1
1.0
1
1.0
1
1
1
1.0
1
1
1.0
1.0
1
1.0
1
1
1
1
1.0
1
1
1.0
1
1
1.0
1
1
1.0
1
1
1.0526315789473684
1
1
1.0465116279069768
1
1
1.015625
1
1
1.0
1
1
1.0
1
1
1.0
1
1
1.02020202020202
1
1
1.125
1
1
1.0
1
1
1.0
1
1
1.0
1
1
1.0
1
1
1.024390243902439
1
1
1.0192307692307692
1
1
1.0533333333333332
1
1
1.0
1
1
1.0
1
1
1.0153846153846153
1
1
1.0
1
1
1.0
1
1
1.0
1
1
1.0
1
1
1.0
1
1
1.0
1
1
1.0
1
1
1.0
1
1
1.0
1
1
1.0
1
1
1.0
1
1
1.0
1
1
1.0
1
1
1.0
1
1
1.0
1
1
1.0116279069767442
1
1
1.0
1.017094017094017
1
1.0
1.0
1
1.0
1.0
1
1.0263157894736843
1
1
1.0
1
1
1.0158730158730158
1
1.0
1
1
1.00990099009901
1
1
1.0246913580246915
1
1
1.0
1
1
1.0
1
1
1.0
1
1
1.0
1
1
1.0
1
1
1.0
1
1
1.0
1
1
1.0
1
1
1.0
1
1
1.0
1
1
1.0
1
1
1.0
1
1
1.0
1
1
1.0
1
1
1.0
1
1
1.0
1
1
1.0
1
1
1.0
1
1
1.0
1
1
1.0
1
1
1.0
1
1
1.0
1
1
1.0
1
1
1.0
1
1
1.0
1
1
1.0
1
1
1.0
1
1
1.0
1
1
1.0
1
1
1.0
1
1
1.0
1
1
1.0
1
1
1.0
1
1.0
1.0
1.0
1
1.0136986301369864
1
1
1.0123456790123457
1
1
1.0355029585798816
1
1
1.0
1
1
1.0147058823529411
1
1
1.0
1
1
1.0144927536231885
1
1
1.0176991150442478
1
1
1.0
1
1
1.0
1
1
1.0
1.0
1
1.0
1.0
1
1.0
1
1.02
1
1
1.0
1
1
1.0
1
1
1.0
1
1
1.0232558139534884
1.0405405405405406
1.0
1.0
1.0
1.024390243902439
1
1.0
1.0
1
1.054054054054054
1
1.0
1
1
1.0454545454545454
1.0333333333333334
1.0169491525423728
1.0
1
1.1
1
1
1
1.0
1
1.0
1
1
1.037037037037037
1.0
1.0363636363636364
1.0
1.0
1.0
1.0285714285714285
1
1
1
1.0
1
1
1.0
1
1
1.0
1.0384615384615385
1
1.0
1
1
1.0
1
1
1.0
1
1.0
1
1
1.0285714285714285
1
1
1.0384615384615385
1
1
1.064748201438849
1
1
1
1.0147058823529411
1
1
1.0
1
1
1.0
1
1
1.0
1
1
1.0
1
1
1.0
1.0
1.0
1
1.0434782608695652
1.0298507462686568
1
1.0
1
1
1.0
1
1.0
1
1
1
1.0760869565217392
1
1
1.0175438596491229
1
1
1.0
1
1
1.0136986301369864
1
1
1.0357142857142858
1
1
1.0
1
1
1.0458015267175573
1
1
1
1.0
1
1
1.0
1
1
1.0
1
1
1.0
1
1
1
1.0
1
1
1.0
1
1
1.0
1
1
1.0
1
1
1.0
1
1
1.0
1
1
1.0
1
1
1.0
1
1
1.0
1
1
1.0
1
1
1.0
1
1
1.0
1
1
1.0
1
1
1.0
1
1
1.0
1
1
1.0333333333333334
1
1
1.0365853658536586
1
1
1.0
1
1
1.0
1
1
1.0
1
1
1.0
1
1
1.0
1
1
1.0
1
1
1.0
1
1
1.0
1
1
1.0
1
1
1.0
1
1
1.0
1
1
1.0
1
1
1.0
1
1
1.024390243902439
1
1
1.0092592592592593
1
1
1.0178571428571428
1
1
1.028169014084507
1
1
1.0
1
1
1.0
1
1
1.074074074074074
1
1
1.0
1
1
1.0
1
1
1.0
1
1
1.0263157894736843
1
1
1.0
1
1
1.0
1.0441176470588236
1
1.0
1
1
1.0
1
1
1.0
1
1
1.0108695652173914
1
1
1.0421052631578946
1
1
1.0
1
1
1.0291970802919708
1
1
1.0
1.0
1
1.1272727272727272
1
1
1.0
1
1
1.0
1
1
1.0
1
1
1.0175438596491229
1
1.0
1
1
1.0
1.0
1
1.0
1
1.0
1
1
1.0303030303030303
1.0
1.0
1
1
1.0
1
1
1.0892857142857142
1.0566037735849056
1.0666666666666667
1
1.0
1
1
1.05
1.0422535211267605
1.0188679245283019
1.0
1.0943396226415094
1.0357142857142858
1.043010752688172
1.086021505376344
1
1.0
1.0
1.0153846153846153
1.062111801242236
1.0
1.0
1.0
1.0212765957446808
1.1666666666666667
1
1.0
1
1
1.058139534883721
1
1.0
1
1
1.0
1
1
1.0
1
1
1.0
1
1
1.0
1
1
1.0
1
1
1.0666666666666667
1
1
1.0
1
1
1.0363636363636364
1
1
1.0
1
1
1.03125
1
1
1.0
1
1
1.0
1
1
1.0303030303030303
1
1
1.0
1
1
1.0
1
1
1.0
1
1
1.0
1
1
1.0132450331125828
1
1
1.0232558139534884
1
1
1.0
1.0
1.0
1
1.0
1
1.0
1
1
1.0126582278481013
1
1
1.0256410256410255
1
1.0
1
1
1
1.0
1.0
1.0
1.0
1
1.0
1.0405405405405406
1
1.0
1.0
1
1
1.0
1
1
1.0
1
1
1.0
1.0
1
1.0
1
1.0
1
1
1.0
1
1.0
1
1
1.0
1
1
1.0
1.0
1
1.0
1.0
1
1.0
1
1
1.0
1
1
1.0
1
1
1.0
1
1
1.0
1
1
1.0
1
1
1.0185185185185186
1
1.0
1
1
1.0
1
1
1.0
1
1
1.0
1
1
1.0
1.0
1
1.0
1
1.0
1
1
1
1.0588235294117647
1
1
1.0
1
1
1.0
1
1
1.0161290322580645
1
1
1.0
1
1
1.0
1
1
1.0
1
1
1.0
1
1
1.0
1.0
1
1.0357142857142858
1
1.0
1
1
1.0
1
1
1.0
1
1
1.0
1
1
1.0
1
1
1.0
1
1
1
1.0666666666666667
1
1
1.0588235294117647
1
1
1.0
1
1
1.0
1
1
1.0
1
1
1.0
1
1
1.0
1
1
1.0175438596491229
1
1
1.0
1
1
1.0571428571428572
1
1
1.0
1
1
1.0
1
1
1.0
1
1
1.0
1
1
1.0
1
1
1.0
1
1
1.0
1
1
1.0
1
1
1.0
1
1
1.0
1
1
1.0
1
1
1.0
1
1
1.0
1
1
1.0
1
1
1.0
1
1
1.0
1
1
1.0
1
1
1.0
1
1
1.0
1
1
1.0
1
1
1.0
1
1
1.0
1
1
1.0125
1
1
1.0
1
1
1.0
1
1
1.0
1
1
1.0
1
1
1.0
1
1
1.0
1
1
1.0
1
1
1.0
1
1
1.0
1
1
1.0151515151515151
1.0
1
1.0175438596491229
1
1
1.0
1
1
1.0
1
1
1.0
1
1
1.0
1
1
1.0
1
1
1.0
1
1
1.0
1.0
1
1.0104166666666667
1
1.0526315789473684
1
1
1.0
1
1
1.0246913580246915
1
1
1.021978021978022
1
1
1.0
1
1
1.0444444444444445
1
1
1
1.0
1
1.0
1
1.0158730158730158
1
1
1.0
1
1
1.0
1
1
1.0
1
1
1.0
1.0
1.0
1
1.0
1
1.0
1
1
1.028169014084507
1
1
1.0
1
1
1.0
1
1
1.0476190476190477
1
1
1.0
1
1
1.0
1
1
1.0204081632653061
1
1
1.0
1
1
1.0
1
1
1.0
1
1
1.0
1
1
1.0
1
1
1.0
1
1
1.0
1
1
1.0
1
1
1.0
1
1
1.0
1
1
1.0
1
1
1.0
1
1
1.0714285714285714
1
1
1.0
1
1
1.0
1
1
1.0
1
1
1.0
1
1
1.0
1
1
1.0188679245283019
1
1
1.0384615384615385
1
1
1.0
1
1
1.0
1
1
1.0666666666666667
1
1
1.0232558139534884
1
1
1.0
1
1
1.0
1
1
1.0384615384615385
1
1
1.0
1
1
1.0
1
1
1.0
1
1
1.0
1
1
1.0
1
1
1.0
1
1
1.0
1
1
1.0683760683760684
1.0
1
1.0
1.0
1
1.0128205128205128
1
1
1.0178571428571428
1.0186915887850467
1.0518518518518518
1.0138888888888888
1.021978021978022
1
1.0
1
1.0
1
1.0
1
1.011111111111111
1
1.0091743119266054
1.0246913580246915
1
1.0425531914893618
1
1.0
1
1
1.0
1
1
1.0
1
1
1.0
1
1.0
1
1
1
1
1.0
1
1
1.0
1
1
1.0
1
1
1.0
1
1
1.0
1
1
1.0
1.0
1
1.0
1
1.0
1
1
1.0
1
1
1
1.0
1.0
1
1.03125
1
1.0
1.0
1
1.0353982300884956
1
1.0
1.0
1
1.0
1
1.0
1
1
1.0
1
1
1.0
1
1
1.0
1
1
1.0
1
1
1.0
1
1
1.0
1
1
1.0
1
1
1.0
1
1
1.0
1
1
1.0
1
1
1.0
1
1
1.0
1.0
1
1.0192307692307692
1
1.0
1
1
1.0
1
1
1.0
1
1
1.0
1
1
1
1.0
1.0
1
1.0
1
1
1.0
1
1
1.0
1
1
1.0
1
1
1.0
1
1
1.0
1
1
1.0
1
1
1.0
1
1
1.0
1
1
1.0
1
1
1.0
1
1
1.0
1
1
1.0
1
1
1.0
1
1
1.0
1.0
1.0
1
1.0416666666666667
1
1.0
1
1
1.0
1
1
1.0
1
1
1.0
1
1
1.0
1
1
1.0
1
1
1.0
1
1
1.0
1
1.0
1
1
1.0
1
1
1.0
1
1
1.0
1.0
1.0
1
1.0
1
1
1.0
1
1
1.0
1
1
1.0
1
1
1.0
1
1.0
1
1
1.0
1
1
1.0
1
1
1.0
1
1
1.0
1.0
1.0
1
1.0
1
1
1.0
1
1
1.0
1
1
1.0
1
1
1.0
1
1
1.0
1
1
1.0
1
1
1.0
1
1
1.0
1
1
1.0
1
1
1.0
1
1
1.0
1.0
1
1.0416666666666667
1
1.0
1.0
1
1.0
1
1.0
1.0
1.0
1
1.0108695652173914
1
1.0
1
1
1.0
1
1
1.0
1
1
1.0
1
1
1.0
1
1
1.0
1
1
1.0
1
1
1.0
1
1
1.0
1
1
1.0
1
1.0
1
1
1.0
1
1
1.0
1
1
1.0
1
1
1.0
1
1
1.0
1
1
1.0
1.0
1.0444444444444445
1.0
1.0
1
1.0
1
1
1.0
1
1
1.0
1
1
1.0
1
1
1.0
1
1
1.0
1
1
1.0
1
1
1.0
1
1
1.0
1
1
1.0
1
1
1.0
1.0
1.0
1
1.0
1.0303030303030303
1
1.0
1
1
1.0
1
1
1.0
1
1
1.0
1
1
1.0
1
1
1.0
1
1
1.0
1.0
1.0
1.0
1.0
1.0
1
1.0
1.0
1
1.0
1
1
1.0
1
1
1.0
1
1
1.0
1
1
1.0
1
1
1.0
1
1
1.0
1
1
1.0
1
1
1.0
1
1
1.0
1
1
1.0
1.0
1
1.0
1
1.0
1
1
1.0
1
1
1.0
1
1
1.0
1
1
1.0
1
1
1
1.0
1
1
1.0
1
1
1.0
1
1
1.0
1
1
1.0
1.0
1.0
1
1.0
1
1
1.0
1
1
1.0
1
1
1.0
1
1
1.0
1
1
1.0
1
1
1.0
1
1
1.0
1.0
1.0
1
1.0
1
1
1.0
1.0
1.0
1
1.0
1
1.0
1
1
1.0
1
1
1
1.0
1
1
1.0
1
1
1.0
1
1
1.0
1
1
1.0
1
1
1.0
1
1
1.0
1
1
1.0
1.0
1
1.0
1.0
1
1.0
1
1.0
1
1.0
1
1
1.0
1.0
1.0
1
1.0
1
1
1.0
1
1
1.0
1
1
1.0
1
1
1.0
1
1
1.0
1
1
1
1.0
1
1
1.0
1
1
1.0
1
1
1.0
1
1
1.0
1
1.0
1.0
1
1.2
1
1.0
1
1
1.0
1.0
1.0
1.0
1.0
1
1.0
1.019047619047619
1
1.0
1
1
1.0
1
1
1
1.0
1
1
1.0
1.0
1
1.0
1.0
1
1.0
1
1
1.0
1
1
1.0
1
1
1.0
1
1
1.0
1
1
1.0
1
1
1.0
1
1
1.0
1
1
1
1.0
1
1
1.0
1
1
1.009090909090909
1.0
1
1.0
1.0
1
1.0
1.0
1
1.0
1
1.0
1
1
1.0
1
1
1.0
1
1.0
1
1
1.0
1
1
1.0
1
1
1.0
1
1
1.0
1
1.0
1
1
1.0
1
1
1.0
1
1.0
1
1.0
1
1
1.0
1
1
1.0
1
1
1.0
1
1
1.0
1
1
1.0
1
1
1.0
1
1
1.0
1
1.0
1.0
1.0
1
1.0135135135135136
1.0373831775700935
1
1.0
1
1
1.0
1
1
1.0
1
1
1.0
1.0
1
1.0
1
1.0
1
1
1.0
1
1
1.0
1
1
1.0
1
1
1.0
1
1
1.0
1.0
1
1.0188679245283019
1
1.0
1.0
1
1.0
1
1
1.0
1
1
1.0
1
1.0
1
1
1.0
1
1
1.0
1
1
1.0
1
1.0
1
1
1
1
1.0
1
1.0
1.0
1
1.0
1
1
1.0
1
1
1.0
1
1
1.0
1
1
1.0149253731343284
1
1.0
1
1
1
1.0
1
1
1.0
1
1
1.0
1
1
1.0
1
1
1.0
1
1
1.0
1.0526315789473684
1.0
1.0119047619047619
1.0
1
1.0
1
1
1.0
1
1
1
1.0
1.0
1
1.0
1
1.0
1
1
1.0
1
1
1.0
1
1.0
1
1
1.0
1
1
1.0
1
1
1
1.0
1
1
1.0
1
1
1.0
1
1
1.0
1
1
1.0
1.0
1
1.0
1
1.0
1
1
1.0
1
1
1.0
1
1
1.0
1
1
1.0
1.0
1
1.0
1
1.0
1
1
1.0
1
1
1.0
1
1
1.037037037037037
1.0666666666666667
1.0
1.01840490797546
1.0
1.0714285714285714
1.0070921985815602
1.077319587628866
1
1.0
1
1
1.0
1.0
1
1.0212765957446808
1
1
1.0
1
1
1
1.0
1
1
1.0
1
1
1.0
1
1
1.0
1
1
1.0
1.0
1
1.1271929824561404
1
1.0
1.0
1
1.0
1
1.0
1.0
1
1.0
1
1.0
1
1
1.0
1
1
1
1.0
1
1
1.0
1
1
1.0
1
1
1.0
1
1
1.0
1
1
1
1.0
1
1
1.0
1
1
1.0
1
1
1.0
1
1
1.0
1
1.0
1
1
1.0
1.0
1
1.0
1
1.0
1
1
1.0
1
1
1
1.0
1
1
1.0
1
1
1.0
1
1.0
1
1
1.0
1
1
1.0
1
1.0
1
1
1.0
1
1
1.0
1
1.0
1
1
1.0
1
1
1.0
1
1
1.0
1
1
1.0
1
1
1.0
1
1
1.0
1
1
1.0
1
1
1.0
1
1
1.0
1
1
1
1
1.0
1
1
1.0
1
1
1.0
1
1
1.0
1.0
1
1.0454545454545454
1.0225563909774436
1
1.0
1
1
1.0
1
1
1.0
1
1
1.0
1
1
1.0
1
1
1
1.0
1
1
1.0
1
1
1.0
1
1
1
1.0
1
1
1
1.0
1
1
1.0
1
1
1.0
1
1
1
1.0
1
1
1
1.0
1
1
1.0
1
1
1.0
1
1
1.0
1
1
1.0
1
1
1.0
1
1
1.0
1
1
1.0
1
1
1.0
1.0
1.0
1
1.0
1
1
1.0
1
1
1.0
1
1
1.0
1
1
1.0
1
1
1.0
1
1
1.0
1
1
1.0
1
1
1.0
1.0
1.0
1
1.0
1
1.0
1
1
1.0
1
1
1.0
1
1
1
1.088235294117647
1.0
1
1.0
1.0
1
1.0
1
1.0
1
1
1
1.0
1
1
1
1.0
1
1
1.0
1
1
1.0
1
1
1.0
1
1
1.0
1.0
1
1.0
1
1.0
1
1
1.025
1
1.0
1
1
1.0
1.0
1.1666666666666667
1
1
1
1.0
1
1
1
1.0
1
1.0
1
1
1.0
1
1
1.0
1
1
1.0
1
1
1.0
1
1
1.0
1
1
1
1.0
1
1
1.0
1
1
1.0
1
1.0
1
1
1
1.0
1
1
1.017094017094017
1
1.0
1
1
1.0
1
1
1.0
1
1
1
1.0
1
1
1.0
1
1
1.0
1
1
1.0
1
1
1.0
1
1
1.0
1
1
1.0
1
1
1.0
1
1
1.0
1
1
1.0
1
1
1
1
1.0
1
1
1.0
1
1
1
1.0
1
1
1.077922077922078
1
1.0
1
1
1.0
1
1
1
1
1.0
1
1
1.0
1
1
1.0
1
1
1.0363636363636364
1.0149253731343284
1
1.0
1
1
1.0
1
1
1.0
1
1
1
1.0
1
1
1.0
1
1
1.0
1
1
1
1.0
1
1
1.0
1
1
1
1.0
1
1
1.0
1
1
1.0
1
1
1.0
1
1
1.0
1
1
1.0
1
1
1.0
1
1
1.0
1
1
1
1.0
1
1
1.0
1
1
1.0
1
1
1.0
1
1
1.0
1
1.0
1
1
1.0
1
1
1
1
1.0
1
1
1.0
1
1
1.0
1
1
1
1.0
1
1
1.0
1
1
1.0
1
1
1.0153846153846153
1
1.0
1
1
1
1.0
1
1
1.0
1
1
1.0
1
1
1.0
1
1
1.0
1
1
1.0
1
1
1.0
1
1
1.0
1
1
1
1
1.0
1
1
1
1.0
1
1.0
1
1
1.0
1
1
1.0
1
1
1.0
1
1
1.0
1
1
1.0
1
1
1.0
1
1
1
1.0
1
1
1.0
1
1
1.0
1
1
1.0
1
1
1
1.0
1
1
1
1.0
1
1
1.0
1
1
1.0
1
1
1.0
1
1
1
1.0
1
1
1.0
1
1
1.0
1
1
1.0
1
1
1.0
1
1
1.0
1
1
1.0
1
1
1.0
1
1
1
1
1.0
1
1
1.0
1
1
1
1.0
1
1
1
1.0
1
1
1.0
1
1
1.0
1
1
1.0
1
1
1
1.0
1
1
1.0
1.0
1
1.0
1
1.0
1
1
1.0
1
1
1.0
1
1
1
1
1
1.0
1
1
1.0
1
1
1.0142857142857142
1
1.0
1
1
1.0
1
1
1.0
1
1
1.0
1
1
1
1
1.0
1
1
1.0
1
1
1.0
1
1
1.0
1
1
1
1.0
1
1
1
1.0
1
1
1
1.0
1
1
1
1.0
1
1
1.0
1
1
1.0
1
1
1.0
1
1
1.0
1
1
1.0
1
1
1.0
1
1
1.0
1
1
1
1
1
1.0
1
1
1.0
1
1
1.0
1
1
1.0
1
1
1.0
1
1
1.0
1
1
1.0
1
1
1.0
1
1
1.0
1
1
1
1.0
1
1
1.0
1
1
1.0
1
1
1.0
1
1
1.0
1.0
1
1.0
1
1.0263157894736843
1
1
1.0
1
1
1.0
1
1
1.0
1
1
1.0163934426229508
1
1
1.0
1
1
1.0277777777777777
1
1
1
1.0
1
1
1.0344827586206897
1
1
1.02
1
1
1.0
1
1
1.0
1
1
1.0
1
1
1.0454545454545454
1
1
1.0169491525423728
1
1
1.0
1
1
1.0135135135135136
1
1
1.0526315789473684
1
1
1.064516129032258
1.0303030303030303
1.0377358490566038
1.0
1
1.0256410256410255
1.0
1.02
1.0
1.0
1.0
1.0
1.0769230769230769
1.0
1.0
1.0
1.0
1.0
1
1.0
1
1
1.0
1.0
1.0
1
1.0
1.0526315789473684
1.0
1.0
1.024390243902439
1.05
1.0166666666666666
1
1.0
1
1.0
1
1
1.0
1
1
1.0
1
1
1.0
1
1
1.0
1
1
1.0
1
1
1.0
1
1
1.0
1.0
1
1.0434782608695652
1
1.0
1
1
1
1.0
1
1
1.0
1
1
1.0555555555555556
1
1
1.0
1
1
1.0
1
1
1.0
1
1
1.0
1
1
1.0333333333333334
1
1
1.0178571428571428
1
1
1.0
1
1
1.0
1
1
1.0
1
1
1.0
1
1
1.0172413793103448
1
1
1.0
1
1
1.0
1
1
1.0
1
1
1.0
1.0
1
1.0
1
1
1.0
1
1
1.0
1
1
1.0476190476190477
1
1
1.0666666666666667
1
1
1.0
1
1
1.0
1
1
1.0
1
1
1.0
1
1
1.0
1
1
1.0666666666666667
1
1
1.0
1
1
1.0
1
1
1.0
1
1
1.0204081632653061
1
1
1.0416666666666667
1
1
1.0
1
1
1.0
1
1
1.0526315789473684
1
1
1.0
1
1
1.0
1
1
1.035294117647059
1
1
1.0
1
1
1.0
1
1
1.0227272727272727
1
1
1.0206185567010309
1
1
1.0
1
1
1.075
1
1
1.0212765957446808
1
1
1.0606060606060606
1
1
1.0277777777777777
1
1
1.0
1
1
1.0
1
1
1.0
1
1
1.0
1
1
1.0
1
1.0
1
1
1.0350877192982457
1
1
1.1052631578947367
1
1
1.0
1
1
1.0
1
1
1.0
1
1
1.0
1
1
1.0
1.0
1.0178571428571428
1
1.0
1.0
1
1
1
1.0
1
1
1.0
1
1
1.0
1
1
1.0
1
1
1.0
1
1
1.0
1
1
1.0
1
1
1.0
1
1
1.0
1
1
1.0
1
1
1.0
1
1
1.0497737556561086
1
1
1.0104166666666667
1
1
1.0298507462686568
1
1
1.0178571428571428
1
1
1.0
1
1
1.0
1
1
1.0
1
1
1.0
1
1
1.0
1
1
1.0
1
1
1.0
1
1
1.0
1
1
1.0
1
1
1.0
1
1
1.0
1
1
1.0
1
1
1.0
1
1
1.0
1
1
1.0
1
1
1.0
1
1
1.0
1
1
1.0
1
1
1.0
1
1
1.0
1
1
1.0
1
1
1.0
1
1
1.0
1
1
1.0
1
1
1.0
1
1
1.1153846153846154
1
1
1.0
1
1
1.0232558139534884
1
1
1.0
1
1
1.0120481927710843
1
1
1.0
1
1
1.0
1
1
1.0
1
1
1.0606060606060606
1
1
1.0
1
1
1.0588235294117647
1
1
1.0424242424242425
1
1
1.0
1
1
1.0
1
1
1.008130081300813
1
1
1.0
1
1
1.0
1
1
1.0
1
1
1.0
1
1
1.0
1
1
1.0
1
1
1.0
1
1
1.0
1
1
1.0
1
1
1.0333333333333334
1
1
1.0
1
1
1.0
1
1
1.0
1
1
1.0
1
1
1.0
1
1
1.0
1
1
1.0483870967741935
1.0
1.0612244897959184
1
1.125
1.032258064516129
1.0350877192982457
1
1.0625
1
1.0103092783505154
1
1
1.0
1
1
1.0105263157894737
1
1
1
1.0
1
1
1.008695652173913
1
1
1.0
1
1
1.0
1
1
1.0
1
1
1.032258064516129
1
1
1.0
1
1
1.0
1
1
1.0
1
1
1.0
1
1
1.0289855072463767
1
1
1.0
1
1
1.0
1
1
1.0
1
1
1.0
1
1
1.2
1
1
1.0
1
1
1.0
1
1
1.0
1
1
1.0
1
1
1.0
1
1
1.0
1
1
1.0
1
1
1.021978021978022
1
1
1.0449438202247192
1
1
1.027027027027027
1
1
1.0
1
1
1.0
1
1
1.0
1
1
1.0
1.125748502994012
1.0588235294117647
1
1.0136986301369864
1
1.0
1
1
1.028169014084507
1
1
1.0106382978723405
1
1
1.0
1
1
1.0470588235294118
1
1.0
1
1
1.0
1
1
1.0
1
1
1.0
1.0092592592592593
1.0396039603960396
1.1020408163265305
1
1.06
1
1
1.0
1.0
1
1.0
1
1
1.0
1
1
1.0196078431372548
1.0
1
1.0
1
1
1.0188679245283019
1
1.0
1
1
1
1.0
1
1
1.125
1
1
1.0188679245283019
1
1
1.0
1.0820895522388059
1
1.0
1
1.035294117647059
1
1
1
1.0888888888888888
1
1
1.0227272727272727
1
1
1.0
1
1
1.0142857142857142
1
1
1.0114942528735633
1
1
1.0
1
1
1.0204081632653061
1
1
1.0
1
1
1.0363636363636364
1
1
1.0
1
1
1.0
1
1
1.0
1
1
1.0384615384615385
1
1
1.0
1
1
1.0588235294117647
1
1
1.0227272727272727
1
1
1.0
1
1
1.0128205128205128
1
1
1.0075187969924813
1
1
1.0125
1
1
1.015625
1
1
1
1
1.0
1
1
1.0
1
1
1.0384615384615385
1
1
1.0
1
1
1.0
1
1
1.1030927835051547
1
1
1.0
1
1
1.0
1
1
1.0
1
1
1.0
1
1
1.0
1
1
1.0
1
1
1.0
1
1
1.0
1
1
1.0
1
1
1.0
1
1
1.0
1
1
1.0
1
1
1.0
1
1
1.0
1
1
1.0
1
1
1.0
1
1
1.0
1
1
1.0
1
1
1.0
1
1
1.1818181818181819
1
1
1.0
1
1
1.0
1
1
1.009433962264151
1
1
1.0
1
1
1.0
1
1
1.0
1
1
1.0
1
1
1.0
1
1
1.0
1
1
1.0
1
1
1.0
1
1
1.0
1
1
1.0
1
1
1.0
1
1
1.125
1
1
1.0
1
1
1.0
1
1
1.0
1
1
1.0408163265306123
1
1
1.0
1
1
1.0
1
1
1.0365853658536586
1
1
1.0
1
1
1.045045045045045
1
1
1.0451612903225806
1
1
1.0256410256410255
1
1
1.0
1
1
1.0217391304347827
1
1
1.0
1
1
1.0217391304347827
1
1
1.0
1
1
1.0444444444444445
1
1
1.0
1
1
1
1.0
1
1
1.0
1
1
1.0
1
1
1.0
1
1
1.0
1
1
1.0588235294117647
1
1
1.0
1
1
1.0476190476190477
1
1
1.0
1
1
1.0
1
1
1.0
1
1
1.0
1.0
1
1.0
1.0
1
1.0
1
1
1.0
1
1
1.0
1
1
1.0
1
1
1.0
1
1.0
1
1
1.0
1
1
1.0
1
1
1.0
1
1
1.0
1
1
1.0
1
1
1.0
1
1
1.0
1
1
1
1.0285714285714285
1
1
1.0
1
1
1.0
1
1
1.0304878048780488
1
1
1.0
1
1
1.0
1
1
1.0
1
1
1.0
1
1
1.0
1
1
1.0
1
1
1.0
1
1
1.0
1
1
1.0
1
1
1.0
1.0
1
1.0
1
1.0
1.027027027027027
1
1.0769230769230769
1.0062893081761006
1
1.0120481927710843
1
1
1.015625
1
1
1
1.0
1
1
1.0
1
1
1.0062893081761006
1
1.0
1
1
1.0
1
1
1.0
1
1
1.0
1
1
1.0
1
1
1.0
1
1
1.0
1
1
1.0
1
1
1.0277777777777777
1
1
1.037037037037037
1
1
1.05
1
1
1.0550458715596331
1
1
1.0087719298245614
1
1
1.0
1
1
1.024390243902439
1
1
1.065217391304348
1
1
1.0166666666666666
1
1
1.0
1
1
1.0481283422459893
1
1
1.0
1
1
1.0
1
1
1.0
1
1
1.0
1
1
1.0
1
1
1.0
1
1
1.0
1
1
1.0294117647058822
1
1
1.0
1
1
1.0
1
1
1.0
1
1
1.0326086956521738
1
1
1.0
1
1
1.217948717948718
1
1
1.0344827586206897
1
1
1.0
1
1
1.023076923076923
1
1
1.0217391304347827
1
1
1.0238095238095237
1
1
1.0
1
1
1.0
1
1
1.0
1
1
1.0
1
1
1.027027027027027
1
1
1.0
1
1
1.0
1
1
1.0
1
1
1.0
1
1
1.0
1
1
1.056338028169014
1
1
1.03125
1
1
1.0
1
1
1.0
1
1
1.0263157894736843
1
1
1.0441176470588236
1
1
1.0579710144927537
1
1
1.0526315789473684
1
1
1.0461538461538462
1
1
1.0
1
1
1.0147058823529411
1
1
1.02
1
1
1.0101010101010102
1
1
1.0
1
1
1.0
1.0
1
1.0
1.0
1.0
1.0
1.0
1
1.0277777777777777
1
1
1.0
1
1
1.0
1.0
1.0
1.0
1
1
1.0273972602739727
1
1
1.0
1
1
1.0
1
1
1.0208333333333333
1
1
1.0
1
1
1.008
1
1
1.0
1
1
1.0
1
1
1.0307692307692307
1
1
1.0
1
1
1.0
1
1
1.0204081632653061
1
1
1.0
1
1
1.0526315789473684
1
1
1.0
1
1
1.0192307692307692
1
1
1.0119047619047619
1
1
1.024390243902439
1
1
1.0125
1
1
1.0223463687150838
1
1
1.0
1
1
1.0277777777777777
1
1
1.0
1
1
1.0
1
1
1.0
1
1
1.0
1
1
1.0166666666666666
1
1
1.0196078431372548
1
1
1.0
1
1
1.0
1
1
1.036764705882353
1
1
1.0
1
1
1.0
1
1
1.0
1
1
1.0277777777777777
1
1
1.0
1
1
1.0
1
1
1.0568181818181819
1
1
1.0234375
1
1
1.0373831775700935
1
1
1.0
1
1
1.0
1
1
1.013793103448276
1
1
1.0
1
1
1.0
1
1
1.0
1
1
1.0169491525423728
1
1
1.0746268656716418
1
1
1.0
1
1
1.0085470085470085
1
1
1.0324324324324325
1
1
1.0217391304347827
1
1
1.0606060606060606
1
1
1.0254237288135593
1
1
1.0
1
1
1.0
1
1
1.0
1
1
1.058139534883721
1
1
1.0166666666666666
1
1
1.0416666666666667
1
1
1.0465116279069768
1
1
1.0510204081632653
1
1
1.0
1
1
1.0
1
1
1.0224719101123596
1
1
1.0
1
1
1.0
1
1
1.0
1
1
1.0
1
1
1.0
1
1
1.0
1
1
1.0
1
1
1.0
1
1
1.0
1
1
1.0
1
1
1.0
1
1
1.0
1
1
1.0
1
1
1.0
1
1
1.0
1
1
1.0454545454545454
1
1
1
1.0
1
1
1.0
1
1
1
1.0
1
1
1.0
1
1
1.0
1
1
1.0
1
1
1
1.0
1
1
1.0
1
1
1.0
1
1
1.0
1
1
1.0
1
1
1.0
1
1
1.0
1
1
1.0
1
1
1.0
1
1
1.027027027027027
1
1
1.0
1
1
1.08
1
1
1.0
1
1
1.0229007633587786
1
1
1.0
1
1
1.0408163265306123
1
1
1.0
1
1
1.0392156862745099
1
1
1.0333333333333334
1
1
1.0175438596491229
1
1
1.0285714285714285
1
1
1.0
1
1
1.0
1
1
1.0
1
1
1.0
1
1
1.0
1
1
1.0
1
1
1.0
1
1
1.0
1
1
1.0
1
1
1.0
1
1
1.0
1
1
1.0
1
1
1.0
1
1
1.0
1
1
1.0
1
1
1.0
1
1
1.0
1
1
1.0
1
1
1.0
1
1
1.0
1
1
1.0
1
1
1.0
1
1
1.0
1
1
1.0
1
1
1.0
1
1
1.0
1
1
1.0
1
1
1.0
1
1
1
1.0
1
1
1.0
1
1
1.0
1
1
1.0
1
1
1.0
1
1
1.0294117647058822
1
1
1.0
1
1
1.0
1
1
1.0
1
1
1.0
1
1
1.0
1
1
1.0
1
1
1.0
1
1
1.0
1
1
1.0
1
1
1.0
1
1
1.0
1
1
1.0
1
1
1.0
1
1
1.0
1
1
1.0
1
1
1.0
1
1
1.0
1
1
1.0
1
1
1.0
1
1
1.0
1
1
1.0
1
1
1.0104712041884816
1
1
1.0087719298245614
1
1
1.0
1
1
1.0
1
1
1.0
1
1
1.0
1
1
1.0
1
1
1.0126582278481013
1
1
1.042857142857143
1
1
1.0266666666666666
1
1
1.0
1
1
1.0
1
1
1.0
1
1
1.0
1
1
1.0
1
1
1.0
1
1
1.0
1
1
1.0
1
1
1.0
1
1
1.0
1
1
1.0265486725663717
1
1
1.0
1
1
1.0240963855421688
1
1
1.0
1
1
1.0434782608695652
1
1
1.0
1
1
1.0
1
1
1.0
1
1
1.0
1
1
1.0
1
1
1.0
1
1
1.0
1
1
1.0
1
1
1.0
1
1
1.0
1
1
1.0
1
1
1.0235294117647058
1
1
1.0204081632653061
1
1
1.0462962962962963
1
1
1.0
1
1
1.0543478260869565
1
1
1.05
1
1
1.0256410256410255
1
1
1.0
1
1
1.0
1
1
1.0
1
1
1.1494252873563218
1
1
1.0
1
1
1.025974025974026
1
1
1.0
1
1
1.0
1
1
1.0
1
1
1.0413223140495869
1
1
1.0
1
1
1.010989010989011
1
1
1.1683168316831682
1
1
1.0
1
1
1.0175438596491229
1
1
1.0158730158730158
1
1
1.0
1
1
1.0
1
1
1.0303030303030303
1
1
1.0
1
1
1.0
1
1
1.0
1
1
1.0178571428571428
1
1
1.0212765957446808
1
1
1.0
1
1
1.0493827160493827
1
1
1.0
1
1
1.0
1
1
1.0
1
1
1.0
1
1
1.1494252873563218
1
1
1.0
1
1
1.0
1
1
1.0
1
1
1.0625
1
1
1.0204081632653061
1
1
1.0
1
1
1.0208333333333333
1
1
1.0
1
1
1.0
1
1
1.0285714285714285
1
1
1.0
1.0
1
1.0
1
1.0
1
1
1
1.0
1
1
1.0
1
1
1.02803738317757
1
1
1.0
1
1
1.35
1
1
1.0
1
1
1.0
1.0
1
1.0357142857142858
1
1
1.0512820512820513
1
1
1.0909090909090908
1
1
1.0
1
1
1.0
1.1538461538461537
1
1.0
1
1
1.0416666666666667
1
1
1.0869565217391304
1
1
1.0319148936170213
1
1
1.0526315789473684
1
1
1.0
1
1
1.0
1
1
1.0
1
1
1.0
1
1
1.0
1
1
1.0
1
1
1.0897435897435896
1
1
1.0
1
1
1.0
1
1
1.0
1
1
1.017391304347826
1
1
1.0
1
1
1.0
1
1
1.0
1
1
1.0
1
1
1.1024096385542168
1
1
1.0
1
1
1.04
1
1
1.0
1
1
1.0
1
1
1.0
1
1
1.0
1.0
1
1.037037037037037
1
1
1.0
1
1
1.0
1
1
1.0833333333333333
1
1
1.0625
1
1
1.0
1
1
1.0
1
1
1.0225988700564972
1
1
1.0
1
1
1.0
1
1
1.0566037735849056
1
1
1.0208333333333333
1
1
1.0208333333333333
1
1
1.0
1
1
1.019108280254777
1
1
1.0102564102564102
1
1
1.0272727272727273
1
1
1.0
1
1
1.0
1
1
1.0
1
1
1.0
1
1
1.0
1
1
1.0101010101010102
1
1
1.0071942446043165
1
1
1.0
1
1
1.0
1
1
1.077922077922078
1
1
1.0138888888888888
1
1
1.011764705882353
1
1
1.0246913580246915
1
1
1.0138888888888888
1
1
1.0
1
1
1.0
1.0
1
1.0
1
1
1.0
1
1
1.0
1
1
1.0
1
1
1.0
1
1
1.0
1
1
1.0
1
1
1.0
1
1
1.0
1
1
1.0
1
1
1.0232558139534884
1
1
1.0
1
1
1.0
1
1
1.0
1
1
1.0
1
1
1.0
1
1
1.0
1
1
1.0
1
1
1.0
1
1
1.0
1
1
1.0
1
1
1.0277777777777777
1
1
1.0483870967741935
1
1
1.0
1
1
1.0333333333333334
1
1
1.03125
1
1
1.0416666666666667
1
1
1.0
1
1
1.0
1
1
1.0
1
1
1.0392156862745099
1
1
1.0888888888888888
1
1
1.0333333333333334
1.0238095238095237
1
1.075
1.1194029850746268
1
1.0803571428571428
1
1
1
1.032258064516129
1
1
1.0
1
1
1.0
1
1
1.0555555555555556
1
1
1.04
1
1
1.0
1
1
1.0
1
1
1.0
1
1
1.0
1
1
1.0
1
1
1.0
1
1
1.0
1
1
1.0
1
1
1.0
1.0
1
1.0
1
1
1
1.0
1
1
1.018181818181818
1
1
1.0
1
1
1.025
1
1
1.0
1
1
1.0
1
1
1.0277777777777777
1
1
1.0
1
1
1.0227272727272727
1
1
1.0
1
1
1
1.0
1
1
1.0
1
1
1.0333333333333334
1
1
1.0
1
1
1.0
1
1
1.0
1
1
1.0
1
1
1.0769230769230769
1
1
1.0
1
1
1.015625
1
1
1.011764705882353
1
1
1.0
1
1
1.0
1
1
1.0
1
1
1.0
1
1
1.0252100840336134
1
1
1.0
1
1
1.0
1
1
1.0144927536231885
1
1
1.0
1
1
1.0
1
1
1.0
1
1
1.0
1
1
1.0
1
1
1.0
1
1
1.0
1
1
1.0
1
1
1.0
1
1
1.0
1
1
1.0
1
1
1.0
1
1
1.0
1
1
1.0
1
1
1.0
1
1
1.0158730158730158
1
1
1.0133333333333334
1
1
1.0
1
1
1.0
1
1
1.0
1
1
1.0208333333333333
1
1
1.0
1
1
1.0
1
1
1.0
1
1
1.064102564102564
1
1
1.0
1
1
1.0
1
1
1.0
1
1
1.0
1
1
1.0
1
1
1.0
1
1
1.0
1
1
1.0
1
1
1.0
1
1
1.0
1
1
1.0
1
1
1.0
1
1
1
1.0
1
1
1.106060606060606
1
1
1.0
1
1
1.0063291139240507
1
1
1.0
1
1
1.0
1
1
1.0
1
1
1.0
1
1
1.0
1
1
1.0
1
1
1.0
1.0
1
1.0
1
1
1.0
1
1
1.0
1
1
1.0
1
1
1.0
1
1
1.0227272727272727
1
1.0
1
1
1.0
1
1
1.0246913580246915
1
1
1.0210526315789474
1
1
1.0
1
1
1.0
1
1
1.0
1
1
1.0
1
1
1.0
1
1
1.0
1
1
1.025
1
1
1.0
1
1
1.0
1
1
1.0543478260869565
1
1
1.0
1
1
1.0
1
1
1.0
1
1
1.0
1
1
1.025974025974026
1
1
1.0
1.0632911392405062
1
1.0
1
1
1.0
1
1
1.0
1
1
1.0
1
1
1.0
1
1
1.0
1
1
1.0
1
1
1.0
1
1
1.0
1
1
1.0530973451327434
1
1
1.0574712643678161
1
1
1.025
1
1.0
1
1
1.0
1
1
1.0
1
1
1.0
1
1
1.0
1
1
1.0
1
1
1.0
1
1
1.0
1
1
1.0
1.0166666666666666
1.0
1
1.0
1
1.0
1
1
1.0
1
1
1.032258064516129
1
1
1.0
1
1
1.0
1
1
1.0
1
1
1.0
1
1
1.0
1
1
1.0
1
1
1.0
1
1
1.0
1
1
1.0
1
1
1.0
1
1
1.0
1
1
1.0
1
1
1.0
1
1
1.0
1
1
1.0235294117647058
1
1
1.0
1
1
1.0425531914893618
1
1
1.0
1
1
1.025
1
1
1.0
1
1
1.0232558139534884
1.0943396226415094
1
1.1282051282051282
1
1.032967032967033
1
1
1.0
1
1
1.0
1
1
1.0
1
1
1
1.0
1
1
1.0
1
1
1.0
1
1
1.0
1
1
1.0555555555555556
1
1
1.0
1
1
1.0
1
1
1.0
1
1.0
1.0
1
1.0
1
1
1.0
1
1.0
1
1
1.0
1
1
1.0
1
1.0
1
1
1.011111111111111
1
1
1.0
1
1
1.0555555555555556
1
1
1.0
1
1
1.0
1
1
1
1.0
1
1
1
1.0
1
1
1.0
1
1
1.0
1
1
1.0
1
1
1.0
1
1
1.0
1
1
1
1.0
1
1
1.0
1
1
1.0
1
1
1.0
1
1
1.0
1
1
1.0
1
1
1.0
1
1
1.0084033613445378
1
1
1.0
1
1
1.0
1
1
1.028169014084507
1
1
1.0
1
1
1.02020202020202
1
1
1.0
1
1
1.0
1
1
1.027027027027027
1
1
1.0
1
1
1.0
1
1
1.0105263157894737
1
1
1.0
1
1
1.0
1
1
1.0
1
1
1.0607734806629834
1
1
1.0461538461538462
1
1
1.0291970802919708
1
1
1.0
1
1
1.00990099009901
1
1
1.0
1
1
1.0
1
1
1.0
1
1
1.0
1
1
1.0
1
1
1.0
1
1
1.0
1
1
1.0
1
1
1.2
1
1
1.0
1
1
1.0
1
1
1.0
1
1
1
1.1121495327102804
1
1.0061728395061729
1
1
1.0
1
1.0140845070422535
1
1
1.0
1
1.0071428571428571
1
1
1.0
1
1
1.0308641975308641
1
1
1.0
1
1
1.0869565217391304
1
1
1.0
1
1
1.0196078431372548
1
1
1.0
1
1
1.0
1
1
1.0
1
1
1.0
1
1
1.0
1
1
1.0
1
1
1.0869565217391304
1
1
1.0
1
1
1.0769230769230769
1.0
1
1.0
1
1
1.0
1
1
1.0263157894736843
1
1
1.0925925925925926
1
1
1.025
1
1
1.0
1
1
1.0
1
1
1.0
1
1
1.0
1
1
1.037037037037037
1
1
1.0
1
1
1.0357142857142858
1
1
1.0588235294117647
1
1
1.0
1
1
1.0
1
1
1.0
1
1
1.0
1
1
1.0
1
1
1.0384615384615385
1
1
1.0333333333333334
1
1
1.0161290322580645
1
1
1.0
1
1
1.0
1
1
1.0263157894736843
1
1
1.0
1
1
1.0666666666666667
1
1
1.0
1
1
1.0
1
1
1.0
1.0
1
1.0
1
1.0
1
1
1.0
1
1
1
1.0
1
1
1.0
1
1
1.3142857142857143
1.0384615384615385
1
1.069767441860465
1
1
1.027027027027027
1
1
1.0
1
1
1.0
1
1
1.0
1
1
1.0
1
1
1.0
1
1
1.0
1
1
1.0
1
1
1.0
1
1
1.0208333333333333
1
1
1.0
1
1
1.0
1
1
1.0
1
1
1.0
1
1.0
1
1
1.011111111111111
1.1052631578947367
1.0824742268041236
1
1.0112359550561798
1
1
1.0
1
1
1
1.0
1
1
1.0377358490566038
1
1
1.0
1
1
1.0
1
1
1.0106382978723405
1
1
1.0
1
1
1.0
1
1
1.0169491525423728
1.0
1
1.0
1
1
1.0
1
1
1.0625
1
1
1.0555555555555556
1
1
1.025
1
1
1.0
1
1
1.0
1
1
1.0163934426229508
1
1
1.0285714285714285
1
1
1.0101010101010102
1
1
1.0957446808510638
1
1
1.0869565217391304
1
1
1.008849557522124
1
1
1.0
1
1
1.0
1
1
1.0402010050251256
1
1
1.0
1
1
1.0
1
1
1.0
1
1
1.0
1
1
1.0
1
1
1.0333333333333334
1
1
1.0285714285714285
1
1
1.010752688172043
1
1
1.0
1
1
1.0
1
1
1.0894736842105264
1
1
1.074074074074074
1
1
1.0
1
1
1.0467289719626167
1
1
1.0
1
1
1.0
1
1
1.0
1
1
1.0
1
1
1.0869565217391304
1
1
1.063063063063063
1
1
1.015625
1
1
1.0
1
1
1.0
1
1
1.0
1
1
1.0
1
1
1.1481481481481481
1
1
1.0
1
1
1.0
1
1
1.0
1
1
1.0178571428571428
1
1
1.0
1
1
1.0
1
1
1.0
1
1
1.0
1
1
1.0
1
1
1.0
1
1
1.010204081632653
1
1
1.0
1
1
1.0
1.0
1.0303030303030303
1
1.0
1.0
1
1
1.0
1
1
1
1.0
1
1
1.0
1
1
1.0
1
1
1.0
1
1
1.0512820512820513
1
1
1.0129870129870129
1
1
1.0517241379310345
1
1
1.0449438202247192
1
1
1.0
1
1
1.0
1
1
1.03125
1
1
1.0357142857142858
1
1
1.0
1
1
1.0
1
1.0073529411764706
1
1
1.0208333333333333
1
1
1
1.0
1
1
1.0
1
1
1.0
1
1
1.024390243902439
1
1
1.0
1
1
1.0
1
1
1.0
1
1
1.0
1
1
1.0
1
1
1.0
1
1
1.0
1
1
1.0476190476190477
1
1
1.0161290322580645
1
1
1.0
1
1
1.0
1
1
1.0
1
1
1.0
1
1
1.0
1
1
1.0
1
1
1.0
1
1
1.0185185185185186
1
1
1.0
1
1
1.0666666666666667
1
1
1.0
1
1
1.0
1
1
1.0
1
1
1.0
1
1
1.0
1
1
1.0232558139534884
1
1
1.0
1
1
1.0
1
1
1.074074074074074
1
1
1.0
1
1
1.0
1
1
1.0097087378640777
1
1
1.0
1
1
1.0
1
1
1.0
1
1
1.0
1
1
1.010752688172043
1
1
1.0
1
1
1.0
1
1
1.0192307692307692
1
1
1.0
1
1
1.037037037037037
1
1
1.0
1
1
1.0
1.0512820512820513
1
1.0909090909090908
1
1
1.0
1
1
1.0
1
1
1.0413223140495869
1
1
1.0089285714285714
1
1
1.0
1.0
1.0188679245283019
1
1.0
1.05
1
1
1
1.0
1
1
1.05
1
1
1.0
1
1
1.0
1
1
1.054054054054054
1
1
1.0222222222222221
1
1
1.0
1
1
1.0
1
1
1.0
1
1
1.0
1
1
1.0396039603960396
1
1
1.0253164556962024
1
1
1.0568181818181819
1
1
1.0761904761904761
1
1
1.0714285714285714
1
1
1.0
1
1
1.025
1
1
1.0283687943262412
1
1
1.0
1
1
1.0
1
1
1.0
1
1
1.0
1
1
1.0
1
1
1.1
1
1
1.0
1
1
1.0
1
1
1.0196078431372548
1
1
1.0
1
1
1.0625
1
1
1.0298507462686568
1
1
1.0
1
1
1.037037037037037
1
1
1.0927835051546393
1.054945054945055
1
1.037037037037037
1
1.0246913580246915
1
1
1
1.0909090909090908
1
1
1.0161290322580645
1
1
1.0
1
1
1.131578947368421
1
1
1.0
1
1
1.015267175572519
1
1
1.0
1
1
1.0185185185185186
1
1
1.0
1
1
1.0
1
1
1.0
1
1
1.0142857142857142
1
1
1.0
1
1
1.0
1
1
1.0
1
1
1.0
1
1
1.0
1
1
1.0126582278481013
1
1
1.0
1
1
1.0957446808510638
1
1
1.0
1.0625
1
1.0476190476190477
1.0
1
1.0526315789473684
1
1.0
1
1
1.02
1
1
1.0
1
1
1.0
1
1
1.0
1
1
1.0317460317460316
1
1
1.0
1
1
1.0
1
1
1.0
1
1
1.0566037735849056
1
1
1.0
1
1
1.06
1
1
1.0526315789473684
1
1
1.064516129032258
1
1
1.0
1
1
1.0140845070422535
1
1
1.0129870129870129
1
1
1.036144578313253
1
1
1.0
1
1
1.0
1
1
1.0379746835443038
1
1
1.013157894736842
1
1
1.0
1
1
1.0
1
1
1.0
1
1
1.1079545454545454
1
1
1.0
1
1
1.0
1
1
1.0
1
1
1.0
1
1
1.0454545454545454
1
1
1.0
1
1
1.0459770114942528
1
1
1.0
1
1
1.0
1
1
1.0625
1
1
1.05
1
1
1.0
1
1
1.0129870129870129
1
1
1.008849557522124
1
1
1.0
1
1
1.0
1
1
1.0
1
1
1.0
1
1
1.0
1
1
1.0
1
1
1.0
1
1
1.0
1
1
1.0
1
1
1.0
1
1
1.0
1
1
1.0
1
1
1.0
1
1
1.0
1
1
1.0
1
1
1.0
1
1
1.027027027027027
1
1
1.0
1
1
1.072289156626506
1
1
1.036144578313253
1
1
1.0
1
1
1.0
1.0
1
1.1052631578947367
1
1.0266666666666666
1
1
1.0217391304347827
1
1
1
1.0081967213114753
1
1
1.0
1
1
1
1.0
1
1
1.0
1.03125
1
1.0
1
1
1.0
1
1
1.0263157894736843
1
1
1.0
1
1
1.0326086956521738
1
1
1.0
1
1
1.0
1
1
1.027027027027027
1
1
1.0
1
1
1.0
1
1
1.0
1
1
1.0
1
1
1.007936507936508
1
1
1.0
1
1
1.0
1
1
1.0
1
1
1.0
1
1
1.0
1
1
1.0
1
1
1.0
1
1
1.0
1
1
1.0
1
1
1.0
1
1
1.0
1
1
1.0188679245283019
1
1
1.0337078651685394
1
1
1.0272108843537415
1
1
1.0142857142857142
1
1
1.0
1
1
1.05
1
1
1.0
1
1
1.0
1
1
1.0416666666666667
1
1
1.0
1
1
1.0
1
1
1.0
1
1
1.0188679245283019
1
1
1.0
1
1
1
1.0
1.043956043956044
1
1.027027027027027
1
1
1.0851063829787233
1
1
1.0
1
1
1.0
1
1
1.0
1
1
1.0232558139534884
1
1
1.0
1
1
1.0422535211267605
1
1
1.0
1
1
1.0166666666666666
1
1
1.0
1
1
1.0
1
1
1.0
1
1
1.0
1
1
1.0
1
1
1.0208333333333333
1
1
1.0
1
1
1.0175438596491229
1
1
1.0
1
1
1.0
1
1
1.0
1
1
1.0149253731343284
1
1
1.0
1
1
1.0161290322580645
1
1
1.0
1
1
1.0
1
1
1.0
1
1
1.0769230769230769
1
1
1.0
1
1
1.0434782608695652
1
1
1.0
1
1
1.0
1
1
1.0
1
1
1.0108695652173914
1
1
1.0
1
1
1.0
1
1
1.0
1
1
1.0
1
1
1.0454545454545454
1
1
1.0769230769230769
1
1
1.0
1
1
1.0057471264367817
1
1
1.0
1
1
1.0588235294117647
1
1
1.0526315789473684
1
1
1.027027027027027
1
1
1.0
1
1
1.0
1
1
1.0
1
1
1.0212765957446808
1
1
1.0393258426966292
1
1
1.0285714285714285
1
1
1.0
1
1
1.0
1
1
1.0
1
1
1.0
1.0
1
1.0625
1
1.0
1
1
1.0
1
1
1.0
1
1
1
1.0
1
1
1.0
1
1
1.0
1
1
1.0142857142857142
1
1
1.0714285714285714
1.0163934426229508
1.02
1.054054054054054
1
1.056338028169014
1
1.0
1
1.0
1
1
1.0277777777777777
1
1
1.0588235294117647
1
1
1.0
1
1
1.0116959064327484
1
1
1.0
1
1
1.0
1
1
1.0
1
1
1.027027027027027
1
1
1.0256410256410255
1
1
1.0
1
1
1.0
1
1
1.0
1
1
1.0
1
1
1.0
1
1
1.025
1
1
1
1.0
1
1
1.0
1
1
1
1.0
1
1
1.0
1
1
1.0
1
1
1.0
1.0
1
1.0
1.0
1
1.0
1
1.0
1
1
1.0
1
1
1.0
1
1
1.131578947368421
1
1
1.0344827586206897
1
1
1.0454545454545454
1
1
1.0
1
1
1.0204081632653061
1
1
1
1.037037037037037
1
1
1.0
1
1
1.0
1
1
1.0
1
1
1.0
1
1
1.0
1
1
1.0384615384615385
1
1
1.0714285714285714
1
1
1.0178571428571428
1
1
1.0
1
1
1.0
1
1
1.0
1
1
1.02
1
1
1.021978021978022
1
1
1.0508474576271187
1.0384615384615385
1
1.0126582278481013
1
1
1.0
1
1
1.0
1
1
1.0
1
1
1.0
1
1
1.0
1
1
1.0
1
1
1.0
1
1
1.0
1
1
1.0
1
1
1.0
1
1
1.0
1
1
1.0
1
1
1.0
1
1
1.037037037037037
1
1
1.0
1
1
1.0
1
1
1.0
1
1
1.0
1
1
1.0
1
1
1.0
1
1
1.0476190476190477
1
1
1.0
1
1
1.0
1
1
1.0
1
1
1.0
1
1
1.0
1
1
1.0
1
1
1.0
1
1
1.0
1
1
1.0
1
1
1.0
1
1
1.0
1
1
1.0
1
1
1.0
1.0
1.0
1
1.0
1
1.0
1
1
1.0
1
1
1.0
1
1
1.0
1
1
1.0
1
1
1.0
1
1
1.0
1
1
1.0
1
1
1.0
1
1
1.0
1
1
1.0
1
1
1.0
1
1
1.0
1
1
1.0
1
1
1.0
1
1
1.0
1
1
1.0
1
1
1.0
1
1
1.0
1
1
1.0
1
1
1.0
1
1
1.0
1.0
1
1.0
1
1.0833333333333333
1
1
1.0
1
1
1.0
1
1
1.0
1
1
1.0
1
1
1.0
1
1
1.0
1
1
1
1.0
1
1.0
1
1
1.0
1
1
1
1.0
1
1
1.0
1
1
1.0
1
1
1.0
1
1
1.0
1
1
1.0
1
1
1.0
1
1
1.0
1
1
1.0
1
1
1.0
1
1
1.0
1
1
1.125
1
1
1.0
1
1
1.0555555555555556
1
1
1.0
1
1
1.0526315789473684
1
1
1.0454545454545454
1
1
1.0
1
1
1.03125
1
1
1.0
1
1
1
1.0
1
1
1.0
1
1
1.0
1
1
1.0
1
1
1.015625
1
1
1.0384615384615385
1
1
1.0204081632653061
1
1
1.0
1
1
1.0
1
1
1.0
1
1
1.0
1
1
1.048780487804878
1
1
1.0
1
1
1
1.0
1
1
1.0
1
1
1.0
1
1
1.0
1
1
1.0
1
1
1.0
1
1
1.0
1
1
1.0
1
1
1.0
1
1
1.027027027027027
1
1
1.0
1.0
1
1.0
1
1
1.0205479452054795
1
1
1.0
1
1
1.0
1
1
1.0
1
1
1.0
1
1
1.0
1
1
1.0675675675675675
1
1
1.0431654676258992
1.0217391304347827
1
1.0147058823529411
1
1.0
1
1
1.065217391304348
1
1
1
1.0
1
1
1.0
1
1
1.0
1
1
1.0
1
1
1.018181818181818
1
1
1.0
1
1
1.0
1
1
1.0
1
1
1.0
1
1
1.0
1
1
1.0
1
1
1.0
1
1
1.0
1
1
1.1304347826086956
1
1
1.054054054054054
1
1
1.0
1
1
1.0
1
1
1.0
1
1
1.0208333333333333
1
1
1.0
1.0
1
1.0
1
1.0
1.0
1
1.0
1
1.0
1
1
1.0
1
1
1
1
1.0
1
1
1.0
1
1
1.0449438202247192
1
1
1.0350877192982457
1
1
1.0869565217391304
1
1
1.0222222222222221
1
1
1.0
1
1
1.0
1
1
1.0
1
1
1.0
1
1
1.0526315789473684
1
1
1.0
1
1
1.0144927536231885
1
1
1.0
1
1
1.0
1
1
1.0
1
1
1.0317460317460316
1
1
1.0
1
1
1.0
1
1
1
1
1
1.0
1
1
1.035294117647059
1
1
1.0
1
1
1.0222222222222221
1.0
1.0344827586206897
1.027027027027027
1.0
1
1.0103092783505154
1.0
1
1.0
1
1.0166666666666666
1
1
1.03125
1
1.037037037037037
1
1
1.0
1
1
1
1
1.010989010989011
1.0
1
1.0
1
1
1.0
1
1
1.0
1
1
1.0
1
1
1.0
1
1
1.0
1
1
1.0
1
1
1.0166666666666666
1
1
1.0588235294117647
1
1
1.0
1
1
1.0
1
1
1.0
1
1
1.0
1
1
1.0
1.0112359550561798
1
1.01
1
1
1.0
1
1
1.0
1
1
1.0
1
1
1.03125
1.0
1
1.0
1.018181818181818
1
1.0
1.0
1
1.032258064516129
1
1.0
1
1
1.0
1
1
1.0
1
1
1
1.0
1
1
1.0
1
1
1.0
1
1
1.0
1
1
1.0
1
1
1.0
1
1
1.0
1
1
1
1.0
1
1
1.0
1
1
1.0222222222222221
1
1
1.0
1
1
1.0
1
1.0
1
1
1.0833333333333333
1.0512820512820513
1.0714285714285714
1
1.0
1
1
1.0
1
1
1.0
1
1
1.0161290322580645
1
1
1.0147058823529411
1
1
1.0
1
1
1.0227272727272727
1
1
1.0
1
1
1.0
1
1
1.0
1
1
1.0
1
1
1.0
1
1
1.04
1
1
1.0
1
1
1.0
1
1
1.0
1
1
1.0
1
1
1.0
1
1
1.0
1
1
1.0
1
1
1.0
1
1
1.0
1
1
1.0
1
1
1.0
1
1
1.0
1
1
1.0
1
1
1.0
1
1
1.0
1
1
1.0
1
1
1.0
1
1
1.0
1
1
1.0
1
1
1.0
1
1
1.0588235294117647
1
1
1.0
1
1
1.0
1
1
1.0
1
1
1
1.0258620689655173
1
1
1.0120481927710843
1
1
1.0225563909774436
1
1
1.032258064516129
1
1
1.0120481927710843
1
1
1.0454545454545454
1
1
1.0
1
1
1.0
1
1
1.0
1
1
1.0
1
1
1.0390625
1
1
1.0347222222222223
1
1
1.0
1
1
1.0416666666666667
1
1
1.0
1
1
1.0238095238095237
1
1
1.0
1
1
1.0
1
1
1.0
1
1
1.0555555555555556
1
1
1.0
1
1
1.0
1
1
1.0
1
1
1.0
1
1
1.0
1
1
1.0
1
1
1.0625
1
1
1.0357142857142858
1
1
1.1
1
1
1.0
1
1
1.0
1
1
1.0
1
1
1.0
1
1
1.0166666666666666
1
1
1.0
1
1
1.0
1
1
1.0
1
1
1.0
1
1
1.0192307692307692
1
1
1.0
1
1
1.0222222222222221
1
1
1.0
1
1
1.0
1
1
1.0
1
1
1.0
1
1
1.0
1
1
1.0514285714285714
1
1
1.0
1
1
1.0
1
1
1.0625
1
1
1.0
1
1
1.0
1
1
1.0
1
1
1.0454545454545454
1
1
1.0
1.0
1.0
1
1.0
1
1.0
1
1
1.0
1.0
1.0
1
1.0
1
1.0
1
1
1.0
1
1
1.0
1
1
1.0666666666666667
1
1
1.0
1.0
1
1.0410958904109588
1
1.0
1
1
1
1.018181818181818
1
1
1.0
1
1
1.0
1
1
1.0
1
1
1.0
1
1
1.0
1
1
1.0
1
1
1.0
1
1
1.0
1.0166666666666666
1
1.0
1
1.0
1
1
1
1.0
1
1
1
1.0833333333333333
1
1
1.0
1
1
1.0
1
1
1.0
1
1
1.0
1
1
1.0
1
1
1.0
1
1
1.0
1
1
1.0
1
1
1.0
1
1
1.0246913580246915
1
1
1.0
1
1
1.0
1
1
1.0
1
1
1.0
1
1
1.0
1
1
1.0
1
1
1.0185185185185186
1
1
1.036697247706422
1
1
1.0
1
1
1.0
1
1
1.0
1
1
1.0
1
1
1.0666666666666667
1
1
1.0
1
1
1.0
1
1
1.0
1
1
1
1.0
1
1
1.0
1
1
1.0
1
1
1.0
1
1
1.0
1
1
1.0
1
1
1.0
1
1
1.0147058823529411
1
1
1.0
1
1
1.0909090909090908
1
1
1.064102564102564
1
1
1.0235294117647058
1
1
1.03125
1
1
1.0
1
1
1.0568181818181819
1
1
1.0
1
1
1.0
1
1
1.0
1
1
1.0
1
1
1.0
1
1
1.0
1
1
1.0123456790123457
1
1
1.1111111111111112
1
1
1.0125
1
1
1.0
1
1
1.0
1
1
1.0571428571428572
1
1
1.0
1
1
1.0260416666666667
1
1
1.2173913043478262
1.088
1.0405405405405406
1
1
1.0
1
1
1.0
1
1
1.0
1
1
1.0
1
1
1.0
1
1
1.0
1
1
1.0
1
1
1.0
1
1
1.0
1
1
1.0
1
1
1.0101010101010102
1
1
1.0
1
1
1.0
1
1
1.0
1
1
1.0
1
1
1.0631067961165048
1
1
1.0
1
1
1.0
1
1
1.0
1
1
1.0
1
1
1.0
1
1
1.0
1
1
1.05
1
1
1.0147058823529411
1
1
1.074074074074074
1
1
1.0
1
1
1.0
1
1
1.0
1
1
1.0
1
1
1.0
1
1
1.0
1
1
1.0
1
1
1.0588235294117647
1
1
1.0114942528735633
1
1
1.0238095238095237
1
1
1.0666666666666667
1
1
1.0
1
1
1.0
1
1
1.0
1
1
1.0
1
1
1.0
1
1
1.0192307692307692
1
1
1.0
1
1
1.0
1
1
1.0192307692307692
1
1
1.0347222222222223
1
1
1.0
1
1
1.0114942528735633
1
1
1.0
1
1
1.0735294117647058
1
1
1.0843373493975903
1
1
1.0480769230769231
1
1
1.0
1
1
1.0
1
1
1.0
1
1
1.0
1
1
1.0
1
1
1.0416666666666667
1
1
1.0151515151515151
1
1
1.0066666666666666
1
1
1.0
1
1
1.0147058823529411
1
1
1.0
1
1
1.0863309352517985
1
1
1.0
1
1
1.0526315789473684
1
1
1.0
1
1
1.024390243902439
1
1
1.0
1
1
1.0083333333333333
1
1
1.0
1
1.0
1
1
1.0119047619047619
1
1
1.0
1
1
1.0
1
1
1.0
1
1
1.0
1
1
1.0
1
1
1.0
1
1
1.0
1
1
1.0520833333333333
1
1
1.0
1
1
1.0
1
1
1.0
1
1
1.0
1
1
1.072072072072072
1
1
1.0
1
1
1.0
1
1
1.0
1
1
1.0
1
1
1.0
1
1
1.0
1
1
1.0
1
1
1.0105263157894737
1
1
1.0
1
1
1.0
1
1
1.02020202020202
1.0
1
1.0
1
1.0482758620689656
1
1
1
1.013157894736842
1
1
1.028301886792453
1
1
1.0
1
1
1.0
1
1
1.0
1
1
1.0
1
1
1.0
1
1
1.0
1
1
1.0
1
1
1
1.0816326530612246
1
1
1.0888888888888888
1
1
1.0
1
1
1.0
1
1
1.040650406504065
1
1
1.0192307692307692
1.0
1
1.0
1
1.0196078431372548
1
1
1.0
1
1
1
1.0167597765363128
1
1
1.0571428571428572
1
1
1.0
1
1
1.0
1
1
1.0
1
1
1.0
1
1
1.0204081632653061
1
1
1.0
1
1
1.0357142857142858
1
1
1.0
1
1
1.0
1
1
1.0
1
1
1.0153846153846153
1
1
1.0
1
1
1.0
1
1
1.0413223140495869
1
1
1.0097087378640777
1
1
1.0
1
1
1.037037037037037
1
1
1.040650406504065
1
1
1.0103092783505154
1
1
1.0
1
1
1.0
1
1
1.0
1
1
1.024
1
1
1.0
1
1
1.0
1
1
1.0
1
1
1.0092592592592593
1
1
1.0
1
1
1.0294117647058822
1
1
1.0229885057471264
1
1
1.0087719298245614
1
1
1.0085470085470085
1
1
1.0
1
1
1.0
1
1
1.0
1
1
1.0198675496688743
1
1
1.025
1
1
1.0
1
1
1.0161290322580645
1
1
1.0769230769230769
1
1
1.0
1
1
1.0625
1
1
1.0
1
1
1
1.0
1
1
1.0
1
1
1.0
1
1
1.0
1
1
1.0
1
1
1.0408163265306123
1
1
1.0
1
1
1.0
1
1
1.015625
1
1
1.0
1
1
1.0
1
1
1.0
1
1
1.0
1
1
1.0
1
1
1.0
1
1
1.0
1
1
1.0
1
1
1.0
1
1
1.0
1
1
1.0
1
1
1.008130081300813
1
1
1.0128205128205128
1
1
1.024390243902439
1
1
1.0
1
1
1.0
1
1
1.0
1
1
1.0
1
1
1.0348837209302326
1
1
1.04
1
1
1.0
1.0186915887850467
1
1.2307692307692308
1
1
1.0424242424242425
1
1
1.0
1
1
1.0070921985815602
1
1
1.010752688172043
1
1
1.0
1
1
1.0224719101123596
1
1
1.0
1
1
1.0091743119266054
1
1
1.046875
1
1
1.0
1
1
1.06
1
1
1.0
1
1.0246913580246915
1
1
1
1.0434782608695652
1
1
1.0
1
1
1.0
1
1
1.0
1
1
1.0
1
1.0
1
1
1.0333333333333334
1
1.0
1
1
1.0
1
1
1.0
1
1
1.0
1
1
1.0
1
1
1.0
1
1
1.0
1
1
1.0
1
1
1.0
1.0
1
1.0
1
1
1.0
1
1
1.0
1
1
1.0
1
1
1
1.0
1
1
1.0
1
1
1.1014492753623188
1
1.0595238095238095
1
1
1.011111111111111
1
1
1.0
1
1
1.0
1
1
1.0
1
1
1.0
1
1
1.0
1
1
1.0
1
1
1.032258064516129
1
1
1.0
1
1
1.0
1
1
1.0
1
1
1.0491803278688525
1
1
1.0
1
1
1.0
1
1
1.0135135135135136
1
1
1.0
1
1
1.0719424460431655
1
1
1.0612244897959184
1
1
1.0212765957446808
1
1
1.0
1
1
1.0
1
1
1.053191489361702
1
1
1.0
1
1
1.0178571428571428
1.0
1
1.0113636363636365
1
1
1.0833333333333333
1
1
1.0555555555555556
1
1
1.0384615384615385
1
1
1
1.0
1
1
1.0
1
1
1.0
1
1
1.0405405405405406
1
1
1.0277777777777777
1
1
1.0
1
1
1.0
1
1
1.0
1
1
1.0
1
1
1.0
1
1
1.0
1
1
1.0
1
1
1.0147058823529411
1
1
1.0
1
1
1.0
1
1
1.1
1
1
1.0
1
1
1.0
1
1
1.0
1
1
1.0806451612903225
1
1
1.0384615384615385
1
1
1.0
1
1
1.0
1
1
1.0163934426229508
1
1
1.0
1
1
1.0
1
1
1.0
1
1
1.0
1
1
1.0
1
1
1.0
1
1
1.0
1
1
1.0178571428571428
1
1
1
1.0
1
1
1.041237113402062
1
1
1.0
1
1
1.0
1.0
1
1.0
1
1.0
1.0
1
1.0217391304347827
1
1.0
1
1
1
1
1.0
1
1
1.0
1
1
1.0
1
1
1.0
1
1
1.0092592592592593
1
1
1.0
1
1
1.0338983050847457
1
1
1.0606060606060606
1
1
1.025
1
1
1.0833333333333333
1
1
1.0
1
1
1.0185185185185186
1
1
1.0
1
1
1.0
1
1
1.0
1
1
1.037037037037037
1
1
1.0
1
1
1.0
1
1
1.0
1
1
1.0461538461538462
1
1
1.0
1
1
1.0714285714285714
1
1
1.0
1
1
1.037037037037037
1
1
1.0526315789473684
1
1
1
1.0
1
1
1.05
1
1
1.0
1
1
1.0408163265306123
1
1
1
1.0
1
1
1.0238095238095237
1
1
1.0
1
1
1.0
1
1
1.0416666666666667
1
1
1.0149253731343284
1
1
1.0
1
1
1.074074074074074
1
1
1.0
1
1
1.0
1
1
1.0
1
1
1.0
1
1
1.108695652173913
1
1
1.018348623853211
1
1
1.065217391304348
1
1
1.0
1
1
1.0303030303030303
1
1
1.0
1
1
1.02
1
1
1.0114942528735633
1
1
1.0
1
1
1.0
1
1
1.0
1
1
1.0
1
1
1.0
1
1
1.0
1
1
1.0
1
1
1.0615384615384615
1
1
1.0222222222222221
1
1
1.0
1
1
1.088235294117647
1
1
1.0
1
1
1.0
1
1
1.0
1
1
1.0
1
1
1.0
1
1
1.044776119402985
1
1
1.0
1
1
1.0555555555555556
1
1
1.0674157303370786
1.0660377358490567
1.054054054054054
1
1.0714285714285714
1
1.0
1
1
1
1.0
1
1
1.0476190476190477
1
1
1
1.0566037735849056
1
1
1
1
1
1.0
1
1
1.0416666666666667
1
1
1.0
1
1
1.0
1
1
1.024
1
1
1.0144927536231885
1
1
1.02020202020202
1
1
1.0
1
1
1.0
1
1
1.0256410256410255
1
1
1.0116279069767442
1
1
1.0
1
1
1.0384615384615385
1
1
1.0144927536231885
1
1
1.0425531914893618
1
1
1.0
1
1
1.0
1
1
1.0
1.0
1
1.3333333333333333
1
1
1.0
1
1
1.0
1
1
1.0
1
1
1.0
1
1
1.0
1
1
1.0238095238095237
1
1
1.0
1
1
1.0
1
1
1.0
1
1
1.0384615384615385
1
1
1.0
1
1
1
1.0089285714285714
1
1
1.0153846153846153
1
1
1.0
1
1
1.0
1
1
1.0
1
1
1.0266666666666666
1
1
1.0
1
1
1.0
1
1
1.0196078431372548
1
1
1.0
1
1
1.0416666666666667
1
1
1.0
1
1
1.0238095238095237
1
1
1.0727272727272728
1
1
1.0172413793103448
1
1
1.0
1
1
1.0188679245283019
1
1
1.0327868852459017
1
1
1.0340909090909092
1
1
1.0
1
1
1.0
1
1
1.0
1
1
1.0476190476190477
1
1
1.0
1
1
1.0
1
1
1.0
1
1
1.0277777777777777
1
1
1.03125
1
1
1.0
1
1
1.0
1
1
1.05
1
1
1.0264900662251655
1
1
1.1
1
1
1.0
1
1
1.0
1
1
1.0
1
1
1.0
1
1
1.0
1
1
1.0196078431372548
1
1
1.0
1
1
1.0
1.0
1
1.0
1
1
1.0
1
1
1.0
1
1
1.0
1
1
1.0
1
1
1.0
1
1
1.0363636363636364
1
1
1.0149253731343284
1
1
1.0
1
1
1
1.0
1
1
1
1.0192307692307692
1
1
1.0285714285714285
1
1
1.0
1
1
1.0
1
1
1.0588235294117647
1
1
1.0
1
1
1.0294117647058822
1
1
1.0
1
1
1.0
1
1
1.0
1
1
1.073643410852713
1
1
1.0
1
1
1.0
1
1
1.0458015267175573
1
1
1.0091743119266054
1
1
1.0
1
1
1.0
1
1
1.0
1
1
1.0
1
1
1.0
1
1
1.0
1
1
1.0
1
1
1.0
1
1
1.0
1
1
1.0
1
1
1.0126582278481013
1
1
1.0
1
1
1.0093457943925233
1
1
1.0373831775700935
1
1
1.0
1
1
1.0330578512396693
1.036144578313253
1
1.0441176470588236
1
1.0
1
1
1
1.0
1
1
1.0
1
1
1.0
1
1
1.0
1
1
1.0555555555555556
1
1
1.0
1
1
1.0625
1
1
1.0
1
1
1.0212765957446808
1
1
1.0416666666666667
1
1
1.0
1
1
1.0625
1
1
1.0212765957446808
1
1
1.0
1
1
1.0
1
1
1.0
1
1
1.0
1
1
1.03125
1
1
1.0
1
1
1.0
1
1
1.0454545454545454
1
1
1.0
1
1
1.0
1
1
1.0
1.0555555555555556
1
1.0
1
1
1.0454545454545454
1.0
1
1.0062893081761006
1
1
1.0
1
1
1.0263157894736843
1
1
1.0
1
1
1.0357142857142858
1
1
1.0
1
1
1.0410958904109588
1
1
1.0
1
1
1.0121951219512195
1
1
1.0212765957446808
1
1
1.0
1
1
1.0196078431372548
1
1
1.0112359550561798
1
1
1.0
1
1
1.0384615384615385
1
1
1.0517241379310345
1
1
1.0
1
1
1.0
1
1
1.0
1
1
1.0285714285714285
1
1
1.0
1
1
1.0
1
1
1.0
1
1
1.0
1
1
1.0
1
1
1.0
1
1
1.0
1
1
1.0
1
1
1.0
1
1
1.0
1
1
1.0
1
1.0
1
1
1.0
1
1
1.0
1
1
1.0
1
1
1.0
1
1
1.025
1
1
1.0
1.0
1
1.0
1
1
1.0
1
1
1.0
1
1
1.03125
1
1
1.0
1
1
1.0
1
1
1.0
1
1
1.009090909090909
1
1
1.0103092783505154
1
1
1.0
1
1
1.0
1
1
1.0104166666666667
1
1
1.0121951219512195
1
1
1.0
1
1
1.0087719298245614
1
1
1.0
1
1
1.0
1
1
1.0
1
1
1.010752688172043
1
1
1.0212765957446808
1
1
1.0
1
1
1.0
1
1
1.0
1
1
1.0103092783505154
1
1
1.0
1
1
1.0204081632653061
1
1
1.0
1
1
1.04
1
1
1.0
1
1
1.0
1.0
1
1.0
1
1.0178571428571428
1
1
1.0
1
1
1
1
1.0
1
1
1.0
1
1
1.0142857142857142
1
1
1.0
1
1
1.0277777777777777
1
1
1.0
1
1
1.0
1.0
1
1.0454545454545454
1
1
1.0
1
1
1.032258064516129
1
1
1.0285714285714285
1.0
1
1.0
1
1
1.0
1
1
1.0
1
1
1.0
1
1
1.0
1
1.0
1
1
1.0
1
1
1.0
1
1
1.0
1
1
1.0
1
1
1.0
1
1
1.0357142857142858
1
1
1.02020202020202
1
1
1.0
1
1
1.0
1
1
1.0
1
1
1.0
1
1
1.0
1
1
1.0
1
1
1.0
1
1
1.0
1
1
1.0
1
1
1.0357142857142858
1
1
1.032
1
1
1.02
1
1
1
1.1666666666666667
1
1
1.0
1
1
1.018181818181818
1
1
1.0
1
1
1.1111111111111112
1
1
1.0
1
1
1.0
1
1
1.0909090909090908
1
1
1.0
1
1
1.0
1
1
1.0
1
1
1.0
1
1
1.0
1
1
1.0
1
1
1.018181818181818
1
1
1.0266666666666666
1
1
1.0
1
1
1.0
1
1
1.0
1
1
1.0
1
1
1.08
1
1
1.0
1
1
1.0204081632653061
1
1
1.0
1
1
1.0392156862745099
1
1
1.0
1
1
1.04
1
1
1.0
1
1
1.0
1
1
1.0
1
1
1.0444444444444445
1
1
1.0
1.0
1.0
1
1.2012987012987013
1.036231884057971
1.0584415584415585
1
1.0566037735849056
1
1.0303030303030303
1
1.0
1
1
1.0
1
1
1.0
1
1
1.0
1
1
1.0
1
1
1.0
1
1
1.0
1
1
1.03125
1
1
1.0
1
1
1.0
1
1
1.0344827586206897
1
1
1.0084745762711864
1
1
1.0
1.0
1
1.0
1
1.0
1
1
1.0
1
1
1
1.0
1
1
1.0
1
1
1.0
1
1
1.0
1
1
1.0
1
1
1.0
1
1
1.0
1
1
1.0
1
1
1.125
1
1
1.0
1
1
1.0
1
1
1.0
1
1
1.0
1
1
1.0
1
1
1.0176470588235293
1
1
1.0
1
1
1.0147058823529411
1
1
1.0
1
1
1.0
1
1
1.0
1
1
1.0
1
1
1.0
1
1
1.0
1
1
1.0
1
1
1.0
1.0
1
1.0
1
1
1.0
1
1
1.0
1
1
1.0
1
1
1.0
1
1
1.0
1
1
1.0434782608695652
1
1
1.0
1
1
1.0
1.0476190476190477
1
1.0
1
1.0
1
1
1.0
1
1
1.0
1
1
1
1.0
1
1
1.0555555555555556
1
1
1.0571428571428572
1
1
1.0
1
1
1.0
1
1
1.0
1
1
1.0
1
1
1.0208333333333333
1
1
1.0
1
1
1.0166666666666666
1
1
1.0
1
1
1.0
1
1
1.0
1
1
1.0
1
1
1.0
1
1
1.0357142857142858
1
1
1.0392156862745099
1
1
1.0
1
1
1.0
1.0
1
1.0175438596491229
1
1.0
1
1
1.0
1
1
1.0
1
1
1.0
1
1
1.0
1
1
1.0
1
1
1.0
1
1
1.0
1
1
1.0
1
1
1.0
1
1
1
1.0
1
1
1
1.0
1
1
1.0
1.0
1
1.0
1
1.0086206896551724
1
1
1.0
1
1
1.0
1
1
1.0
1
1
1.0
1
1
1.0
1
1
1.0
1
1
1
1.0
1
1
1.0
1
1
1.0
1
1
1.0
1
1
1.0
1
1
1.0
1
1
1.0151515151515151
1
1
1.0
1
1
1.0625
1
1
1.054054054054054
1
1
1.0
1
1
1.0
1
1
1.0
1
1
1.0227272727272727
1.032258064516129
1
1.0
1
1
1.0
1
1
1.0
1
1
1.0
1
1
1.0
1
1
1.0
1
1
1.0
1
1
1.0
1
1.0
1.0
1
1.0
1
1
1.0
1
1
1.0
1
1
1.0
1
1
1.0192307692307692
1
1
1.0
1
1
1.0
1.0
1
1.0
1.0
1
1.0
1
1
1.0
1
1.0357142857142858
1
1
1.0208333333333333
1
1
1.0246913580246915
1
1
1.032258064516129
1
1
1.0
1
1
1.0
1
1
1.0
1
1
1.0
1
1
1.0
1
1
1.0
1
1
1.0
1
1
1.0
1
1
1.0
1
1
1.0387596899224807
1
1
1.020979020979021
1
1
1.018181818181818
1
1
1.017094017094017
1
1
1.0364963503649636
1
1
1.04
1
1
1.0
1
1
1.0
1
1
1.0
1
1
1.0
1
1
1.0
1
1
1.0526315789473684
1
1
1.0
1
1
1.0
1
1
1.0
1
1
1.0
1
1
1.0
1
1
1.0227272727272727
1
1
1.0
1
1
1.0
1
1
1.0491803278688525
1
1
1.0
1
1
1.0
1
1
1.1711711711711712
1
1
1.0
1
1
1.0
1
1
1.0
1
1
1.0
1
1
1.0
1
1
1.0
1
1
1.0
1
1
1.0
1
1
1.0
1
1
1.0
1
1
1.0
1
1
1.0
1
1
1.0
1
1
1.0133333333333334
1
1
1.0
1
1
1.0
1
1
1.0
1
1
1.0
1
1
1.0
1.0
1
1.0
1
1.0
1
1
1
1.0
1
1
1.0869565217391304
1
1
1.0
1
1
1.0
1
1
1.0
1
1
1.0
1
1
1.0
1
1
1.0
1
1
1.0
1
1
1.015625
1
1
1.0598290598290598
1
1
1.0416666666666667
1
1
1.0178571428571428
1
1
1.0357142857142858
1
1
1.0
1
1
1.032258064516129
1
1
1.0408163265306123
1
1
1.0
1
1
1.032258064516129
1
1
1.027027027027027
1
1
1.0
1
1
1.017391304347826
1
1
1.0149253731343284
1
1
1.0161290322580645
1
1
1.175
1
1
1.0365853658536586
1
1
1.0
1
1
1.0
1
1
1.0
1
1
1.054054054054054
1
1
1.0
1
1
1.0
1
1
1.0
1
1
1.0
1
1
1.0
1
1
1.0
1
1
1.0
1
1
1.032258064516129
1
1
1.0
1
1
1.0
1
1
1.0
1
1
1.0
1
1
1.0
1
1
1.0833333333333333
1.0
1
1.0
1
1
1.0
1
1.0
1
1
1.0
1.0
1
1.0
1
1
1.0
1.0
1.0
1.0
1.0227272727272727
1.0425531914893618
1.0379746835443038
1
1.075
1.0
1
1.0
1
1
1.0
1
1
1.0
1
1
1.0
1.0
1
1.037037037037037
1
1.025
1
1
1.0384615384615385
1
1
1.0294117647058822
1
1
1.0
1
1
1.043859649122807
1
1
1.0
1
1
1.0
1
1
1.0
1
1
1.0476190476190477
1
1
1.0
1
1
1.05
1
1
1.0
1
1
1.0
1
1
1.0
1
1
1.027027027027027
1.0336134453781514
1
1.0222222222222221
1
1
1
1.0
1
1
1.0145985401459854
1
1
1.037037037037037
1
1
1.0076335877862594
1
1
1.0
1
1
1.0144927536231885
1.0
1
1.0273972602739727
1
1
1.0
1
1
1.064516129032258
1
1
1.0
1
1
1.1030927835051547
1
1
1.0204081632653061
1
1
1.0196078431372548
1
1
1.0384615384615385
1
1
1.0333333333333334
1
1
1.0
1
1
1.0
1
1
1.0
1
1
1.0
1
1
1
1.0
1
1
1.0
1
1
1.0727272727272728
1
1
1.0
1
1
1.0
1
1
1.0
1
1
1.0
1
1
1.0
1
1
1.0
1
1
1.0
1
1
1.0
1
1
1.04
1
1
1.0232558139534884
1
1
1.0
1
1
1.0
1
1
1.0
1
1
1.0
1
1
1.0
1
1
1.0
1
1
1.0
1
1
1.0
1
1
1.0
1
1
1.0
1
1
1.0298507462686568
1
1
1.0298507462686568
1
1
1.064102564102564
1
1
1.0
1
1
1.0
1
1
1.0
1
1
1.0
1
1
1.2857142857142856
1
1
1.0769230769230769
1
1
1.0153846153846153
1
1
1.0235294117647058
1
1
1.0
1
1
1.0245901639344261
1
1
1.0
1
1
1.0
1
1
1.0
1
1
1
1.0
1
1
1.037037037037037
1
1
1.0
1
1
1.0
1
1
1.0
1
1
1.0
1.0172413793103448
1
1.0
1
1
1.0
1
1
1.025
1
1
1.0
1
1
1.0
1
1
1.0
1
1
1.0
1
1
1.0
1
1
1.0
1
1
1.0
1.024390243902439
1
1.0303030303030303
1
1.0526315789473684
1
1
1.0
1
1
1.0
1
1
1.0
1
1
1
1.0
1
1
1.0
1
1
1.0
1
1
1.0638297872340425
1
1
1.0
1
1
1.0
1
1
1.0
1
1
1.0
1
1
1.0
1
1
1.1014492753623188
1
1
1.0
1
1
1.0
1
1
1.0
1
1
1.0
1
1
1.0
1
1
1.0318471337579618
1
1
1.0
1
1
1.0
1
1
1.0
1
1
1.0
1
1
1
1.0188679245283019
1
1
1.0188679245283019
1
1.0277777777777777
1
1
1.0
1
1
1
1.0508474576271187
1
1
1.0
1
1
1.0
1
1
1
1.0
1
1
1.0
1
1
1
1.0
1
1
1.0
1
1
1.0
1
1
1.0
1
1
1.0491803278688525
1
1
1.0
1
1
1.0416666666666667
1
1
1.0338983050847457
1
1
1.0172413793103448
1
1
1.0
1
1
1.0
1
1
1.0
1
1
1.0714285714285714
1
1
1.0
1
1
1.0
1
1
1.0434782608695652
1
1
1.0192307692307692
1
1
1.0
1
1
1.0
1
1
1.0163934426229508
1
1
1.0
1
1
1.0204081632653061
1
1
1.0
1
1
1
1.0
1
1
1.0
1
1
1.0
1
1
1.0277777777777777
1
1
1.0394736842105263
1
1
1.0
1
1
1.0
1
1
1.0
1.0
1
1.074074074074074
1
1
1.0
1
1
1.0
1
1
1.0
1.0
1
1.0
1
1
1.0588235294117647
1
1
1.0
1
1
1.0
1.0129870129870129
1
1.0128205128205128
1
1
1.0
1
1
1.0416666666666667
1
1
1.0535714285714286
1
1
1.0
1
1
1.0217391304347827
1
1
1.0
1
1
1.0
1
1
1.0
1
1
1.0
1
1
1.0
1
1
1.0
1
1
1.0
1
1
1.0125
1
1
1.0
1
1
1.0
1
1
1.0
1
1
1.0833333333333333
1
1
1.0
1
1
1.0
1
1
1.0
1
1
1.0769230769230769
1
1
1.0555555555555556
1
1
1.0379746835443038
1
1
1.0
1
1
1.0454545454545454
1
1
1.0
1
1
1.0625
1
1
1.0
1
1
1.0
1
1
1.0317460317460316
1
1
1.0810810810810811
1
1
1.0
1
1
1.0
1
1
1.0
1
1
1.0
1
1
1.0
1
1
1.0
1
1
1.06
1
1
1.0
1
1
1.0303030303030303
1
1
1.0
1
1
1.0
1
1
1.0
1
1
1.0
1
1
1.0
1
1
1.0294117647058822
1
1
1.024390243902439
1
1
1.025
1
1
1.0
1
1
1.0246913580246915
1
1
1.0
1
1
1.0
1
1
1.0
1
1
1.0
1
1
1.0
1
1
1.0
1
1
1.088235294117647
1
1
1.0263157894736843
1
1
1.0481927710843373
1
1
1.0138888888888888
1
1
1.025
1
1
1.0136986301369864
1
1
1.0344827586206897
1
1
1.0
1
1
1.0188679245283019
1
1
1.0625
1
1
1.0
1
1
1.0
1
1
1.0
1
1
1.0
1
1
1.125
1
1
1
1.0
1
1
1.0
1
1
1.0
1
1
1.0
1
1
1.0
1
1
1.0
1
1
1.0
1
1
1.0
1
1
1.0
1
1
1.0
1
1
1.0
1
1
1.0
1
1
1.0
1
1
1.0
1
1
1.0
1
1
1.0
1
1
1.0
1
1
1.0
1
1
1.0
1
1
1.0
1
1
1.0714285714285714
1
1
1.0
1
1
1.0
1
1
1.0
1
1
1.0229885057471264
1
1
1.0
1
1
1.0
1
1
1.0
1
1
1.0
1
1
1.0
1
1
1.0
1
1
1.0
1
1
1.0
1
1
1.0
1
1
1.0
1
1
1.0
1
1
1.0
1
1
1.0
1
1
1.0
1
1
1.1052631578947367
1
1
1.0232558139534884
1
1
1.0
1
1
1.0
1
1
1.0
1
1
1.0350877192982457
1
1
1.0357142857142858
1
1
1.0
1
1
1.0819672131147542
1
1
1.046875
1
1
1.0
1
1
1.0
1
1
1.0303030303030303
1
1
1.0
1
1
1.0144927536231885
1
1
1.0683760683760684
1
1
1.0
1
1
1.0
1
1
1.025974025974026
1
1
1.037037037037037
1
1
1.0
1
1
1.0
1
1
1.0
1
1
1.0
1
1
1.0434782608695652
1
1
1.0
1.0476190476190477
1
1.0
1
1
1.0
1
1
1.0
1
1
1.0
1
1
1.0
1
1
1.0
1
1
1.0
1
1
1.0
1
1
1.0
1
1
1.0
1
1
1.0357142857142858
1
1
1.0
1
1
1.0
1
1
1.0
1
1
1.0
1
1
1.0
1
1
1.0
1
1
1.0
1
1
1.0
1
1
1.0
1
1
1.0
1
1
1.0
1
1
1.0
1
1
1.0
1
1
1.0263157894736843
1
1
1.0
1
1
1.0
1
1
1.0
1
1
1.0
1
1
1.0588235294117647
1
1
1.0
1
1
1.0
1
1
1.0769230769230769
1
1
1.0121951219512195
1
1
1.0
1
1
1.0
1
1
1.0
1
1
1.0357142857142858
1
1
1.0
1
1
1.0
1
1
1.0
1
1
1.0
1
1
1.0
1
1
1.0
1
1
1.037037037037037
1
1
1.0
1
1
1.0
1
1
1.0140845070422535
1
1
1.0
1
1
1.0
1
1
1.0833333333333333
1.0454545454545454
1
1.0555555555555556
1
1
1.0
1
1
1.0275229357798166
1
1
1.010204081632653
1
1
1.0
1
1
1.0
1
1
1.0
1
1
1.0087719298245614
1
1
1.0
1
1
1.065217391304348
1
1
1.1022727272727273
1
1
1.0
1
1
1.0571428571428572
1
1
1.0
1
1
1.04
1
1
1.0666666666666667
1
1
1.0
1
1
1.4666666666666668
1
1
1.0
1
1
1.0
1
1
1.0
1.0
1
1.0
1
1
1.0
1
1
1.0
1
1
1.0206896551724138
1
1
1.0166666666666666
1
1
1.0
1
1
1.0
1
1
1.0
1
1
1.0232558139534884
1
1
1.0
1
1
1.0
1
1
1.0
1
1
1.0222222222222221
1
1
1.0266666666666666
1
1
1.0
1
1
1.075268817204301
1
1
1.0666666666666667
1
1
1.0909090909090908
1
1
1.0
1
1
1.0666666666666667
1
1
1.0
1
1
1.0
1
1
1.0416666666666667
1
1
1.0
1
1
1.0
1
1
1.0
1
1
1.0
1
1
1.0
1
1
1.0
1
1
1.0
1
1
1.0
1
1
1.0
1
1
1.0
1
1
1.0
1
1
1.0
1
1
1.0
1.0
1
1.0
1
1
1.0
1
1
1.0
1
1
1.0
1
1
1.0
1
1
1.0
1
1
1.0434782608695652
1
1
1.0
1
1
1.0
1
1
1.0
1
1
1.03125
1
1
1.0
1
1
1.0
1
1
1.0
1
1
1.0294117647058822
1
1
1.0
1
1
1.0
1
1
1.0
1
1
1.0
1
1
1.0
1
1
1.0
1
1
1.0
1
1
1.0408163265306123
1
1
1.0125
1
1
1.0526315789473684
1
1
1.0
1
1
1.0
1
1
1.0
1
1
1.0
1
1
1.0
1
1
1.0
1
1
1.0
1
1
1.0
1
1
1.0123456790123457
1
1
1.0
1
1
1.0
1
1
1.028169014084507
1
1
1.0520833333333333
1
1
1.0
1
1
1.0
1
1
1.0
1
1
1.0357142857142858
1
1
1.25
1
1
1.0769230769230769
1
1
1.0
1
1
1.0
1
1
1.0
1
1
1.094170403587444
1.1025641025641026
1
1.0810810810810811
1
1
1.0459770114942528
1
1
1.024390243902439
1
1
1.0
1
1
1.0
1
1
1.0
1
1
1.0
1
1
1.0
1
1
1.0
1
1
1.0
1
1
1.0
1
1
1.0535714285714286
1
1
1.0
1
1
1.0
1
1
1.0
1
1
1.1
1
1
1.0634920634920635
1
1
1.103448275862069
1
1
1.013157894736842
1
1
1.0185185185185186
1
1
1.0
1
1
1.0
1
1
1.0277777777777777
1
1
1.065934065934066
1
1
1.0
1
1
1.0344827586206897
1
1
1.0303030303030303
1
1
1.0
1
1
1.0
1
1
1.079646017699115
1
1
1.0408163265306123
1
1
1.010752688172043
1
1
1.0
1
1
1.0
1
1
1.0
1
1
1.064516129032258
1
1
1.0285714285714285
1
1
1.0
1
1
1.0851063829787233
1
1
1.0810810810810811
1
1
1.0166666666666666
1
1
1.0
1
1
1.0
1
1
1.0217391304347827
1
1
1.0
1
1
1.0
1
1
1.0
1
1
1.0
1
1
1.0
1
1
1.0
1
1
1.0
1
1
1.0
1
1
1.0
1
1
1.0
1
1
1.0
1
1
1.0615384615384615
1
1
1.0
1
1
1.0
1
1
1.0188679245283019
1
1
1.0
1
1
1.0392156862745099
1.0178571428571428
1
1.0
1
1
1.0
1
1
1.0
1
1
1.0317460317460316
1
1
1.0736842105263158
1
1
1.0588235294117647
1
1
1.02
1
1
1.05
1
1
1.0337078651685394
1
1
1.0208333333333333
1
1
1.0238095238095237
1
1
1.0
1
1
1.0192307692307692
1
1
1.0
1
1
1.0
1
1
1.0
1
1
1.0476190476190477
1
1
1.0
1
1
1.0
1
1
1.0246913580246915
1
1
1.0
1
1
1.0
1
1
1.0
1
1
1.0
1
1
1.0
1
1
1.0
1
1
1.0
1
1
1
1.0
1
1
1.0
1
1
1.0
1
1
1.0
1
1
1.0
1
1
1.0
1
1
1.0
1
1
1.0
1
1
1.0
1
1
1.0
1
1
1.0
1
1
1.0
1
1
1.0
1
1
1.0
1
1
1.0
1
1
1.0
1
1
1.0
1
1
1.0
1
1
1.0
1
1
1.0
1
1
1.0
1.0
1.0
1
1.0357142857142858
1.0365853658536586
1
1.0
1.0392156862745099
1
1.0
1
1.0
1
1
1.0
1
1
1.0
1
1
1.0555555555555556
1
1
1.0
1
1
1.0212765957446808
1
1
1.0
1
1
1.046875
1
1
1.0
1
1
1.0
1
1
1.0
1
1
1.0196078431372548
1
1
1.0
1
1
1.0416666666666667
1
1
1.0158730158730158
1
1
1.0
1
1
1.03125
1
1
1.0454545454545454
1
1
1.0
1
1
1.0
1
1
1.0714285714285714
1
1
1.0222222222222221
1
1
1.0
1
1
1.0576923076923077
1
1
1.0
1
1
1.0
1
1
1.0
1
1
1.0
1
1
1.0
1
1
1.0
1
1
1.0
1
1
1.0
1
1
1.0
1.0
1
1.0
1
1.0
1
1
1
1.0
1
1
1.025
1
1
1.0
1
1
1.0
1
1
1.0
1
1
1.0068493150684932
1
1
1
1.0070921985815602
1
1
1.0
1
1
1.0133333333333334
1
1
1.0
1
1
1.0434782608695652
1
1
1.0232558139534884
1
1
1.0208333333333333
1
1
1.0
1
1
1.0227272727272727
1
1
1.0
1
1
1
1.0
1
1
1.0
1
1
1.0677966101694916
1
1
1.0144927536231885
1
1
1.0
1
1
1
1.0
1
1
1.0606060606060606
1
1
1.0
1
1
1.0
1
1
1.0
1
1
1.0543478260869565
1
1
1.2
1
1
1.0
1
1
1.0
1
1
1.0
1
1
1.0
1
1
1.0
1
1
1.0
1
1
1.0
1
1
1.0
1
1
1.0
1
1
1.0
1.0
1
1.0
1
1
1.0
1
1
1.0
1
1
1.0
1
1
1.0588235294117647
1
1
1.0
1
1
1.0
1
1
1.0
1
1
1.0256410256410255
1
1
1.056338028169014
1
1
1.0
1
1
1.0
1
1
1.0
1
1
1.0
1
1
1.0
1
1
1.0
1
1
1.0
1
1
1.0
1
1
1.0555555555555556
1
1
1.037037037037037
1
1
1.025
1
1
1.0588235294117647
1
1
1.0142857142857142
1
1
1.0
1
1
1.0
1
1
1.0
1
1
1.0
1
1
1.0
1
1
1.0
1
1
1.0
1
1
1.0
1
1
1.0
1
1
1.0
1
1
1.0
1
1
1.0
1
1
1.0232558139534884
1
1
1.0520833333333333
1
1
1.0222222222222221
1
1
1.0
1
1
1.0
1
1
1.0
1
1
1.046875
1
1
1.0
1.0350877192982457
1
1.0
1
1.0
1
1
1
1.0
1
1
1.0158730158730158
1
1
1.0
1
1
1.0140845070422535
1
1
1.0
1
1
1.0
1
1
1.0
1
1
1.0
1
1
1.0
1
1
1.0
1
1
1.0277777777777777
1
1
1.0
1
1
1.0238095238095237
1
1
1.037037037037037
1
1
1.0
1
1
1.0078740157480315
1
1
1.0
1
1
1.0
1
1
1.0285714285714285
1
1
1.0208333333333333
1
1
1.0
1
1
1.024390243902439
1
1
1.0
1
1
1.0
1
1
1.0142857142857142
1
1
1.0
1
1
1.0357142857142858
1
1
1.078125
1
1
1.0
1
1
1.0
1
1
1.0
1
1
1.0434782608695652
1
1
1.02020202020202
1
1
1.0
1
1
1.0441176470588236
1
1
1.0392156862745099
1
1
1.0133333333333334
1
1
1.0
1
1
1.0
1
1
1.05
1
1
1.0
1
1
1.0
1
1
1.0833333333333333
1
1
1.0224719101123596
1
1
1.0
1
1
1.0
1
1
1.0
1
1
1.0
1
1
1.0
1
1
1.0
1
1
1.0
1
1
1.037037037037037
1
1
1.0227272727272727
1
1
1.0
1
1
1.043010752688172
1
1
1.0344827586206897
1
1
1.037037037037037
1
1
1.0454545454545454
1
1
1.0
1
1
1.0
1
1
1.0
1
1
1.0
1
1
1.0666666666666667
1
1
1.0
1
1
1.0
1
1
1.0
1
1
1.0
1
1
1.0133333333333334
1
1
1.0
1
1
1.0
1
1
1.0
1
1
1.0
1
1
1.0454545454545454
1
1
1.0
1
1
1.0092592592592593
1
1
1.0
1
1
1.0
1
1
1.0
1
1
1.0
1
1
1.0
1
1
1.0
1
1
1.0
1
1
1.0
1
1
1.140625
1
1
1.0769230769230769
1.1785714285714286
1
1.125
1
1
1.1694915254237288
1
1
1.0
1
1
1.0638297872340425
1.0227272727272727
1
1.0
1
1
1.0
1
1
1.0
1
1
1.0
1
1
1.0
1
1
1.0
1
1
1.0
1
1
1.0
1
1
1.0
1
1
1.05
1
1
1.0
1
1
1.3225806451612903
1
1
1.0
1
1
1.054054054054054
1.1063829787234043
1
1.03125
1
1
1.0
1
1
1.1
1
1
1.1333333333333333
1
1
1.0256410256410255
1
1
1.024390243902439
1
1
1.0
1
1
1.0357142857142858
1
1
1.0128205128205128
1
1
1.0465116279069768
1
1
1.0172413793103448
1
1
1.0108695652173914
1
1
1.0
1
1
1.0571428571428572
1
1
1.0
1
1
1.0
1
1
1.0
1
1
1.0
1
1
1.04
1
1
1.0
1
1
1.0
1
1
1.0
1
1
1.015625
1
1
1.0
1
1
1.0
1
1
1.0232558139534884
1
1
1.0
1
1
1.0
1
1
1.0
1
1
1.0
1
1
1.0
1
1
1.0
1
1
1.0
1
1
1.0952380952380953
1
1
1.0227272727272727
1
1
1.0
1
1
1.12
1
1
1.0
1
1
1.0
1
1
1.0
1
1
1.0
1
1
1.0
1
1
1.0246913580246915
1
1
1.074074074074074
1
1
1.0
1
1
1.0
1
1
1.0852713178294573
1
1
1.0106382978723405
1
1
1.0
1
1
1.0
1
1
1.0833333333333333
1
1
1.0
1
1
1.0
1
1
1.0425531914893618
1
1
1.05
1
1
1.0
1
1
1.0
1
1
1.0
1
1
1.1470588235294117
1
1
1.0
1
1
1.0
1
1
1.0
1
1
1.0153846153846153
1
1
1.0
1
1
1.0
1
1
1.0238095238095237
1
1
1.0491803278688525
1
1
1.0
1
1
1.0909090909090908
1
1
1.0
1
1
1.0
1
1
1.0277777777777777
1
1
1.0
1
1
1.0
1
1
1.0
1
1
1.0666666666666667
1
1
1.0
1
1
1.0153846153846153
1
1
1.008130081300813
1
1
1.0
1
1
1.0
1
1
1.010989010989011
1
1
1.0
1
1
1.0
1
1
1.0
1
1
1.0384615384615385
1
1
1.0
1
1
1.0
1
1
1.0
1
1
1.0
1
1
1.0
1.0
1
1.0
1
1
1.0784313725490196
1
1
1.0
1
1
1.0
1
1
1.0
1
1
1.0
1
1
1.0
1
1
2.0
1
1
1
1
1
1
1
1
1
1
1
1
1
1
1
1
1
1
1
1
1
1
1
1
1
1
1
1
1
1
1
1
1
1
1
1
1
1
1
1
1
1
1
1
1
1
1
1
1
1
1
1
1
1
1
1
1
1
1
1
1
1
1
1
1
1
1
1
1
1
1
1
1
1
1
1
1
1
1
1
1
1
1
1
1
1
1
1
1
1
1
1
1
1
1
1
1
1
1
1
1
1
1
1
1
1
1
1
1
1
1
1
1
1
1
1
1
1
1
1
1
1
1
1
1
1
1
1
1
1
1
1
1
1
1
1
1
1
1
1
1
1
1
1
1
1
1
1
1
1
1
1
1
1
1
1
1
1
1
1
1
1
1
1
1
1
1
1
1
1
1
1
1
1
1
1
1
1
1
1
1
1
1
1
1
1
1
1
1
1
1
1
1
1
1
1
1
1
1
1
1
1
1
1
1
1
1
1
1
1
1
1
1
1
1
1
1
1
1
1
1
1
1
1
1
1
1
1
1
1
1
1
1
1
1
1
1
1
1
1
1
1
1
1
1
1
1
1
1
1
1
1
1
1
1
1
1
1
1
1
1
1
1
1
1
1
1
1
1
1
1
1
1
1
1
1
1
1
1
1
1
1
1
1
1
1
1
1
1
1
1
1
1
1
1
1
1
1
1
1
1
1
1
1
1
1
1
1
1
1
1
1
1
1
1
1
1
1
1
1
1
1
1
1
1
1
1
1
1
1
1
1
1
1
1
1
1
1
1
1
1
1
1
1
1
1
1
1
1
1
1
1
1
1
1
1
1
1
1
1
1
1
1
1
1
1
1
1
1
1
1
1
1
1
1
1
1
1
1
1
1
1
1
1
1
1
1
1
1
1
1
1
1
1
1
1
1
1
1
1
1
1
1
1
1
1
1
1
1
1
1
1
1
1
1
1
1
1
1
1
1
1
1
1
1
1
1
1
1
1
1
1
1
1
1
1
1
1
1
1
1
1
1
1
1
1
1
1
1
1
1
1
1
1
1
1
1
1
1
1
1
1
1
1
1
1
1
1
1
1
1
1
1
1
1
1
1
1
1
1
1
1
1
1
1
1
1
1
1
1
1
1
1
1
1
1
1
1
1
1
1
1
1
1
1
1
1
1
1
1
1
1
1
1
1
1
1
1
1
1
1
1
1
1
1
1
1
1
1
1
1
1
1
1
1
1
1
1
1
1
1
1
1
1
1
1
1
1
1
1
1
1
1
1
1
1
1
1
1
1
1
1
1
1
1
1
1
1
1
1
1
1
1
1
1
1
1
1
1
1
1
1
1
1
1
1
1
1
1
1
1
1
1
1
1
1
1
1
1
1
1
1
1
1
1
1
1
1
1
1
1
1
1
1
1
1
1
1
1
1
1
1
1
1
1
1
1
1
1
1
1
1
1
1
1
1
1
1
1
1
1
1
1
1
1
1
1
1
1
1
1
1
1
1
1
1
1
1
1
1
1
1
1
1
1
1
1
1
1
1
1
1
1
1
1
1
1
1
1
1
1
1
1
1
1
1
1
1
1
1
1
1
1
1
1
1
1
1
1
1
1
1
1
1
1
1
1
1
1
1
1
1
1
1
1
1
1
1
1
1
1
1
1
1
1
1
1
1
1
1
1
1
1
1
1
1
1
1
1
1
1
1
1
1
1
1
1
1
1
1
1
1
1
1
1
1
1
1
1
1
1
1
1
1
1
1
1
1
1
1
1
1
1
1
1
1
1
1
1
1
1
1
1
1
1
1
1
1
1
1
1
1
1
1
1
1
1
1
1
1
1
1
1
1
1
1
1
1
1
1
1
1
1
1
1
1
1
1
1
1
1
1
1
1
1
1
1
1
1
1
1
1
1
1
1
1
1
1
1
1
1
1
1
1
1
1
1
1
1
1
1
1
1
1
1
1
1
1
1
1
1
1
1
1
1
1
1
1
1
1
1
1
1
1
1
1
1
1
1
1
1
1
1
1
1
1
1
1
1
1
1
1
1
1
1
1
1
1
1
1
1
1
1
1
1
1
1
1
1
1
1
1
1
1
1
1
1
1
1
1
1
1
1
1
1
1
1
1
1
1
1
1
1
1
1
1
1
1
1
1
1
1
1
1
1
1
1
1
1
1
1
1
1
1
1
1
1
1
1
1
1
1
1
1
1
1
1
1
1
1
1
1
1
1
1
1
1
1
1
1
1
1
1
1
1
1
1
1
1
1
1
1
1
1
1
1
1
1
1
1
1
1
1
1
1
1
1
1
1
1
1
1
1
1
1
1
1
1
1
1
1
1
1
1
1
1
1
1
1
1
1
1
1
1
1
1
1
1
1
1
1
1
1
1
1
1
1
1
1
1
1
1
1
1
1
1
1
1
1
1
1
1
1
1
1
1
1
1
1
1
1
1
1
1
1
1
1
1
1
1
1
1
1
1
1
1
1
1
1
1
1
1
1
1
1
1
1
1
1
1
1
1
1
1
1
1
1
1
1
1
1
1
1
1
1
1
1
1
1
1
1
1
1
1
1
1
1
1
1
1
1
1
1
1
1
1
1
1
1
1
1
1
1
1
1
1
1
1
1
1
1
1
1
1
1
1
1
1
1
1
1
1
1
1
1
1
1
1
1
1
1
1
1
1
1
1
1
1
1
1
1
1
1
1
1
1
1
1
1
1
1
1
1
1
1
1
1
1
1
1
1
1
1
1
1
1
1
1
1
1
1
1
1
1
1
1
1
1
1
1
1
1
1
1
1
1
1
1
1
1
1
1
1
1
1
1
1
1
1
1
1
1
1
1
1
1
1
1
1
1
1
1
1
1
1
1
1
1
1
1
1
1
1
1
1
1
1
1
1
1
1
1
1
1
1
1
1
1
1
1
1
1
1
1
1
1
1
1
1
1
1
1
1
1
1
1
1
1
1
1
1
1
1
1
1
1
1
1
1
1
1
1
1
1
1
1
1
1
1
1
1
1
1
1
1
1
1
1
1
1
1
1
1
1
1
1
1
1
1
1
1
1
1
1
1
1
1
1
1
1
1
1
1
1
1
1
1
1
1
1
1
1
1
1
1
1
1
1
1
1
1
1
1
1
1
1
1
1
1
1
1
1
1
1
1
1
1
1
1
1
1
1
1
1
1
1
1
1
1
1
1
1
1
1
1
1
1
1
1
1
1
1
1
1
1
1
1
1
1
1
1
1
1
1
1
1
1
1
1
1
1
1
1
1
1
1
1
1
1
1
1
1
1
1
1
1
1
1
1
1
1
1
1
1
1
1
1
1
1
1
1
1
1
1
1
1
1
1
1
1
1
1
1
1
1
1
1
1
1
1
1
1
1
1
1
1
1
1
1
1
1
1
1
1
1
1
1
1
1
1
1
1
1
1
1
1
1
1
1
1
1
1
1
1
1
1
1
1
1
1
1
1
1
1
1
1
1
1
1
1
1
1
1
1
1
1
1
1
1
1
1
1
1
1
1
1
1
1
1
1
1
1
1
1
1
1
1
1
1
1
1
1
1
1
1
1
1
1
1
1
1
1
1
1
1
1
1
1
1
1
1
1
1
1
1
1
1
1
1
1
1
1
1
1
1
1
1
1
1
1
1
1
1
1
1
1
1
1
1
1
1
1
1
1
1
1
1
1
1
1
1
1
1
1
1
1
1
1
1
1
1
1
1
1
1
1
1
1
1
1
1
1
1
1
1
1
1
1
1
1
1
1
1
1
1
1
1
1
1
1
1
1
1
1
1
1
1
1
1
1
1
1
1
1
1
1
1
1
1
1
1
1
1
1
1
1
1
1
1
1
1
1
1
1
1
1
1
1
1
1
1
1
1
1
1
1
1
1
1
1
1
1
1
1
1
1
1
1
1
1
1
1
1
1
1
1
1
1
1
1
1
1
1
1
1
1
1
1
1
1
1
1
1
1
1
1
1
1
1
1
1
1
1
1
1
1
1
1
1
1
1
1
1
1
1
1
1
1
1
1
1
1
1
1
1
1
1
1
1
1
1
1
1
1
1
1
1
1
1
1
1
1
1
1
1
1
1
1
1
1
1
1
1
1
1
1
1
1
1
1
1
1
1
1
1
1
1
1
1
1
1
1
1
1
1
1
1
1
1
1
1
1
1
1
1
1
1
1
1
1
1
1
1
1
1
1
1
1
1
1
1
1
1
1
1
1
1
1
1
1
1
1
1
1
1
1
1
1
1
1
1
1
1
1
1
1
1
1
1
1
1
1
1
1
1
1
1
1
1
1
1
1
1
1
1
1
1
1
1
1
1
1
1
1
1
1
1
1
1
1
1
1
1
1
1
1
1
1
1
1
1
1
1
1
1
1
1
1
1
1
1
1
1
1
1
1
1
1
1
1
1
1
1
1
1
1
1
1
1
1
1
1
1
1
1
1
1
1
1
1
1
1
1
1
1
1
1
1
1
1
1
1
1
1
1
1
1
1
1
1
1
1
1
1
1
1
1
1
1
1
1
1
1
1
1
1
1
1
1
1
1
1
1
1
1
1
1
1
1
1
1
1
1
1
1
1
1
1
1
1
1
1
1
1
1
1
1
1
1
1
1
1
1
1
1
1
1
1
1
1
1
1
1
1
1
1
1
1
1
1
1
1
1
1
1
1
1
1
1
1
1
1
1
1
1
1
1
1
1
1
1
1
1
1
1
1
1
1
1
1
1
1
1
1
1
1
1
1
1
1
1
1
1
1
1
1
1
1
1
1
1
1
1
1
1
1
1
1
1
1
1
1
1
1
1
1
1
1
1
1
1
1
1
1
1
1
1
1
1
1
1
1
1
1
1
1
1
1
1
1
1
1
1
1
1
1
1
1
1
1
1
1
1
1
1
1
1
1
1
1
1
1
1
1
1
1
1
1
1
1
1
1
1
1
1
1
1
1
1
1
1
1
1
1
1
1
1
1
1
1
1
1
1
1
1
1
1
1
1
1
1
1
1
1
1
1
1
1
1
1
1
1
1
1
1
1
1
1
1
1
1
1
1
1
1
1
1
1
1
1
1
1
1
1
1
1
1
1
1
1
1
1
1
1
1
1
1
1
1
1
1
1
1
1
1
1
1
1
1
1
1
1
1
1
1
1
1
1
1
1
1
1
1
1
1
1
1
1
1
1
1
1
1
1
1
1
1
1
1
1
1
1
1
1
1
1
1
1
1
1
1
1
1
1
1
1
1
1
1
1
1
1
1
1
1
1
1
1
1
1
1
1
1
1
1
1
1
1
1
1
1
1
1
1
1
1
1
1
1
1
1
1
1
1
1
1
1
1
1
1
1
1
1
1
1
1
1
1
1
1
1
1
1
1
1
1
1
1
1
1
1
1
1
1
1
1
1
1
1
1
1
1
1
1
1
1
1
1
1
1
1
1
1
1
1
1
1
1
1
1
1
1
1
1
1
1
1
1
1
1
1
1
1
1
1
1
1
1
1
1
1
1
1
1
1
1
1
1
1
1
1
1
1
1
1
1
1
1
1
1
1
1
1
1
1
1
1
1
1
1
1
1
1
1
1
1
1
1
1
1
1
1
1
1
1
1
1
1
1
1
1
1
1
1
1
1
1
1
1
1
1
1
1
1
1
1
1
1
1
1
1
1
1
1
1
1
1
1
1
1
1
1
1
1
1
1
1
1
1
1
1
1
1
1
1
1
1
1
1
1
1
1
1
1
1
1
1
1
1
1
1
1
1
1
1
1
1
1
1
1
1
1
1
1
1
1
1
1
1
1
1
1
1
1
1
1
1
1
1
1
1
1
1
1
1
1
1
1
1
1
1
1
1
1
1
1
1
1
1
1
1
1
1
1
1
1
1
1
1
1
1
1
1
1
1
1
1
1
1
1
1
1
1
1
1
1
1
1
1
1
1
1
1
1
1
1
1
1
1
1
1
1
1
1
1
1
1
1
1
1
1
1
1
1
1
1
1
1
1
1
1
1
1
1
1
1
1
1
1
1
1
1
1
1
1
1
1
1
1
1
1
1
1
1
1
1
1
1
1
1
1
1
1
1
1
1
1
1
1
1
1
1
1
1
1
1
1
1
1
1
1
1
1
1
1
1
1
1
1
1
1
1
1
1
1
1
1
1
1
1
1
1
1
1
1
1
1
1
1
1
1
1
1
1
1
1
1
1
1
1
1
1
1
1
1
1
1
1
1
1
1
1
1
1
1
1
1
1
1
1
1
1
1
1
1
1
1
1
1
1
1
1
1
1
1
1
1
1
1
1
1
1
1
1
1
1
1
1
1
1
1
1
1
1
1
1
1
1
1
1
1
1
1
1
1
1
1
1
1
1
1
1
1
1
1
1
1
1
1
1
1
1
1
1
1
1
1
1
1
1
1
1
1
1
1
1
1
1
1
1
1
1
1
1
1
1
1
1
1
1
1
1
1
1
1
1
1
1
1
1
1
1
1
1
1
1
1
1
1
1
1
1
1
1
1
1
1
1
1
1
1
1
1
1
1
1
1
1
1
1
1
1
1
1
1
1
1
1
1
1
1
1
1
1
1
1
1
1
1
1
1
1
1
1
1
1
1
1
1
1
1
1
1
1
1
1
1
1
1
1
1
1
1
1
1
1
1
1
1
1
1
1
1
1
1
1
1
1
1
1
1
1
1
1
1
1
1
1
1
1
1
1
1
1
1
1
1
1
1
1
1
1
1
1
1
1
1
1
1
1
1
1
1
1
1
1
1
1
1
1
1
1
1
1
1
1
1
1
1
1
1
1
1
1
1
1
1
1
1
1
1
1
1
1
1
1
1
1
1
1
1
1
1
1
1
1
1
1
1
1
1
1
1
1
1
1
1
1
1
1
1
1
1
1
1
1
1
1
1
1
1
1
1
1
1
1
1
1
1
1
1
1
1
1
1
1
1
1
1
1
1
1
1
1
1
1
1
1
1
1
1
1
1
1
1
1
1
1
1
1
1
1
1
1
1
1
1
1
1
1
1
1
1
1
1
1
1
1
1
1
1
1
1
1
1
1
1
1
1
1
1
1
1
1
1
1
1
1
1
1
1
1
1
1
1
1
1
1
1
1
1
1
1
1
1
1
1
1
1
1
1
1
1
1
1
1
1
1
1
1
1
1
1
1
1
1
1
1
1
1
1
1
1
1
1
1
1
1
1
1
1
1
1
1
1
1
1
1
1
1
1
1
1
1
1
1
1
1
1
1
1
1
1
1
1
1
1
1
1
1
1
1
1
1
1
1
1
1
1
1
1
1
1
1
1
1
1
1
1
1
1
1
1
1
1
1
1
1
1
1
1
1
1
1
1
1
1
1
1
1
1
1
1
1
1
1
1
1
1
1
1
1
1
1
1
1
1
1
1
1
1
1
1
1
1
1
1
1
1
1
1
1
1
1
1
1
1
1
1
1
1
1
1
1
1
1
1
1
1
1
1
1
1
1
1
1
1
1
1
1
1
1
1
1
1
1
1
1
1
1
1
1
1
1
1
1
1
1
1
1
1
1
1
1
1
1
1
1
1
1
1
1
1
1
1
1
1
1
1
1
1
1
1
1
1
1
1
1
1
1
1
1
1
1
1
1
1
1
1
1
1
1
1
1
1
1
1
1
1
1
1
1
1
1
1
1
1
1
1
1
1
1
1
1
1
1
1
1
1
1
1
1
1
1
1
1
1
1
1
1
1
1
1
1
1
1
1
1
1
1
1
1
1
1
1
1
1
1
1
1
1
1
1
1
1
1
1
1
1
1
1
1
1
1
1
1
1
1
1
1
1
1
1
1
1
1
1
1
1
1
1
1
1
1
1
1
1
1
1
1
1
1
1
1
1
1
1
1
1
1
1
1
1
1
1
1
1
1
1
1
1
1
1
1
1
1
1
1
1
1
1
1
1
1
1
1
1
1
1
1
1
1
1
1
1
1
1
1
1
1
1
1
1
1
1
1
1
1
1
1
1
1
1
1
1
1
1
1
1
1
1
1
1
1
1
1
1
1
1
1
1
1
1
1
1
1
1
1
1
1
1
1
1
1
1
1
1
1
1
1
1
1
1
1
1
1
1
1
1
1
1
1
1
1
1
1
1
1
1
1
1
1
1
1
1
1
1
1
1
1
1
1
1
1
1
1
1
1
1
1
1
1
1
1
1
1
1
1
1
1
1
1
1
1
1
1
1
1
1
1
1
1
1
1
1
1
1
1
1
1
1
1
1
1
1
1
1
1
1
1
1
1
1
1
1
1
1
1
1
1
1
1
1
1
1
1
1
1
1
1
1
1
1
1
1
1
1
1
1
1
1
1
1
1
1
1
1
1
1
1
1
1
1
1
1
1
1
1
1
1
1
1
1
1
1
1
1
1
1
1
1
1
1
1
1
1
X
Common: Mean, Std: 0.7173111080748736, 2.2368351994740427
Nunis: Mean, Std: 42.57371225577265, 36.03385327826109
Center
Common: Mean, Std: 21.699900049975014, 25.773009544473368
Nunis: Mean, Std: 21.699900049975014, 25.773009544473368
using Node2vec walk...
Write walks
Write user_checkins
Write embs_ini
Write neg_user_samples
Write neg_checkins_samples
Num u 16013
Num w 160130
Walk length 50
Num n 29598
Dim_emb 256
table_size_social 999114
table_size_mobility1 999101
table_size_mobility2 1000001
table_size_mobility3 999976
table_size_mobility4 1000005
starting_alpha : 0.0005
num_neg : 10
win_size : 10
num_epoch : 1
num_threads : 12
mobility_ratio : 0.7
