Namespace(K_neg=10, POI_level='3', alpha=0.1, beta=0.1, bias_randomwalk=True, connect_center=False, dataset_name='hongzhi', dim_emb=256, input_type='persona_ori', learning_rate=0.0005, mobility_ratio=0.7, num_epochs=1, num_walks=20, p_n2v=0.8, q_n2v=0.6, test=False, walk_length=80, win_size=10, workers=12)
Number of edges before: 7316
Number of edges after: 23329
N_users: 16013, N_total: 29598
Build user checkins dictionary...
Performing random walks on hypergraph...
1.0
2.0
1
1.0
2.0
1
1.0
1
1
1.0
1
1
1.0
1
1
1.0
1
1
1.0
1
1
1.0
1
1
1.0294117647058822
1.0208333333333333
1.0
1.0327868852459017
1.0
1.0
1.0
1.0
1.0
1.0
1.0
1.0
1.0277777777777777
1.0
1.0
1.0217391304347827
1.0
1.0
1.0
1.0
1.0
1.0
1.0
1.0
1.0
1.0116279069767442
1.0
1.0
1.0
1.0
1.0
1.0
1.0
1.0
1.0
1.0
1.0
1.0
1.0
1.0
1.0
1.0263157894736843
1.0176470588235293
1.0
1.0212765957446808
1.0
1.0
1.0
1.0
1.0
1.018181818181818
1.0
1.0
1.0125
1.0
1.0
1.0
1.0
1.0
1.0
1.0
1.0
1.0
1.0240963855421688
1.0
1.008695652173913
1.0
1.0
1.0
1.0
1.0
1.0126582278481013
1.0
1
1.0
1.0
1
1.0
1
1
1.0
1
1
1.0
1.0210526315789474
1
1.0341880341880343
1
1.0
1.0
1
1.0
1
1.0
1
1
1.0
1
1
1.0
1
1
1.0
1
1
1.0
1
1.0178571428571428
1
1
1.0097087378640777
1.0
1
1.0275229357798166
1
1.0208333333333333
1
1
1.025
1
1
1.0
1
1
1.0
1
1
1.0
1
1
1.0
1
1
1.0133333333333334
1
1
1.0142857142857142
1
1
1.0212765957446808
1
1
1.0
1
1
1.0
1
1.0
1.0
1.0
1.037037037037037
1
1.0
1.0
1.0
1.0
1
1.0512820512820513
1
1
1.0
1.008130081300813
1
1.0273972602739727
1
1.0235294117647058
1
1
1.0
1
1
1.0
1
1
1.0
1
1
1.0
1.0
1
1.0
1
1
1.0285714285714285
1
1
1.0
1
1
1.0
1
1
1.0
1
1.0
1
1
1.0
1
1
1.0
1
1
1.0196078431372548
1
1
1.0
1
1
1.0476190476190477
1
1
1.0
1
1
1.0
1.0
1
1.0
1
1.0
1
1
1.0
1
1.0
1
1
1.0
1
1
1.0
1
1
1.0
1.0158730158730158
1.0
1
1.0
1
1.0
1.0116279069767442
1
1.0
1
1.0
1
1
1.0666666666666667
1
1
1.046875
1
1
1.0
1
1
1.0222222222222221
1.0185185185185186
1
1.046875
1
1.0
1
1
1.0
1
1
1.0
1
1
1.0
1.0120481927710843
1.0
1.0
1
1.0
1
1.0
1
1
1.0
1.0
1.0
1.0
1.0
1.0
1.0
1
1.0
1
1
1.075
1
1
1.0
1
1
1.0
1
1
1.0
1
1.0
1
1
1.0
1
1
1.0144927536231885
1.0
1
1.0
1
1.0
1
1
1.0158730158730158
1
1
1.0
1.0
1
1.2
1
1.0
1
1
1.0
1
1
1.0
1
1
1.0
1.0
1.0
1.0
1
1.0106382978723405
1.0
1
1.0
1
1
1.0
1
1
1.0
1
1
1.0
1
1
1.0
1.0
1.0
1.0
1.0
1.0
1.0
1
1.0
1
1
1.0
1
1.0
1
1
1.0
1
1
1.0333333333333334
1
1
1.0
1
1
1
1.0
1
1
1.0166666666666666
1
1
1.0
1
1
1.0
1
1
1.0
1
1
1.0
1
1.0
1
1
1.0
1
1
1.0
1
1.0
1
1
1
1.0
1
1
1.0
1
1
1.0
1
1
1.0
1.0
1
1.0309278350515463
1
1.0
1
1
1.0
1
1
1.0227272727272727
1
1
1
1.0
1
1
1.0
1
1
1.0
1
1
1.0277777777777777
1
1
1.0
1.0
1.0
1.0
1.0298507462686568
1.0
1.0
1
1.0
1
1
1.0113636363636365
1
1
1.0
1
1
1
1.0
1
1.0
1
1
1.0
1
1
1.0
1
1
1.0
1
1
1.0
1
1
1.0
1
1
1.0
1
1.0
1
1
1.0
1
1
1.0
1
1
1.0
1
1
1.0
1
1
1.0
1
1
1.0689655172413792
1.0
1
1.0
1.04
1
1.0317460317460316
1
1
1.0
1
1
1.0
1.0
1.0
1.0
1.0
1.0
1.0
1.0
1.0
1.0
1.0
1.0
1.0
1.0
1.0
1.0
1.0
1.0
1.0
1.0
1
1.0
1
1
1.0
1
1.0
1
1
1.0
1
1.0059171597633136
1
1
1.0
1
1
1.0
1
1.011764705882353
1
1
1.0
1
1
1.0120481927710843
1
1
1.0
1
1
1.0
1
1
1.025
1.0
1
1.0512820512820513
1
1.0
1
1
1.0
1
1
1.0
1
1.0
1
1
1.0
1
1
1.0
1
1
1.0
1
1
1.0
1.0
1.0
1.0
1.0
1.0
1
1
1.0
1
1
1.0232558139534884
1
1
1.0
1
1
1.0
1
1
1.0
1
1
1.0
1
1
1.0
1
1
1.0101010101010102
1
1
1.0
1
1
1.0
1
1
1.0240963855421688
1
1.0
1.0392156862745099
1
1.0
1
1
1.0
1
1
1.0
1
1
1.0
1
1.010989010989011
1
1
1.0
1
1.0
1
1
1.0
1
1
1.0095238095238095
1
1
1
1.0
1.0
1
1.0
1.0253164556962024
1
1.0
1
1
1.0
1
1
1.0178571428571428
1
1
1.0
1
1.025
1.024390243902439
1
1.0208333333333333
1
1.0
1
1
1.0
1
1
1.0
1
1
1.0
1
1
1.0
1
1.0
1
1
1.0
1
1
1.0
1
1
1.0
1.03125
1
1.0
1
1.0
1
1
1.0
1.0
1
1.043010752688172
1
1.0
1
1
1.0
1
1
1.0
1
1
1
1.010752688172043
1
1
1
1.0
1
1
1.0
1
1
1.0192307692307692
1
1
1
1.0
1
1
1
1.0
1
1
1.0
1
1
1.0
1
1
1.0
1
1
1.0
1
1
1.0
1
1
1.0
1
1
1
1.0
1
1
1.0
1
1
1.0
1
1
1.0
1
1
1.0
1.0
1
1.0
1
1.0
1
1
1.0
1
1
1.0
1
1
1.0
1
1
1.0
1
1
1.0
1
1
1.0
1
1
1.0
1
1
1.0
1
1
1.0
1
1
1.0
1
1
1
1.0
1
1
1.0
1
1.0
1
1
1.0
1
1
1.0476190476190477
1
1
1
1
1
1.0
1
1
1.0
1
1
1.0333333333333334
1
1
1
1.0
1
1
1.0
1
1
1
1.0
1
1
1
1.0
1
1.0149253731343284
1
1
1.0227272727272727
1
1
1
1.0
1
1
1.0
1
1
1.0
1
1
1.0
1
1
1.0
1
1
1
1.0053475935828877
1
1
1.0
1
1
1.0
1
1
1.0
1
1
1.0208333333333333
1
1
1.0
1
1
1.0
1
1.0
1
1
1.0052356020942408
1.0
1
1.0055555555555555
1
1.0
1
1
1
1
1.0212765957446808
1
1
1.0
1
1
1.0
1
1
1.0
1
1
1.0
1
1
1
1.0172413793103448
1
1
1.0170454545454546
1
1
1.0
1.0
1
1.0222222222222221
1
1
1.0
1
1.0222222222222221
1
1
1.0
1
1
1.027027027027027
1
1
1
1
1.0
1
1
1.0
1
1
1.0
1
1
1.0
1
1
1.0158730158730158
1
1
1.0
1
1
1.0
1
1
1.0140845070422535
1
1
1.0
1
1
1.0
1
1
1.0232558139534884
1
1
1
1.0
1
1
1.0
1
1
1
1.021505376344086
1
1
1
1.0305343511450382
1
1
1.0
1
1.0
1
1
1.0
1
1
1
1.0071942446043165
1
1
1.0
1
1
1.0
1
1
1
1.0
1
1.0
1
1
1.0
1
1
1.0
1.0
1.0
1.0
1.0
1
1.0
1
1
1.0
1
1
1.0
1
1
1.0
1
1
1
1.0
1
1
1
1.0
1
1
1.0238095238095237
1
1
1.0
1
1
1
1
1.0
1
1
1.0
1
1
1.0
1
1
1.0
1
1
1.0
1
1
1
1.0
1
1
1.0
1.0
1.1192660550458715
1.0
1
1.0
1
1
1.0
1
1
1
1.0
1
1
1.032967032967033
1
1
1.0
1
1
1.0
1.0
1.0
1
1.0
1
1
1.011111111111111
1
1
1.0
1
1
1
1.0
1
1
1.0
1
1
1
1
1
1.0
1.0
1.0
1.0
1.0
1.0
1.0
1.0
1.0
1.0
1.0
1.0
1.0
1
1
1
1.0
1
1
1.0
1
1
1
1.0303030303030303
1
1
1.0
1
1
1.0
1
1
1.0092592592592593
1
1
1.0
1
1
1
1.0
1
1
1
1.0142857142857142
1
1
1.05
1.0378787878787878
1.0422535211267605
1.0
1.131578947368421
1.0
1.028169014084507
1.0
1.0
1.0277777777777777
1.135
1.0277777777777777
1.0333333333333334
1.1083333333333334
1
1.0043668122270741
1
1
1.0185185185185186
1
1
1.0
1
1
1.03125
1
1
1.0
1.0
1.0
1
1.0333333333333334
1
1
1.0
1.0
1.0
1
1.0
1
1
1.0
1
1
1.0
1
1
1.0
1
1
1.0
1
1
1.0
1
1
1.0
1
1
1.0
1
1
1
1
1.0285714285714285
1
1
1.0
1
1
1
1.0
1
1
1.0
1
1
1.0
1.0
1
1.0
1
1
1
1.0
1
1
1.0
1
1
1.0
1
1
1.0
1
1
1
1.0116279069767442
1
1
1.0
1
1
1.0384615384615385
1.043859649122807
1
1.0
1.0303030303030303
1
1.0
1
1.0
1
1
1.0285714285714285
1
1
1.0
1
1
1.0
1
1
1.0
1
1
1.0
1
1
1.0
1
1
1.0
1
1
1.0
1
1
1.0
1
1
1.0
1
1
1.0
1
1
1.0155038759689923
1
1
1.0338983050847457
1
1
1.0
1.0
1.0
1
1.0
1
1.0
1
1
1.0
1
1
1.0
1
1
1.0
1
1
1.0135135135135136
1
1
1.0
1
1
1.0
1
1
1.0
1
1
1.03125
1.0309278350515463
1
1.0120481927710843
1
1.0070921985815602
1
1
1
1.0204081632653061
1
1
1.0
1
1
1.0153846153846153
1
1
1.0365853658536586
1
1
1.0294117647058822
1
1
1.0
1
1
1.0
1
1
1.0
1
1
1.008849557522124
1
1
1.0
1
1
1.0196078431372548
1
1
1.0847457627118644
1
1
1.0
1.0
1.06
1
1.0
1.0769230769230769
1.0
1.0
1
1.0
1
1
1.0
1.0
1.0
1.0
1.0
1
1.0101010101010102
1
1
1.0285714285714285
1.0
1.0
1.0530973451327434
1.0617283950617284
1.0227272727272727
1
1.0
1
1
1.0
1
1
1.1529411764705881
1
1
1.0
1
1
1.0
1
1
1.0129870129870129
1
1
1.0161290322580645
1
1
1.0
1
1
1.0
1.0
1
1.0
1.0
1.0
1
1.0
1.0
1
1.0
1
1
1.0
1
1
1.0
1
1
1.0
1
1
1.0
1
1
1.0
1
1.0
1
1
1.0
1
1
1.0
1
1
1.0
1
1
1.0
1
1
1.0
1
1
1.0101010101010102
1
1
1.0142857142857142
1
1
1.0
1
1
1.0
1
1
1.0
1
1
1.0
1
1
1.0
1
1
1.0
1
1
1.0335570469798658
1
1
1.010752688172043
1
1
1.0
1
1
1.0133333333333334
1
1
1.0
1
1
1.0
1
1
1.0
1
1
1.0
1
1
1.0
1
1
1.0129870129870129
1.05
1
1.03
1.0091743119266054
1.0290697674418605
1.0135135135135136
1
1.0491803278688525
1
1
1.0326086956521738
1.1111111111111112
1.051948051948052
1.0526315789473684
1.0
1.0434782608695652
1
1.0
1
1
1.0555555555555556
1
1
1.0076923076923077
1
1
1.0
1
1
1.0833333333333333
1
1
1.0
1
1
1.0
1
1
1.017391304347826
1
1
1.0
1.0119047619047619
1
1.0
1
1.016260162601626
1
1
1
1.0
1
1
1.0337078651685394
1
1
1.009009009009009
1
1
1.010989010989011
1
1
1.0
1
1
1.0
1
1
1.0
1
1
1.0
1
1
1.0153846153846153
1
1
1.0
1
1
1.0
1
1
1.1666666666666667
1
1
1.0
1
1
1.0
1
1
1.0
1
1
1.0
1
1
1.0
1
1
1.0384615384615385
1
1
1.0114942528735633
1
1
1.0285714285714285
1
1
1.0
1
1
1.0333333333333334
1
1
1.0
1.018018018018018
1.0192307692307692
1
1.0
1.0
1.0
1.0
1.0
1.0
1.0
1.0
1.0
1.0
1.0
1.0
1.0
1.0
1.0
1.0
1.0
1.0
1.0
1.0
1.0
1.0
1.0
1.0
1.0
1.0
1.0
1.0
1.0
1.0
1.0
1.0
1.0
1.0
1.0
1.0
1.0
1.0
1.0
1.0
1.0
1.0
1.0
1.0
1.0
1.0
1.0
1.0
1.0
1.0
1.0
1.0
1.0
1.0
1.0
1.0
1.0
1.0
1.0
1.0
1.0
1.0
1.0
1.0
1.0
1
1.0
1
1
1
1.0
1
1.0
1
1
1.0613207547169812
1
1
1.0
1
1
1.0
1
1
1.024390243902439
1
1
1.0
1
1
1.0
1
1
1.0338983050847457
1
1
1.0
1
1
1.0133333333333334
1
1
1.0
1
1
1.0
1.0
1.0
1.0526315789473684
1.0
1.0
1.0
1.0
1.0
1
1.0
1.0
1.0
1.0
1
1.0
1
1
1.0
1.0
1.0
1.0
1
1.0
1
1
1.0
1
1
1.0
1
1
1.0
1.0
1
1.0
1
1.0
1
1
1.0289855072463767
1.0
1
1
1.0
1
1
1.0
1
1
1.0175438596491229
1
1
1.0
1
1
1.0
1
1
1.0
1
1
1.0
1
1
1.0
1
1
1.0
1
1
1.0
1
1
1.0
1
1
1.0
1.0
1.0
1
1.0
1
1
1.0
1
1
1.0
1
1
1.0
1
1
1.0256410256410255
1
1
1.0
1
1
1.0
1
1
1.0
1
1
1.0
1
1
1.0
1.0
1
1.0119047619047619
1
1
1.0
1.0
1.0
1
1.0
1
1
1.0
1
1
1.0
1
1
1.0
1
1
1.0208333333333333
1.0
1.0
1.0
1
1.0046948356807512
1
1
1.0192307692307692
1
1.0
1
1
1
1.0
1
1
1.0
1
1
1.0
1
1
1.0
1
1.0
1
1
1.0
1
1
1
1.0
1
1
1.0
1
1
1.0
1
1
1.0333333333333334
1
1
1.0
1
1
1.0
1
1
1.0
1
1
1.0
1
1
1.0
1
1
1.0163934426229508
1
1
1.028169014084507
1
1
1.0116279069767442
1
1
1.0229885057471264
1
1
1.0338983050847457
1
1
1.0
1
1
1.0303030303030303
1
1
1.0188679245283019
1
1
1.0
1
1
1.0204081632653061
1
1
1.0263157894736843
1
1
1.09009009009009
1
1
1.0
1
1
1.0
1
1
1.0
1
1
1.0
1
1
1.0
1
1
1.0
1
1
1.0
1
1
1.0
1
1
1.0
1
1
1.0
1
1
1
1.0
1
1
1.25
1
1
1.0
1
1
1.0054054054054054
1
1
1.0
1
1
1.0
1
1
1.0
1.0
1
1.0833333333333333
1.0396039603960396
1.0
1
1.0461538461538462
1.0
1
1.0
1.0
1
1.0114942528735633
1
1.0
1
1
1
1.0
1
1
1.0
1
1
1.0
1
1
1.0196850393700787
1
1
1.0
1
1
1.0119047619047619
1
1
1.0
1
1
1.0
1
1
1.0
1
1
1.0
1
1
1.0
1
1
1.0
1
1
1.05
1
1
1.0
1
1
1.0333333333333334
1
1
1.0
1
1
1.0
1
1
1.0
1
1
1.0084745762711864
1
1
1.0
1
1
1.0
1
1
1.0
1
1
1.0
1
1
1.0
1
1
1.0192307692307692
1
1
1.05
1
1
1.0
1
1
1.0
1
1
1
1.0217391304347827
1
1
1
1.0357142857142858
1
1
1.0
1
1
1.0
1
1
1
1.0348837209302326
1
1
1.0416666666666667
1
1
1.013157894736842
1
1
1.0526315789473684
1
1
1.0
1
1
1.0317460317460316
1
1
1.074074074074074
1
1
1.0
1
1
1.0
1
1
1.0
1
1
1.0
1
1
1.0
1
1
1.0
1
1
1.0
1
1
1.0
1
1
1.0
1
1
1.0
1
1
1.0
1
1
1.0
1
1
1.0
1
1
1.0
1
1
1.0175438596491229
1
1
1.0
1
1
1.0
1
1
1.0294117647058822
1
1
1.0
1
1
1.0
1
1
1.0
1
1
1.027027027027027
1
1
1.0
1
1
1.0
1
1
1.0
1.0
1.03125
1.0
1.0
1.0
1
1.0
1
1
1.0
1
1
1.0128205128205128
1
1
1.0
1.0
1
1.0
1
1.0625
1
1
1.0
1
1
1
1.0
1
1
1.0
1
1
1.0172413793103448
1
1
1.0
1.0824742268041236
1
1.0
1
1.037037037037037
1
1
1.1046511627906976
1
1
1.0188679245283019
1
1
1
1.0169491525423728
1
1
1.044776119402985
1
1
1.0
1
1
1.0
1
1
1.0
1
1
1.0
1
1
1.0
1
1
1.0
1
1
1.0
1
1
1.0
1.0
1.0
1.0
1
1.0384615384615385
1.024390243902439
1.013157894736842
1.0
1.0267857142857142
1.0
1.0823529411764705
1.0266666666666666
1
1.0129870129870129
1
1.0
1
1
1.0
1
1
1.0
1
1
1.0
1
1
1.0
1
1
1.0
1
1
1.0
1
1
1.0
1
1
1.0
1
1
1.0
1
1
1.0
1
1
1.0
1
1
1.0
1.0
1
1.0
1
1.0
1
1
1.0
1
1.0
1
1
1.0
1
1
1.0
1
1
1.0
1
1
1.0
1
1
1.0
1
1
1.0
1
1
1.0
1
1
1.0
1
1
1.0
1
1
1.0
1
1
1.0
1
1
1.0
1.0
1
1.0
1
1.0
1
1
1.0
1
1
1.0
1
1
1.0
1
1
1.0
1
1
1.0
1
1
1.0
1
1
1.0
1
1
1.0
1
1
1.0
1
1
1.0
1
1
1.0
1
1
1.0
1
1
1
1.0
1
1
1.0
1
1
1.0
1
1
1.0
1
1
1.0
1.0106382978723405
1.0
1
1
1.0
1
1
1.0
1
1
1.0
1.0
1
1.3870967741935485
1
1
1.0
1
1
1.0
1
1
1.0
1
1
1.0
1
1
1.0
1
1
1.0
1
1
1.0
1
1
1.0
1
1
1.0
1
1
1.0
1
1
1.0
1
1
1.0
1
1
1.0
1
1
1.0
1
1
1.0
1
1
1.0
1
1
1.0
1
1
1.0
1
1
1.0
1
1.0
1
1.0
1
1
1.0
1
1
1.0
1
1
1.0
1
1
1.043859649122807
1
1
1.0
1
1
1.0
1
1
1.0
1
1
1.0
1
1
1.0
1
1
1.0
1
1
1.0
1.0
1.0
1
1.0
1.0
1
1.0
1
1
1.0
1.0
1
1.125
1
1.0071942446043165
1
1
1.0204081632653061
1
1
1.0
1.0
1.0
1
1.0
1.0
1.0
1.0
1.0
1.0
1.0
1.0
1.0
1.0
1
1.0
1
1
1.0
1
1
1.0
1
1
1.0192307692307692
1
1.0
1
1.0
1
1
1.0
1
1
1.0
1
1
1.0
1
1
1.0
1
1
1.0
1.010204081632653
1
1.0113636363636365
1
1.0
1
1
1.0153846153846153
1
1
1.0
1
1
1.0
1
1
1.0277777777777777
1.0
1
1.0
1.0819672131147542
1
1.0204081632653061
1
1
1.0
1
1
1.0357142857142858
1
1
1.0416666666666667
1.0
1.0338983050847457
1
1.0
1
1
1.0
1
1
1
1.0158730158730158
1
1
1.0
1
1
1.0
1
1
1.0
1
1
1.0
1
1
1.0303030303030303
1
1
1.009009009009009
1
1
1.0
1
1
1.0246913580246915
1
1
1.0
1
1
1.0
1
1
1.0
1
1
1.0338983050847457
1
1
1.0
1
1
1.0
1
1
1.0
1
1
1.0
1
1
1.0
1
1
1.0
1
1
1.009009009009009
1
1
1.0
1
1
1.0166666666666666
1
1
1.0
1
1
1.0123456790123457
1
1
1.0
1
1
1.0
1
1
1.0
1
1
1.0
1
1
1.0
1
1
1.0121951219512195
1
1
1.0
1.0
1
1.013157894736842
1
1.0
1.0
1.0
1
1.0
1.0
1.0
1.0
1.0
1
1.0
1
1
1.0
1
1
1.0
1
1
1.0
1
1
1.0
1
1
1.0
1
1
1.0
1
1
1.0
1.0
1.0
1
1.0
1
1
1.0
1
1
1.0256410256410255
1
1
1.0
1
1
1.0
1
1
1.0
1
1
1.0
1
1
1.0
1
1
1.0
1
1
1.0
1
1
1.0
1.048780487804878
1
1.0
1
1
1.0
1
1
1.0
1
1
1
1.0
1
1
1.0333333333333334
1
1
1.0
1
1
1.0
1
1
1.0
1
1
1.0
1
1
1.0277777777777777
1.0
1
1.027027027027027
1
1.0
1
1
1.0294117647058822
1
1
1
1.0357142857142858
1
1
1.0
1
1
1.0
1
1
1.1428571428571428
1
1
1.0
1
1
1.0252100840336134
1
1
1.0
1
1
1.0
1
1
1.0
1
1
1.0
1
1
1.0303030303030303
1
1
1.0
1
1
1.021978021978022
1
1
1.0133333333333334
1
1
1.0319148936170213
1
1
1.0
1
1
1.0263157894736843
1
1
1.0136986301369864
1
1
1.0136986301369864
1
1
1.0
1
1
1.0
1
1
1.0
1
1
1.0
1
1
1.0
1
1
1.0
1
1
1.0
1
1
1.0364963503649636
1
1
1.0303030303030303
1
1
1.0
1
1
1.0
1
1
1.0294117647058822
1
1
1.0
1
1
1.0
1
1
1.0
1
1
1.0444444444444445
1
1
1.0
1
1
1.0
1
1
1.0
1
1
1.0
1.0232558139534884
1
1.0252100840336134
1.0
1.0
1.0
1.0
1.0
1.0392156862745099
1
1.0638297872340425
1.037593984962406
1.0085470085470085
1
1.0126582278481013
1
1
1.0416666666666667
1
1
1.0105263157894737
1
1
1.0357142857142858
1
1
1.0
1
1
1.0303030303030303
1
1
1.0
1
1.0084033613445378
1
1
1.0112359550561798
1
1
1.0
1
1
1.0
1
1
1.0
1
1
1.0
1
1
1.0289855072463767
1.0
1
1.0
1
1.0
1
1
1.0384615384615385
1
1
1.0
1
1
1.0
1
1
1.1428571428571428
1
1
1.0
1
1
1
1.0
1
1
1.0
1
1
1.0
1
1
1.0
1
1
1.0
1
1
1.0
1
1
1.0
1
1
1.0
1
1
1.030612244897959
1
1
1.0
1
1
1.0105263157894737
1
1
1.0
1
1
1.0303030303030303
1
1
1.0
1.1111111111111112
1
1.0
1
1
1.0909090909090908
1
1
1.0
1
1
1.0
1
1
1.0
1
1
1.027027027027027
1
1
1.0666666666666667
1
1
1.0
1
1
1.0166666666666666
1
1
1.0303030303030303
1
1
1.0
1
1
1.0
1
1
1.0
1
1
1.0169491525423728
1
1
1.0
1
1
1.0
1
1
1.0
1
1
1.010752688172043
1
1
1.02
1
1
1.0
1
1
1.0
1
1
1.0
1
1
1.0222222222222221
1.0
1
1.0
1
1.0
1
1
1
1.0136986301369864
1
1
1.0
1
1
1.0
1
1
1.0
1
1
1.0
1
1
1.0149253731343284
1
1
1.0285714285714285
1
1
1.1714285714285715
1.1382978723404256
1.178294573643411
1.047244094488189
1.0982658959537572
1.1721854304635762
1.0
1.010204081632653
1.0350877192982457
1
1.02020202020202
1.0
1.0
1.0
1.1414141414141414
1.1390134529147982
1
1.055944055944056
1.0086206896551724
1.0794701986754967
1.0
1.0075757575757576
1.0258302583025831
1.1385767790262173
1.0134228187919463
1.0085470085470085
1.1176470588235294
1.0392156862745099
1.0086206896551724
1
1.0769230769230769
1.0
1
1.0196078431372548
1.0211267605633803
1.040983606557377
1.054054054054054
1.0
1.0971428571428572
1.032
1
1.0735294117647058
1
1.0103626943005182
1
1
1.0363636363636364
1.0512820512820513
1.0238095238095237
1.0
1
1.0
1.0416666666666667
1
1.1324503311258278
1
1.064516129032258
1
1.0
1.0
1.0
1.0
1.0
1.0
1
1.0
1
1
1.0
1
1
1.0
1
1
1.0
1
1
1.0
1.0078740157480315
1
1.0
1
1.0
1
1
1.0
1
1
1.0
1
1
1
1.0070422535211268
1
1
1.0
1
1
1.0813953488372092
1
1
1.048780487804878
1
1
1.0119047619047619
1.0
1.0153846153846153
1
1.0
1
1.04
1.0
1
1.0571428571428572
1
1.0406091370558375
1
1
1.0
1
1
1.0273972602739727
1
1
1.0
1
1
1.04
1
1
1.0
1
1
1.0
1
1
1.0
1
1
1.0
1
1
1.0188679245283019
1
1
1.0333333333333334
1
1
1.0217391304347827
1
1
1.011111111111111
1
1
1.0222222222222221
1
1
1.04
1
1
1.037037037037037
1
1
1.0333333333333334
1
1
1.0
1
1
1.0204081632653061
1
1
1.0520833333333333
1
1
1.0394736842105263
1
1
1.0208333333333333
1
1
1.0
1
1
1.010204081632653
1.0
1.021505376344086
1
1.0
1.0166666666666666
1.0
1.025974025974026
1.011764705882353
1
1.0217391304347827
1
1
1
1.0
1
1
1.0273972602739727
1
1.0101010101010102
1.0204081632653061
1
1.032258064516129
1.0
1.006896551724138
1.0
1.0
1.0
1.0
1.0
1.0091743119266054
1.0
1
1.0
1
1
1.0105263157894737
1.0384615384615385
1.0
1
1.0294117647058822
1
1
1.0253164556962024
1
1
1.0
1
1
1.0133333333333334
1
1
1.0
1
1
1.0
1
1
1.010752688172043
1
1
1.0363636363636364
1
1
1.0
1
1
1.0416666666666667
1
1
1.0666666666666667
1
1
1.0
1
1
1.0
1
1
1.010752688172043
1
1
1.0
1
1
1.0
1
1
1.0
1
1
1.0
1
1
1.0
1
1
1.0
1
1
1.0
1
1
1.0
1
1
1.0
1
1
1.0
1
1
1.0
1
1
1.0
1
1
1.0
1
1
1.0
1
1
1.0
1
1
1.0
1
1
1.0
1
1
1.0
1
1
1.0
1
1
1.0
1
1
1.018018018018018
1.0119047619047619
1
1.0
1
1.02020202020202
1
1
1
1.0
1
1
1.0
1
1
1.0
1
1
1.0
1
1
1.0
1
1
1.0
1
1
1.0
1
1
1.0
1
1
1.0
1
1
1.0
1
1
1.0
1
1
1.0149253731343284
1
1
1.0
1.0
1
1.0285714285714285
1
1.0
1
1
1
1.0
1
1
1.02
1
1
1.0
1
1
1.0
1
1
1.0
1
1
1.0
1
1
1.0
1
1
1.0
1
1
1.0
1
1
1.0
1
1
1.0
1
1
1.0
1
1
1.0192307692307692
1
1
1.0775193798449612
1
1
1.0
1
1
1.0
1.0
1
1.0
1
1.0185185185185186
1
1
1.0
1
1
1.0
1
1
1.0396825396825398
1
1
1.0194174757281553
1.0
1
1.0
1
1
1.0163934426229508
1
1
1.0
1
1
1
1.0649350649350648
1
1.0
1.0
1.0483870967741935
1.0
1.0317460317460316
1.02020202020202
1.0
1.0263157894736843
1.0
1.0
1.0
1.0
1.0277777777777777
1.0232558139534884
1.0
1.0
1.0121951219512195
1
1.0
1
1
1.0383141762452108
1
1
1.0
1
1
1.037037037037037
1
1
1.0
1
1
1.0
1
1
1.0
1
1
1.0
1
1
1.0
1
1
1.027027027027027
1
1
1.0512820512820513
1
1
1.0
1
1
1.0
1
1
1.0277777777777777
1
1
1.0
1
1
1.0
1
1.0
1.0
1
1.0144927536231885
1
1
1.0350877192982457
1
1
1.0
1
1
1.0
1
1
1.0
1
1
1.0
1.0649350649350648
1
1.0
1
1.0123456790123457
1
1
1.0115606936416186
1.0
1
1.0
1
1
1
1.0147058823529411
1
1
1.0
1.0
1.0
1
1.0
1
1.0
1
1.0
1
1
1.0
1
1
1
1.03125
1
1
1.0596026490066226
1
1
1.0
1
1
1.004950495049505
1
1
1.0
1
1
1.0
1
1
1.0
1
1
1.0344827586206897
1
1
1.0
1
1
1.0
1
1
1.0
1.0
1
1.0
1.0
1.0
1.0
1.0
1.0
1.0
1.0
1.0
1.0
1.0
1.0
1.0
1.0
1.0
1.0
1.0
1.0
1.0
1.0
1.0
1.0
1.0
1.0
1.0
1.0
1.0
1.0
1.0
1.0
1.0
1.0
1.0
1.0
1.0
1
1.0
1
1.0
1
1
1.0
1
1
1.0
1
1
1.0
1
1
1.0
1
1
1.0
1
1
1.0
1
1
1.0
1
1
1.0
1
1
1.0
1
1
1.0227272727272727
1
1
1.03125
1
1
1.0238095238095237
1
1
1.0769230769230769
1
1
1.024390243902439
1
1
1.0
1
1
1.0103092783505154
1
1
1.0
1
1
1.0689655172413792
1
1
1.0
1
1
1.0
1
1
1.0
1
1
1.0142857142857142
1
1
1.0
1
1
1.0
1
1
1.0
1
1
1.0
1
1
1.0
1
1
1.0212765957446808
1.0
1
1.0571428571428572
1
1.0
1.0
1.0
1
1.0166666666666666
1
1
1.0
1
1.0
1
1
1
1.0
1
1
1.0142857142857142
1
1
1.0
1
1
1.0912863070539418
1
1
1.0
1
1
1.1428571428571428
1
1
1.0
1
1
1.0
1
1
1.027027027027027
1
1
1.0285714285714285
1
1
1.0
1
1
1.0
1
1
1.0285714285714285
1
1
1.0
1
1
1.0
1
1
1.0
1.0
1.0
1.0
1.0
1
1.0
1.0
1.0
1.0
1.0
1.0
1
1.0
1
1
1.0
1
1
1.0
1
1
1.028169014084507
1
1
1
1.0
1
1
1.0
1
1
1.0
1
1
1.0
1
1
1.0
1.0
1
1.00990099009901
1
1
1.0
1
1
1.05
1
1
1.1395348837209303
1
1
1.0
1
1
1.0
1
1
1.0297029702970297
1
1
1.0
1
1
1.0
1
1
1.0
1
1
1.0
1
1
1.0227272727272727
1
1
1.021505376344086
1
1
1.0267857142857142
1
1
1.0
1
1.0
1
1
1.0
1
1
1
1.0
1
1
1.0
1
1
1.0
1
1
1.0
1
1
1.0
1
1
1.0535714285714286
1
1
1.013986013986014
1
1
1.0
1
1
1.0
1
1
1.0
1
1
1.0326797385620916
1
1
1
1.0
1
1
1.0217391304347827
1
1
1.0
1
1
1.005586592178771
1
1
1.0432098765432098
1
1
1.0077519379844961
1
1.03125
1
1.0
1.0444444444444445
1.0277777777777777
1
1.0
1.0
1
1
1.0
1
1
1
1.0
1
1
1.0
1
1
1.008130081300813
1
1
1.018181818181818
1
1
1.0192307692307692
1
1
1.0
1
1
1.0
1
1
1.0
1
1
1.0
1
1
1.0
1
1
1.0
1
1
1.0420168067226891
1.0105263157894737
1
1.0449438202247192
1
1.0
1
1
1.0125
1
1
1
1.0625
1
1
1.0
1
1
1.0
1
1
1.0
1
1
1.0
1
1
1.0
1
1
1.0
1
1
1.0
1
1
1.0
1
1
1.0
1
1
1.0
1
1
1.0
1
1
1.0
1
1
1.0
1
1
1.0
1
1
1.0
1
1
1.0
1
1
1.0
1
1
1.0
1
1
1.0
1
1
1.0
1
1
1.0
1
1
1.0
1
1
1.0
1
1
1.0
1
1
1.0
1
1
1.0
1
1
1.0
1
1
1.0
1
1
1.0
1
1
1.0
1
1
1.0
1
1
1.0
1.0
1
1.0
1.0
1
1.0
1
1
1.0
1
1
1.0
1
1
1.0
1
1
1.0
1
1
1.0
1
1
1.0
1
1
1.0
1
1
1.0
1
1
1.0
1
1
1.0
1
1
1.0
1
1
1.0
1
1
1.0
1
1
1.0
1
1
1.0
1
1
1.0
1
1
1.0
1
1
1.0
1
1
1.0
1
1
1.0
1
1
1.0
1
1
1.0
1
1
1.0
1
1
1.0
1
1
1.0
1
1
1.0
1
1
1.0
1
1
1.0
1
1
1.0
1
1
1.0
1
1
1.0
1
1
1.0
1
1
1.0
1
1
1.0
1
1
1.0
1
1.0
1
1
1.0
1
1
1.0
1
1
1.0
1
1
1.0
1
1
1.0
1
1
1.0
1
1
1.0
1
1
1.0
1
1
1.0
1
1
1.0192307692307692
1
1
1.025
1
1
1.0
1
1
1.0
1
1
1.0175438596491229
1
1
1.00625
1
1
1.0235294117647058
1
1
1.0
1
1
1.0493827160493827
1
1
1.0
1
1
1.0
1
1
1.0
1
1
1.0
1
1
1.0476190476190477
1
1
1.0
1
1
1.0
1
1
1.0
1
1
1.0144927536231885
1
1
1.0
1
1
1.0
1.1014492753623188
1.0888888888888888
1.0
1.124401913875598
1.074468085106383
1.0978260869565217
1.103448275862069
1.0
1.0634920634920635
1.0333333333333334
1.15
1.1415094339622642
1.0975609756097562
1.0
1.0
1.0
1.0947368421052632
1.1048387096774193
1.1015625
1.0
1
1.0
1.0
1.0
1.0
1.0
1
1.0161290322580645
1
1
1.0851063829787233
1
1
1.0
1
1
1.0
1
1
1.0232558139534884
1
1
1.03125
1
1
1.074074074074074
1
1
1.032258064516129
1
1
1.036144578313253
1
1
1.1428571428571428
1
1
1.0
1
1
1.0
1
1
1.0505050505050506
1
1
1.0
1
1
1.0
1
1
1.0
1
1
1.0
1
1
1.0
1
1
1.0
1
1
1.0
1
1
1.0
1
1
1.0
1
1
1.0188679245283019
1
1
1.0416666666666667
1
1
1.0
1
1
1.0
1
1
1.0
1
1
1.0142857142857142
1
1
1.0
1
1
1.0
1
1
1.0526315789473684
1
1
1.04
1
1
1.0
1
1
1.0
1
1
1.0
1
1
1.0
1
1
1.0238095238095237
1
1
1.0
1
1
1.0
1
1
1.0
1
1
1.0
1
1
1.0
1
1
1.0
1
1
1.0
1
1
1
1.0
1
1
1.0
1
1
1.0
1
1
1.0169491525423728
1
1
1
1.0
1
1
1.0
1
1
1.0
1
1
1.0
1
1
1.014388489208633
1
1
1.0104166666666667
1
1
1.0
1
1
1.0363636363636364
1
1
1
1.056338028169014
1
1
1.0
1
1
1.0
1
1
1.0
1.0
1.0
1.0
1.0
1.0
1.0
1.0
1.0
1.0
1.0
1.0
1.0
1.0
1.0
1.0
1.0
1.0
1.0
1.0
1.0
1.0
1.0
1.0
1.0
1
1.0
1.0
1.0
1
1.0
1
1
1.0
1
1
1.0
1
1
1.0
1
1
1.0
1
1
1.0
1.0106382978723405
1
1.0
1
1
1.0
1
1
1.0
1
1
1.0
1
1
1.0
1.0
1
1.0
1.0
1.0
1
1.062937062937063
1
1.0
1
1
1.0
1
1
1.0
1
1
1.0
1
1
1.0
1
1
1.0161290322580645
1
1.018181818181818
1.0227272727272727
1.0
1
1.0
1
1
1.0082644628099173
1
1.0
1
1
1.0
1
1
1.0
1
1
1.0
1.0
1.0
1.0
1.0
1.0
1.0
1.0
1
1.0
1
1
1.0
1
1
1.0
1
1
1
1.0
1
1
1.0
1
1
1.0194174757281553
1
1.0
1
1
1.0227272727272727
1
1.0
1
1
1.0
1.0
1
1.0
1.0
1
1.0
1
1.0
1.0
1.0
1
1.0
1.0
1
1.0149253731343284
1.0
1
1
1
1.0
1
1
1.0
1
1
1
1.0
1
1
1.0138888888888888
1
1.0
1
1.0
1
1
1
1.0
1.0422535211267605
1
1.0444444444444445
1
1.0
1
1
1.0
1
1.0
1.0731707317073171
1.1232876712328768
1.0
1.0169491525423728
1
1.0
1
1
1
1
1.0
1
1.0
1
1
1.0
1
1
1.0
1
1
1.0298507462686568
1.0
1
1.0
1
1
1
1.0
1
1.0
1
1
1.0
1
1
1.0
1
1
1.0
1
1
1.0
1
1
1
1
1.0
1
1
1.0
1
1
1.0
1
1
1.0
1
1
1.0
1
1
1.0
1
1
1.0
1
1
1.0
1
1
1.0229007633587786
1
1
1.0
1
1
1.0
1
1
1.0
1
1
1.005181347150259
1
1
1.0294117647058822
1.0330578512396693
1.0
1.0303030303030303
1
1.0416666666666667
1
1.0
1.0
1
1.02
1
1
1.0
1
1
1.0
1
1
1
1.0342465753424657
1
1
1.0
1
1
1.0
1.0
1.0445859872611465
1
1.0
1
1
1.0059171597633136
1
1
1.0063694267515924
1
1
1.0128205128205128
1
1
1.036231884057971
1
1
1.0
1
1.00990099009901
1
1
1
1.0
1
1.0
1
1
1.0
1
1
1.0106382978723405
1
1
1.0
1
1
1.0
1
1
1.0
1
1
1.006993006993007
1
1
1.0062893081761006
1
1
1.0
1
1
1.0
1
1
1.010752688172043
1
1
1.0454545454545454
1
1
1.0
1
1
1
1.0
1
1
1.0
1.0
1
1.0
1
1.0253164556962024
1
1
1
1.013157894736842
1
1
1
1.0
1
1
1.0
1
1
1.0
1
1
1.0
1.015625
1
1.0
1.0
1.0
1
1.0
1
1
1.0075757575757576
1
1
1.0298507462686568
1
1
1.0222222222222221
1
1.0
1
1
1.0
1
1
1.0384615384615385
1
1
1.0
1
1
1.0666666666666667
1
1
1.0
1
1
1.0
1
1
1.1216216216216217
1
1
1.0
1
1
1.0
1
1
1.0263157894736843
1
1
1.0
1
1
1.0
1
1
1.0
1
1
1.0
1
1
1.0
1
1
1.0
1
1
1.0
1
1
1.0
1
1
1.0
1
1
1.0078125
1
1
1.0227272727272727
1
1
1.054054054054054
1
1
1.0
1
1
1.0
1
1
1.0
1
1
1.0384615384615385
1
1
1.0
1
1
1.0125
1
1
1.0
1
1
1.0
1
1
1.0
1
1
1.0
1.108695652173913
1
1.0
1
1.0
1
1
1.009009009009009
1
1
1.0
1
1
1.0080645161290323
1
1
1.0
1
1
1.0
1
1
1.021505376344086
1
1
1.0144927536231885
1
1
1.011764705882353
1
1
1.0434782608695652
1
1
1.0
1
1
1.0256410256410255
1
1
1.008130081300813
1
1
1.0115606936416186
1
1
1
1.0
1
1
1.0
1
1
1.0
1
1
1.0
1.0178571428571428
1
1.0
1
1.0
1
1
1.0
1
1
1.0
1
1
1.0444444444444445
1
1
1
1.009090909090909
1
1
1.0086206896551724
1
1
1.0
1.0150375939849625
1
1.0
1
1.0
1
1
1
1
1.0
1
1
1.0
1
1
1.013157894736842
1
1
1.0
1
1
1.0232558139534884
1.0
1
1.0
1
1.0
1
1
1
1.0
1
1
1.0
1
1
1.0188679245283019
1
1
1.0213903743315509
1
1
1.0
1
1
1.0
1
1
1.0
1
1
1.0
1.0
1
1.0
1
1
1.0
1
1
1.0
1
1
1.0526315789473684
1.0
1.0
1.0192307692307692
1
1.0481927710843373
1
1.0266666666666666
1
1
1.040983606557377
1
1
1.0256410256410255
1
1.0
1
1
1.0
1
1
1.0123456790123457
1
1
1.0
1
1
1.0
1
1
1.0105263157894737
1
1
1.0330578512396693
1
1
1.00990099009901
1
1
1
1.015228426395939
1
1
1.0
1
1
1.0
1
1
1.00625
1.0
1.0
1
1.0309278350515463
1
1.0116959064327484
1.0
1
1.0
1
1.0833333333333333
1
1.0
1
1
1.0
1
1
1.0
1
1
1
1.0
1
1
1
1.0
1
1
1.0
1
1
1.0
1
1
1.0
1
1
1.0
1
1
1
1
1
1.0
1
1
1.0192307692307692
1
1
1.0454545454545454
1
1
1.050420168067227
1
1
1.0229885057471264
1
1
1.013157894736842
1
1
1.013157894736842
1
1
1.0
1
1
1.0
1
1
1.0076335877862594
1
1
1.0
1
1
1.0
1
1
1.0
1
1
1.0
1
1.0
1
1.0
1
1
1.0
1
1
1.0
1
1
1.0
1.0097087378640777
1.0
1
1
1.0
1
1.0
1.0072463768115942
1
1.0
1
1.0
1
1
1
1.0
1
1
1.0
1.0
1
1.0
1
1
1
1
1.0
1
1
1.0
1
1
1.0
1
1
1.0
1
1
1.0454545454545454
1
1
1.0677966101694916
1
1
1.011764705882353
1
1
1.0
1
1
1.0
1
1
1.0
1
1
1.0150375939849625
1
1
1.0909090909090908
1
1
1.0
1
1
1.0
1
1
1.0
1
1
1.0
1
1
1.0188679245283019
1
1
1.0307692307692307
1
1
1.0543478260869565
1
1
1.0
1
1
1.0
1
1
1.0105263157894737
1
1
1.0
1
1
1.0
1
1
1.0
1
1
1.0
1
1
1.0
1
1
1.0
1
1
1.0
1
1
1.0
1
1
1.0
1
1
1.0
1
1
1.0
1
1
1.0
1
1
1.0
1
1
1.0
1
1
1.0
1
1
1.00990099009901
1
1
1.0
1.0211267605633803
1
1.0
1.0
1
1.0
1.0
1
1.0185185185185186
1
1
1.0
1
1
1.0129032258064516
1
1.0
1
1
1.008130081300813
1
1
1.0210526315789474
1
1
1.0
1
1
1.0
1
1
1.0
1
1
1.0
1
1
1.0
1
1
1.0
1
1
1.0
1
1
1.0
1
1
1.0
1
1
1.0
1
1
1.0
1
1
1.0
1
1
1.0
1
1
1.0
1
1
1.0
1
1
1.0
1
1
1.0
1
1
1.0
1
1
1.0
1
1
1.0
1
1
1.0
1
1
1.0
1
1
1.0
1
1
1.0
1
1
1.0
1
1
1.0
1
1
1.0
1
1
1.0
1
1
1.0
1
1
1.0
1
1
1.0
1
1
1.0
1
1
1.0
1
1.0
1.0
1.0
1
1.0101010101010102
1
1
1.028301886792453
1
1
1.041860465116279
1
1
1.0
1
1
1.0104166666666667
1
1
1.0
1
1
1.0217391304347827
1
1
1.0287769784172662
1
1
1.0
1
1
1.0
1
1
1.0
1.0123456790123457
1
1.0
1.0
1
1.0
1
1.0151515151515151
1
1
1.0
1
1
1.0
1
1
1.0
1
1
1.0192307692307692
1.0888888888888888
1.0125
1.0
1.0140845070422535
1.0196078431372548
1
1.0
1.0104166666666667
1
1.0459770114942528
1
1.0
1
1
1.0416666666666667
1.0303030303030303
1.0153846153846153
1.0
1
1.0526315789473684
1
1
1
1.0
1
1.0
1
1
1.0333333333333334
1.0
1.0327868852459017
1.0
1.0
1.0
1.025
1
1
1
1.0
1
1
1.0106382978723405
1
1
1.0
1.0256410256410255
1
1.0
1
1
1.0
1
1
1.0
1
1.0
1
1
1.0178571428571428
1
1
1.0256410256410255
1
1
1.0552486187845305
1
1
1
1.024390243902439
1
1
1.0
1
1
1.0
1
1
1.0
1
1
1.0
1
1
1.0
1.0
1.0
1
1.0350877192982457
1.0208333333333333
1
1.0
1
1
1.0
1
1.0
1
1
1
1.0972222222222223
1
1
1.014388489208633
1
1
1.0
1
1
1.0222222222222221
1
1
1.0294117647058822
1
1
1.0
1
1
1.0802469135802468
1
1
1
1.0
1
1
1.0
1
1
1.032258064516129
1
1
1.0
1
1
1
1.0
1
1
1.0
1
1
1.0
1
1
1.0
1
1
1.0
1
1
1.0
1
1
1.0
1
1
1.0
1
1
1.0
1
1
1.0
1
1
1.0
1
1
1.0
1
1
1.0
1
1
1.0204081632653061
1
1
1.0
1
1
1.0277777777777777
1
1
1.028301886792453
1
1
1.0263157894736843
1
1
1.0
1
1
1.0
1
1
1.0
1
1
1.0
1
1
1.0
1
1
1.0
1
1
1.0
1
1
1.0
1
1
1.0066225165562914
1
1
1.0
1
1
1.0
1
1
1.0
1
1
1.0178571428571428
1
1
1.0310077519379846
1
1
1.0147058823529411
1
1
1.0350877192982457
1
1
1.0
1
1
1.0
1
1
1.0571428571428572
1
1
1.0
1
1
1.0
1
1
1.0
1
1
1.0222222222222221
1
1
1.0
1
1
1.0
1.0357142857142858
1
1.0
1
1
1.0
1
1
1.0
1
1
1.018181818181818
1
1
1.0512820512820513
1
1
1.0
1
1
1.026143790849673
1
1
1.0076335877862594
1.0075187969924813
1
1.1388888888888888
1
1
1.0
1
1
1.0
1
1
1.0
1
1
1.0333333333333334
1
1.0
1
1
1.0
1.0
1
1.0909090909090908
1
1.0
1
1
1.0769230769230769
1.0
1.0
1
1
1.0
1
1
1.0897435897435896
1.0454545454545454
1.0701754385964912
1
1.0
1
1
1.0526315789473684
1.0394736842105263
1.0159574468085106
1.0
1.085
1.032258064516129
1.0384615384615385
1.0789473684210527
1
1.0
1.0
1.0119047619047619
1.07035175879397
1.027027027027027
1.0153846153846153
1.0
1.0819672131147542
1.1833333333333333
1
1.0
1
1
1.054726368159204
1
1.0
1
1
1.0
1
1
1.0
1
1
1.0
1
1
1.0
1
1
1.0
1
1
1.0625
1
1
1.0526315789473684
1
1
1.0333333333333334
1
1
1.0
1
1
1.025
1
1
1.0
1
1
1.0
1
1
1.0238095238095237
1
1
1.0
1
1
1.0
1
1
1.0
1
1
1.0
1
1
1.0267379679144386
1
1
1.018181818181818
1
1
1.0
1.0
1.0
1
1.0
1
1.0
1
1
1.011111111111111
1
1
1.0208333333333333
1
1.0
1
1
1
1.0
1.0
1.0
1.0
1
1.0
1.03125
1
1.0
1.0
1
1
1.0
1
1
1.0
1
1
1.0
1.0
1
1.0
1
1.0
1
1
1.0
1
1.0
1
1
1.0
1
1
1.0
1.0
1
1.0
1.0
1
1.0
1
1
1.0
1
1
1.0
1
1
1.0
1
1
1.0
1
1
1.0
1
1
1.0166666666666666
1
1.0
1
1
1.0
1
1
1.0
1
1
1.0098039215686274
1
1
1.0
1.0
1
1.0
1
1.0
1
1
1
1.0461538461538462
1
1
1.0
1
1
1.0
1
1
1.0375
1
1
1.0
1
1
1.0303030303030303
1
1
1.0
1
1
1.0
1
1
1.0
1.0
1
1.0810810810810811
1
1.0
1
1
1.0
1
1
1.0
1
1
1.0
1
1
1.0
1
1
1.0
1
1
1
1.0476190476190477
1
1
1.0384615384615385
1
1
1.0
1
1
1.0
1
1
1.0
1
1
1.0
1
1
1.0
1
1
1.0136986301369864
1
1
1.0
1
1
1.0465116279069768
1
1
1.0128205128205128
1
1
1.0
1
1
1.0
1
1
1.0
1
1
1.0
1
1
1.0
1
1
1.0
1
1
1.0
1
1
1.0
1
1
1.0
1
1
1.0
1
1
1.0
1
1
1.0
1
1
1.0
1
1
1.0
1
1
1.0
1
1
1.0
1
1
1.0
1
1
1.0
1
1
1.0
1
1
1.0
1
1
1.0
1
1
1.0108695652173914
1
1
1.0
1
1
1.0
1
1
1.0
1
1
1.0
1
1
1.0
1
1
1.0123456790123457
1
1
1.0
1
1
1.0
1
1
1.0
1
1
1.0266666666666666
1.0
1
1.0151515151515151
1
1
1.0
1
1
1.0
1
1
1.0
1
1
1.0
1
1
1.0
1
1
1.0
1
1
1.0
1.0
1
1.0089285714285714
1
1.0476190476190477
1
1
1.0
1
1
1.03125
1
1
1.0198019801980198
1
1
1.0
1
1
1.0377358490566038
1
1
1
1.0
1
1.0
1
1.0136986301369864
1
1
1.0
1
1
1.0
1
1
1.0
1
1
1.0
1.0
1.0
1
1.0
1
1.0
1
1
1.0365853658536586
1
1
1.0
1
1
1.0
1
1
1.0416666666666667
1
1
1.0
1
1
1.0
1
1
1.0178571428571428
1
1
1.0
1
1
1.0
1
1
1.0
1
1
1.0
1
1
1.0
1
1
1.0
1
1
1.0
1
1
1.0
1
1
1.0
1
1
1.0
1
1
1.0
1
1
1.0
1
1
1.0625
1
1
1.0
1
1
1.0
1
1
1.0
1
1
1.0
1
1
1.0
1
1
1.013157894736842
1
1
1.0333333333333334
1
1
1.0
1
1
1.0
1
1
1.070921985815603
1
1
1.0208333333333333
1
1
1.0
1
1
1.0
1
1
1.0512820512820513
1
1
1.0
1
1
1.0
1
1
1.0
1
1
1.0
1
1
1.0
1
1
1.0
1
1
1.0
1
1
1.0584415584415585
1.0
1
1.0
1.0
1
1.0212765957446808
1
1
1.0222222222222221
1.0163934426229508
1.0559006211180124
1.011764705882353
1.037037037037037
1
1.0
1
1.0
1
1.0
1
1.009009009009009
1
1.0158730158730158
1.0208333333333333
1
1.037037037037037
1
1.0
1
1
1.0
1
1
1.0
1
1
1.0
1
1.0
1
1
1
1
1.0
1
1
1.0
1
1
1.0
1
1
1.0
1
1
1.0
1
1
1.0
1.0
1
1.0
1
1.0
1
1
1.0
1
1
1
1.0
1.0
1
1.025
1
1.0
1.0
1
1.0359712230215827
1
1.0
1.0
1
1.0
1
1.0
1
1
1.0
1
1
1.0
1
1
1.0
1
1
1.0
1
1
1.0
1
1
1.0
1
1
1.0
1
1
1.0
1
1
1.0
1
1
1.0
1
1
1.0
1
1
1.0
1.0
1
1.0273972602739727
1
1.0
1
1
1.0
1
1
1.0
1
1
1.0
1
1
1
1.0
1.0
1
1.0
1
1
1.0
1
1
1.0
1
1
1.0
1
1
1.0
1
1
1.0
1
1
1.0
1
1
1.0
1
1
1.0
1
1
1.0
1
1
1.0
1
1
1.0
1
1
1.0
1
1
1.0
1
1
1.0
1.0
1.0
1
1.032258064516129
1
1.0
1
1
1.0
1
1
1.0
1
1
1.0
1
1
1.0
1
1
1.0
1
1
1.0
1
1
1.032258064516129
1
1.0
1
1
1.0
1
1
1.0
1
1
1.0
1.0
1.0
1
1.0
1
1
1.0
1
1
1.0
1
1
1.0
1
1
1.0
1
1.0
1
1
1.0
1
1
1.0
1
1
1.0
1
1
1.0
1.0
1.0
1
1.0
1
1
1.0
1
1
1.0
1
1
1.0
1
1
1.0
1
1
1.0
1
1
1.0
1
1
1.0
1
1
1.0
1
1
1.0
1
1
1.0
1
1
1.0
1.0
1
1.0319148936170213
1
1.0
1.0
1
1.0
1
1.0
1.0
1.0
1
1.008695652173913
1
1.0
1
1
1.0
1
1
1.0
1
1
1.0
1
1
1.0
1
1
1.0
1
1
1.0
1
1
1.0
1
1
1.0
1
1
1.0
1
1.0
1
1
1.0
1
1
1.0
1
1
1.0
1
1
1.0
1
1
1.0
1
1
1.0
1.0
1.0392156862745099
1.0
1.0
1
1.0
1
1
1.0
1
1
1.0
1
1
1.0
1
1
1.0
1
1
1.0
1
1
1.0
1
1
1.0
1
1
1.0
1
1
1.0
1
1
1.0
1.0
1.0
1
1.0
1.0277777777777777
1
1.0
1
1
1.0
1
1
1.0
1
1
1.0
1
1
1.0
1
1
1.0
1
1
1.0
1.0
1.0
1.0
1.0
1.0
1
1.0
1.0
1
1.0
1
1
1.0
1
1
1.0
1
1
1.0
1
1
1.0
1
1
1.0
1
1
1.0
1
1
1.0
1
1
1.0
1
1
1.0
1
1
1.0
1.0
1
1.0
1
1.0
1
1
1.0
1
1
1.0
1
1
1.0
1
1
1.0
1
1
1
1.0
1
1
1.0
1
1
1.0
1
1
1.0
1
1
1.0
1.0
1.0
1
1.0
1
1
1.0
1
1
1.0
1
1
1.0
1
1
1.0
1
1
1.0
1
1
1.0
1
1
1.0
1.0
1.0232558139534884
1
1.0
1
1
1.0
1.0
1.0
1
1.0
1
1.0
1
1
1.0
1
1
1
1.0
1
1
1.0
1
1
1.0
1
1
1.0
1
1
1.0
1
1
1.0
1
1
1.0
1
1
1.0
1.0
1
1.0
1.0
1
1.0
1
1.0
1
1.0
1
1
1.0
1.0
1.0
1
1.0
1
1
1.0
1
1
1.0
1
1
1.0
1
1
1.0
1
1
1.0
1
1
1
1.0
1
1
1.0
1
1
1.0
1
1
1.0
1
1
1.0
1
1.0
1.0
1
1.3076923076923077
1
1.0
1
1
1.0
1.0
1.0
1.0
1.0
1
1.0
1.0148148148148148
1
1.0
1
1
1.0
1
1
1
1.0
1
1
1.0
1.0
1
1.0
1.0
1
1.0
1
1
1.0
1
1
1.0
1
1
1.0
1
1
1.0
1
1
1.0
1
1
1.0
1
1
1.0
1
1
1
1.0
1
1
1.0
1
1
1.007462686567164
1.0
1
1.0
1.0
1
1.0
1.0
1
1.0
1
1.0
1
1
1.0
1
1
1.0
1
1.0
1
1
1.0
1
1
1.0
1
1
1.0
1
1
1.0
1
1.0
1
1
1.0
1
1
1.0
1
1.0
1
1.0
1
1
1.0
1
1
1.0
1
1
1.0
1
1
1.0
1
1
1.0
1
1
1.0
1
1
1.0
1
1.0
1.0
1.0
1
1.0106382978723405
1.036101083032491
1
1.0
1
1
1.0
1
1
1.0
1
1
1.0
1.0
1
1.0158730158730158
1
1.0
1
1
1.0
1
1
1.0
1
1
1.0
1
1
1.0
1
1
1.0
1.0
1
1.015625
1
1.0
1.0
1
1.0
1
1
1.0
1
1
1.0
1
1.0
1
1
1.0
1
1
1.0
1
1
1.0
1
1.0
1
1
1
1
1.0
1
1.0
1.0
1
1.0
1
1
1.0
1
1
1.0
1
1
1.0
1
1
1.0277777777777777
1
1.0
1
1
1
1.0
1
1
1.0
1
1
1.0
1
1
1.0
1
1
1.0
1
1
1.0
1.0434782608695652
1.0
1.0303030303030303
1.0
1
1.0
1
1
1.0
1
1
1
1.0
1.0
1
1.0
1
1.0
1
1
1.0
1
1
1.0
1
1.0
1
1
1.0
1
1
1.0
1
1
1
1.0
1
1
1.0
1
1
1.0
1
1
1.0
1
1
1.0
1.0
1
1.0
1
1.0
1
1
1.0
1
1
1.0
1
1
1.0
1
1
1.0
1.0
1
1.0
1
1.0
1
1
1.0
1
1
1.0
1
1
1.0454545454545454
1.0609137055837563
1.0
1.0207253886010363
1.0
1.064039408866995
1.0058479532163742
1.0704845814977975
1
1.0
1
1
1.0
1.0
1
1.0175438596491229
1
1
1.0
1
1
1
1.0
1
1
1.0
1
1
1.0
1
1
1.0
1
1
1.0
1.0
1
1.1356589147286822
1
1.0
1.0
1
1.0
1
1.0
1.0
1
1.0
1
1.0
1
1
1.0
1
1
1
1.0
1
1
1.0
1
1
1.0
1
1
1.0
1
1
1.0
1
1
1
1.0
1
1
1.0
1
1
1.0
1
1
1.0
1
1
1.0
1
1.0
1
1
1.0
1.0
1
1.0
1
1.0
1
1
1.0
1
1
1
1.0
1
1
1.0
1
1
1.0
1
1.0
1
1
1.0
1
1
1.0
1
1.0
1
1
1.0
1
1
1.0
1
1.0
1
1
1.0
1
1
1.0
1
1
1.0
1
1
1.0
1
1
1.0
1
1
1.0
1
1
1.0
1
1
1.0
1
1
1.0
1
1
1
1
1.0
1
1
1.0
1
1
1.0
1
1
1.0
1.0
1
1.0384615384615385
1.0202702702702702
1
1.0
1
1
1.0
1
1
1.0
1
1
1.0
1
1
1.0
1
1
1
1.0
1
1
1.0
1
1
1.0
1
1
1
1.0
1
1
1
1.0
1
1
1.0
1
1
1.0
1
1
1
1.0
1
1
1
1.0
1
1
1.0
1
1
1.0
1
1
1.0
1
1
1.0
1
1
1.0
1
1
1.0
1
1
1.0
1
1
1.0
1.0
1.0
1
1.0
1
1
1.0
1
1
1.0
1
1
1.0
1
1
1.0
1
1
1.0
1
1
1.0
1
1
1.0
1
1
1.0
1.0
1.0
1
1.0
1
1.0
1
1
1.0
1
1
1.0
1
1
1
1.0789473684210527
1.0
1
1.0
1.0
1
1.0
1
1.0
1
1
1
1.0
1
1
1
1.0
1
1
1.0
1
1
1.0
1
1
1.0
1
1
1.0
1.0
1
1.0
1
1.0
1
1
1.0172413793103448
1
1.0
1
1
1.0
1.0
1.1666666666666667
1
1
1
1.0
1
1
1
1.0
1
1.0
1
1
1.0
1
1
1.0
1
1
1.0
1
1
1.0
1
1
1.0
1
1
1
1.0
1
1
1.0
1
1
1.0
1
1.0
1
1
1
1.0
1
1
1.0151515151515151
1
1.0
1
1
1.0
1
1
1.0
1
1
1
1.0
1
1
1.0
1
1
1.0
1
1
1.0
1
1
1.0
1
1
1.0
1
1
1.0
1
1
1.0
1
1
1.0
1
1
1.0
1
1
1
1
1.0
1
1
1.0
1
1
1
1.0
1
1
1.065217391304348
1
1.0
1
1
1.0
1
1
1
1
1.0
1
1
1.0
1
1
1.0
1
1
1.03125
1.0128205128205128
1
1.0
1
1
1.0
1
1
1.0
1
1
1
1.0
1
1
1.0
1
1
1.0
1
1
1
1.0
1
1
1.0
1
1
1
1.0
1
1
1.0
1
1
1.0
1
1
1.0
1
1
1.0
1
1
1.0
1
1
1.0
1
1
1.0
1
1
1
1.0
1
1
1.0
1
1
1.0
1
1
1.0
1
1
1.0
1
1.0
1
1
1.0
1
1
1
1
1.0
1
1
1.0
1
1
1.0
1
1
1
1.0
1
1
1.0
1
1
1.0
1
1
1.025
1
1.0
1
1
1
1.0
1
1
1.0
1
1
1.0
1
1
1.0
1
1
1.0
1
1
1.0
1
1
1.0
1
1
1.0
1
1
1
1
1.0
1
1
1
1.0
1
1.0
1
1
1.0
1
1
1.0
1
1
1.0
1
1
1.0
1
1
1.0
1
1
1.0
1
1
1
1.0
1
1
1.0
1
1
1.0
1
1
1.0
1
1
1
1.0
1
1
1
1.0
1
1
1.0
1
1
1.0
1
1
1.0
1
1
1
1.0
1
1
1.0
1
1
1.0
1
1
1.0
1
1
1.0
1
1
1.0
1
1
1.0
1
1
1.0
1
1
1
1
1.0
1
1
1.0
1
1
1
1.0
1
1
1
1.0
1
1
1.0
1
1
1.0
1
1
1.0
1
1
1
1.0
1
1
1.0
1.0
1
1.0
1
1.0
1
1
1.0
1
1
1.0
1
1
1
1
1
1.0
1
1
1.0
1
1
1.0108695652173914
1
1.0
1
1
1.0
1
1
1.0
1
1
1.0
1
1
1
1
1.0
1
1
1.0
1
1
1.0
1
1
1.0
1
1
1
1.0
1
1
1
1.0
1
1
1
1.0
1
1
1
1.0
1
1
1.0
1
1
1.0
1
1
1.0
1
1
1.0
1
1
1.0
1
1
1.0
1
1
1.0
1
1
1
1
1
1.0
1
1
1.0
1
1
1.0
1
1
1.0
1
1
1.0
1
1
1.0
1
1
1.0
1
1
1.0
1
1
1.0
1
1
1
1.0
1
1
1.0
1
1
1.0
1
1
1.0
1
1
1.0
1.0
1
1.0232558139534884
1
1.018181818181818
1
1
1.0
1
1
1.0
1
1
1.0
1
1
1.0129870129870129
1
1
1.0
1
1
1.0204081632653061
1
1
1
1.0
1
1
1.025
1
1
1.0135135135135136
1
1
1.0
1
1
1.0
1
1
1.0
1
1
1.032258064516129
1
1
1.0126582278481013
1
1
1.0
1
1
1.00990099009901
1
1
1.04
1
1
1.05
1.0238095238095237
1.0384615384615385
1.0
1
1.0161290322580645
1.0
1.015625
1.0
1.0
1.0
1.0
1.05
1.0
1.0
1.0
1.0
1.0
1
1.0
1
1
1.0
1.0
1.0
1
1.0
1.0338983050847457
1.018181818181818
1.0
1.0333333333333334
1.0476190476190477
1.031055900621118
1
1.0
1
1.0
1
1
1.0
1
1
1.0
1
1
1.0
1
1
1.0
1
1
1.0
1
1
1.0
1
1
1.0
1.0
1
1.037037037037037
1
1.0
1
1
1
1.0
1
1
1.0
1
1
1.0434782608695652
1
1
1.0
1
1
1.0
1
1
1.0
1
1
1.0
1
1
1.0272727272727273
1
1
1.03125
1
1
1.0
1
1
1.0
1
1
1.0120481927710843
1
1
1.0151515151515151
1
1
1.0151515151515151
1
1
1.0
1
1
1.0
1
1
1.0
1
1
1.0
1.0
1
1.0
1
1
1.0
1
1
1.0
1
1
1.0416666666666667
1
1
1.0476190476190477
1
1
1.0
1
1
1.0
1
1
1.0
1
1
1.0
1
1
1.0
1
1
1.0555555555555556
1
1
1.0
1
1
1.0
1
1
1.0
1
1
1.0166666666666666
1
1
1.0327868852459017
1
1
1.0232558139534884
1
1
1.0
1
1
1.064516129032258
1
1
1.0
1
1
1.0
1
1
1.02803738317757
1
1
1.0
1
1
1.0172413793103448
1
1
1.032258064516129
1
1
1.0163934426229508
1
1
1.0
1
1
1.08
1
1
1.0169491525423728
1
1
1.0476190476190477
1
1
1.025
1
1
1.0
1
1
1.0
1
1
1.0
1
1
1.0
1
1
1.0
1
1.0
1
1
1.0277777777777777
1
1
1.08
1
1
1.0
1
1
1.0
1
1
1.0
1
1
1.0461538461538462
1
1
1.0
1.0
1.0138888888888888
1
1.0
1.0
1
1
1
1.0
1
1
1.0
1
1
1.0
1
1
1.0
1
1
1.0303030303030303
1
1
1.0
1
1
1.0151515151515151
1
1
1.0
1
1
1.0
1
1
1.0
1
1
1.0
1
1
1.046875
1
1
1.0087719298245614
1
1
1.024390243902439
1
1
1.0158730158730158
1
1
1.0
1
1
1.0
1
1
1.0
1
1
1.0
1
1
1.0
1
1
1.0
1
1
1.0
1
1
1.0
1
1
1.0
1
1
1.0
1
1
1.0
1
1
1.0
1
1
1.0
1
1
1.0
1
1
1.0
1
1
1.0
1
1
1.0
1
1
1.0
1
1
1.0
1
1
1.0
1
1
1.0
1
1
1.0
1
1
1.0
1
1
1.0
1
1
1.0
1
1
1.096774193548387
1
1
1.025
1
1
1.0344827586206897
1
1
1.0
1
1
1.0212765957446808
1
1
1.0
1
1
1.0
1
1
1.0
1
1
1.0533333333333332
1
1
1.0
1
1
1.058252427184466
1
1
1.0520833333333333
1
1
1.0
1
1
1.0
1
1
1.005952380952381
1
1
1.0
1
1
1.0
1
1
1.0
1
1
1.0
1
1
1.0
1
1
1.0
1
1
1.0
1
1
1.0
1
1
1.0
1
1
1.0256410256410255
1
1
1.0
1
1
1.0
1
1
1.0
1
1
1.0
1
1
1.0
1
1
1.0
1
1
1.0424242424242425
1.0
1.0846560846560847
1
1.1
1.0263157894736843
1.025
1
1.0816326530612246
1
1.0223880597014925
1
1
1.0
1
1
1.0076923076923077
1
1
1
1.0
1
1
1.006578947368421
1
1
1.0
1
1
1.0
1
1
1.0
1
1
1.0277777777777777
1
1
1.0
1
1
1.0
1
1
1.0
1
1
1.0
1
1
1.0256410256410255
1
1
1.0
1
1
1.0
1
1
1.0
1
1
1.0
1
1
1.2
1
1
1.0
1
1
1.0
1
1
1.0
1
1
1.0
1
1
1.0
1
1
1.0
1
1
1.0
1
1
1.0275229357798166
1
1
1.0545454545454545
1
1
1.0337078651685394
1
1
1.0
1
1
1.0
1
1
1.0
1
1
1.0
1.1352657004830917
1.0512820512820513
1
1.0121951219512195
1
1.0
1
1
1.032967032967033
1
1
1.0169491525423728
1
1
1.0
1
1
1.0518867924528301
1
1.0
1
1
1.0
1
1
1.0
1
1
1.0
1.016260162601626
1.0357142857142858
1.1071428571428572
1
1.0689655172413792
1
1
1.0
1.0
1
1.0
1
1
1.0
1
1
1.0338983050847457
1.0
1
1.0232558139534884
1
1
1.0163934426229508
1
1.0227272727272727
1
1
1
1.0
1
1
1.0909090909090908
1
1
1.0142857142857142
1
1
1.0
1.0797546012269938
1
1.0
1
1.0535714285714286
1
1
1
1.0695652173913044
1
1
1.0260869565217392
1
1
1.0
1
1
1.0126582278481013
1
1
1.018181818181818
1
1
1.0
1
1
1.0163934426229508
1
1
1.0
1
1
1.0327868852459017
1
1
1.0
1
1
1.0
1
1
1.0
1
1
1.0357142857142858
1
1
1.0
1
1
1.0588235294117647
1
1
1.0208333333333333
1
1
1.0
1
1
1.0213903743315509
1
1
1.005952380952381
1
1
1.0186915887850467
1
1
1.0246913580246915
1
1
1
1
1.0
1
1
1.0
1
1
1.0793650793650793
1
1
1.0
1
1
1.0
1
1
1.0814814814814815
1
1
1.0
1
1
1.0
1
1
1.0
1
1
1.0
1
1
1.0
1
1
1.0
1
1
1.0
1
1
1.0
1
1
1.0
1
1
1.0
1
1
1.0
1
1
1.0
1
1
1.0
1
1
1.0
1
1
1.0
1
1
1.0
1
1
1.0
1
1
1.0
1
1
1.0
1
1
1.1428571428571428
1
1
1.0
1
1
1.0
1
1
1.0076335877862594
1
1
1.0
1
1
1.0
1
1
1.0
1
1
1.0
1
1
1.0
1
1
1.0
1
1
1.0
1
1
1.0108695652173914
1
1
1.0
1
1
1.0
1
1
1.0
1
1
1.0909090909090908
1
1
1.0
1
1
1.0
1
1
1.0
1
1
1.0338983050847457
1
1
1.0
1
1
1.0
1
1
1.030612244897959
1
1
1.0
1
1
1.044776119402985
1
1
1.054945054945055
1
1
1.0227272727272727
1
1
1.0
1
1
1.0192307692307692
1
1
1.0
1
1
1.0172413793103448
1
1
1.0
1
1
1.0350877192982457
1
1
1.0
1
1
1
1.0
1
1
1.0
1
1
1.0
1
1
1.0178571428571428
1
1
1.0
1
1
1.0555555555555556
1
1
1.0
1
1
1.1304347826086956
1
1
1.0
1
1
1.0
1
1
1.0
1
1
1.0
1.0
1
1.0
1.0
1
1.0
1
1
1.0
1
1
1.0
1
1
1.0
1
1
1.0
1
1.0
1
1
1.0
1
1
1.0
1
1
1.0
1
1
1.0
1
1
1.0
1
1
1.0
1
1
1.0
1
1
1
1.0227272727272727
1
1
1.0
1
1
1.0
1
1
1.0362694300518134
1
1
1.0
1
1
1.0140845070422535
1
1
1.0
1
1
1.0
1
1
1.0
1
1
1.0
1
1
1.021505376344086
1
1
1.0
1
1
1.0
1
1
1.0
1.0
1
1.0
1
1.0
1.0196078431372548
1
1.0555555555555556
1.0054347826086956
1
1.010204081632653
1
1
1.025
1
1
1
1.0
1
1
1.0338983050847457
1
1
1.0054054054054054
1
1.0
1
1
1.0
1
1
1.0277777777777777
1
1
1.0
1
1
1.0
1
1
1.0
1
1
1.0
1
1
1.0
1
1
1.0363636363636364
1
1
1.0232558139534884
1
1
1.0545454545454545
1
1
1.0482758620689656
1
1
1.0208333333333333
1
1
1.0128205128205128
1
1
1.0175438596491229
1
1
1.0483870967741935
1
1
1.0186335403726707
1
1
1.0
1
1
1.0602409638554218
1
1
1.0
1
1
1.0222222222222221
1
1
1.0
1
1
1.0
1
1
1.0
1
1
1.0
1
1
1.0
1
1
1.054054054054054
1
1
1.0
1
1
1.0
1
1
1.0
1
1
1.0327868852459017
1
1
1.0
1
1
1.188118811881188
1
1
1.0352112676056338
1
1
1.0
1
1
1.037037037037037
1
1
1.0289855072463767
1
1
1.015267175572519
1
1
1.0
1
1
1.0
1
1
1.0
1
1
1.0
1
1
1.024390243902439
1
1
1.0
1
1
1.0
1
1
1.0
1
1
1.0227272727272727
1
1
1.0
1
1
1.0674157303370786
1
1
1.0816326530612246
1
1
1.0158730158730158
1
1
1.0232558139534884
1
1
1.0408163265306123
1
1
1.04093567251462
1
1
1.054945054945055
1
1
1.037037037037037
1
1
1.0396039603960396
1
1
1.0175438596491229
1
1
1.0120481927710843
1
1
1.0149253731343284
1
1
1.0086206896551724
1
1
1.0
1
1
1.0
1.0
1
1.0
1.0
1.0
1.0
1.0
1
1.0212765957446808
1
1
1.0
1
1
1.0
1.0
1.0
1.0
1
1
1.0421052631578946
1
1
1.0
1
1
1.0
1
1
1.018018018018018
1
1
1.0
1
1
1.005952380952381
1
1
1.0
1
1
1.0
1
1
1.0240963855421688
1
1
1.0
1
1
1.0
1
1
1.0166666666666666
1
1
1.0
1
1
1.0444444444444445
1
1
1.0
1
1
1.0151515151515151
1
1
1.0089285714285714
1
1
1.0196078431372548
1
1
1.0204081632653061
1
1
1.0235849056603774
1
1
1.0
1
1
1.0212765957446808
1
1
1.0
1
1
1.0
1
1
1.0
1
1
1.0
1
1
1.0151515151515151
1
1
1.0133333333333334
1
1
1.0
1
1
1.0
1
1
1.0552147239263803
1
1
1.0
1
1
1.0
1
1
1.0
1
1
1.0192307692307692
1
1
1.0
1
1
1.0
1
1
1.0818181818181818
1
1
1.0318471337579618
1
1
1.031496062992126
1
1
1.0
1
1
1.0
1
1
1.0289855072463767
1
1
1.0
1
1
1.0
1
1
1.0
1
1
1.0136986301369864
1
1
1.0804597701149425
1
1
1.0
1
1
1.014388489208633
1
1
1.0407239819004526
1
1
1.018181818181818
1
1
1.05
1
1
1.0208333333333333
1
1
1.0121951219512195
1
1
1.0
1
1
1.0
1
1
1.054054054054054
1
1
1.0142857142857142
1
1
1.042372881355932
1
1
1.0490196078431373
1
1
1.08
1
1
1.0
1
1
1.0
1
1
1.0169491525423728
1
1
1.0
1
1
1.0
1
1
1.0
1
1
1.0
1
1
1.0
1
1
1.0
1
1
1.0
1
1
1.0
1
1
1.0
1
1
1.0
1
1
1.0
1
1
1.0
1
1
1.0
1
1
1.0
1
1
1.0136986301369864
1
1
1.0769230769230769
1
1
1
1.0
1
1
1.0
1
1
1
1.0
1
1
1.0
1
1
1.0
1
1
1.0
1
1
1
1.0
1
1
1.0
1
1
1.0
1
1
1.0
1
1
1.0
1
1
1.0
1
1
1.0
1
1
1.0
1
1
1.0
1
1
1.0217391304347827
1
1
1.0
1
1
1.074074074074074
1
1
1.0123456790123457
1
1
1.0365853658536586
1
1
1.0
1
1
1.0432432432432432
1
1
1.0
1
1
1.0333333333333334
1
1
1.0285714285714285
1
1
1.0147058823529411
1
1
1.025
1
1
1.0
1
1
1.0
1
1
1.0
1
1
1.0
1
1
1.0070921985815602
1
1
1.0
1
1
1.0
1
1
1.0
1
1
1.0
1
1
1.0
1
1
1.0
1
1
1.0
1
1
1.0
1
1
1.0
1
1
1.0
1
1
1.0
1
1
1.0
1
1
1.0
1
1
1.0
1
1
1.0
1
1
1.0
1
1
1.0
1
1
1.0
1
1
1.0
1
1
1.0
1
1
1.0
1
1
1.0
1
1
1.0
1
1
1
1.0
1
1
1.0
1
1
1.0
1
1
1.0
1
1
1.0178571428571428
1
1
1.0232558139534884
1
1
1.0
1
1
1.0
1
1
1.0
1
1
1.0151515151515151
1
1
1.0
1
1
1.0
1
1
1.0
1
1
1.0
1
1
1.0
1
1
1.0
1
1
1.0
1
1
1.0
1
1
1.0
1
1
1.0
1
1
1.0
1
1
1.0
1
1
1.013157894736842
1
1
1.0
1
1
1.0142857142857142
1
1
1.0
1
1
1.0
1
1
1.0118577075098814
1
1
1.0070921985815602
1
1
1.0
1
1
1.0
1
1
1.0
1
1
1.0
1
1
1.0
1
1
1.0112359550561798
1
1
1.049079754601227
1
1
1.021978021978022
1
1
1.0
1
1
1.0
1
1
1.0
1
1
1.0
1
1
1.0
1
1
1.0
1
1
1.0
1
1
1.0
1
1
1.0
1
1
1.0
1
1
1.032
1
1
1.0
1
1
1.0588235294117647
1
1
1.0
1
1
1.037037037037037
1
1
1.0
1
1
1.0
1
1
1.0
1
1
1.0
1
1
1.0
1
1
1.0
1
1
1.0
1
1
1.0
1
1
1.0
1
1
1.0
1
1
1.0158730158730158
1
1
1.019047619047619
1
1
1.0158730158730158
1
1
1.0483870967741935
1
1
1.0
1
1
1.047244094488189
1
1
1.0357142857142858
1
1
1.0315789473684212
1
1
1.0
1
1
1.0
1
1
1.0
1
1
1.1192660550458715
1
1
1.0
1
1
1.0434782608695652
1
1
1.0
1
1
1.007462686567164
1
1
1.0
1
1
1.0379746835443038
1
1
1.0
1
1
1.0087719298245614
1
1
1.1414141414141414
1
1
1.0
1
1
1.0202702702702702
1
1
1.013157894736842
1
1
1.0
1
1
1.0
1
1
1.024390243902439
1
1
1.0
1
1
1.0
1
1
1.0
1
1
1.032051282051282
1
1
1.0188679245283019
1
1
1.0
1
1
1.05
1
1
1.0
1
1
1.0
1
1
1.0151515151515151
1
1
1.0
1
1
1.1487603305785123
1
1
1.0
1
1
1.024390243902439
1
1
1.0
1
1
1.0454545454545454
1
1
1.032258064516129
1
1
1.0625
1
1
1.0149253731343284
1
1
1.0
1
1
1.04
1
1
1.0192307692307692
1
1
1.0
1.0
1
1.0
1
1.0
1
1
1
1.0
1
1
1.0
1
1
1.024793388429752
1
1
1.0
1
1
1.3723849372384938
1
1
1.0
1
1
1.0
1.0
1
1.025
1
1
1.0377358490566038
1
1
1.0666666666666667
1
1
1.0
1
1
1.0
1.121212121212121
1
1.0
1
1
1.037037037037037
1
1
1.0769230769230769
1
1
1.0775862068965518
1
1
1.0384615384615385
1
1
1.0
1
1
1.0
1
1
1.0
1
1
1.0
1
1
1.0
1
1
1.0
1
1
1.1020408163265305
1
1
1.0
1
1
1.0
1
1
1.0
1
1
1.014388489208633
1
1
1.0
1
1
1.0
1
1
1.0
1
1
1.0
1
1
1.1013824884792627
1
1
1.0
1
1
1.0333333333333334
1
1
1.0
1
1
1.0
1
1
1.0
1
1
1.0
1.0
1
1.0731707317073171
1
1
1.0
1
1
1.0
1
1
1.1025641025641026
1
1
1.0810810810810811
1
1
1.0
1
1
1.0
1
1
1.019704433497537
1
1
1.0161290322580645
1
1
1.0222222222222221
1
1
1.0571428571428572
1
1
1.0163934426229508
1
1
1.0357142857142858
1
1
1.027027027027027
1
1
1.0242718446601942
1
1
1.0239043824701195
1
1
1.0196078431372548
1
1
1.0
1
1
1.0
1
1
1.0
1
1
1.0
1
1
1.0
1
1
1.0080645161290323
1
1
1.005813953488372
1
1
1.0
1
1
1.0129870129870129
1
1
1.0898876404494382
1
1
1.0240963855421688
1
1
1.0093457943925233
1
1
1.041237113402062
1
1
1.0123456790123457
1
1
1.0
1
1
1.0
1.0
1
1.0
1
1
1.0
1
1
1.0
1
1
1.0
1
1
1.0
1
1
1.0
1
1
1.0
1
1
1.0
1
1
1.0
1
1
1.0
1
1
1.0212765957446808
1
1
1.0
1
1
1.0
1
1
1.0
1
1
1.0
1
1
1.0
1
1
1.0
1
1
1.0
1
1
1.0
1
1
1.0
1
1
1.0
1
1
1.0227272727272727
1
1
1.056338028169014
1
1
1.0
1
1
1.0277777777777777
1
1
1.0256410256410255
1
1
1.032258064516129
1
1
1.0
1
1
1.0
1
1
1.0
1
1
1.047244094488189
1
1
1.1153846153846154
1
1
1.0632911392405062
1.0476190476190477
1
1.0909090909090908
1.12987012987013
1
1.126984126984127
1
1
1
1.0196078431372548
1
1
1.0
1
1
1.0
1
1
1.0526315789473684
1
1
1.0344827586206897
1
1
1.0
1
1
1.0
1
1
1.0
1
1
1.0
1
1
1.0
1
1
1.0
1
1
1.0
1
1
1.0
1
1
1.0
1.0
1
1.0
1
1
1
1.0
1
1
1.015625
1
1
1.0
1
1
1.0188679245283019
1
1
1.0
1
1
1.0
1
1
1.0410958904109588
1
1
1.0
1
1
1.044776119402985
1
1
1.0
1
1
1
1.0232558139534884
1
1
1.0
1
1
1.0294117647058822
1
1
1.0
1
1
1.0
1
1
1.0
1
1
1.0
1
1
1.0666666666666667
1
1
1.0
1
1
1.0114942528735633
1
1
1.0434782608695652
1
1
1.0
1
1
1.0
1
1
1.0
1
1
1.0
1
1
1.0214285714285714
1
1
1.011111111111111
1
1
1.0
1
1
1.0116279069767442
1
1
1.0
1
1
1.0
1
1
1.0
1
1
1.0
1
1
1.0
1
1
1.0
1
1
1.0
1
1
1.0
1
1
1.0
1
1
1.0
1
1
1.0
1
1
1.0
1
1
1.0
1
1
1.0
1
1
1.0
1
1
1.0246913580246915
1
1
1.0119047619047619
1
1
1.0
1
1
1.0
1
1
1.0
1
1
1.016260162601626
1
1
1.0
1
1
1.0
1
1
1.0
1
1
1.0738916256157636
1
1
1.0
1
1
1.0
1
1
1.0
1
1
1.0
1
1
1.0
1
1
1.0
1
1
1.0
1
1
1.0
1
1
1.0
1
1
1.0
1
1
1.0
1
1
1.0
1
1
1
1.0
1
1
1.1139240506329113
1
1
1.0
1
1
1.0047169811320755
1
1
1.0
1
1
1.0
1
1
1.0
1
1
1.0
1
1
1.0
1
1
1.0
1
1
1.0
1.0
1
1.0
1
1
1.0
1
1
1.0
1
1
1.0
1
1
1.0
1
1
1.0204081632653061
1
1.0
1
1
1.0294117647058822
1
1
1.0333333333333334
1
1
1.0265486725663717
1
1
1.0
1
1
1.0
1
1
1.0
1
1
1.0120481927710843
1
1
1.0
1
1
1.0
1
1
1.0633802816901408
1
1
1.0
1
1
1.0
1
1
1.045045045045045
1
1
1.0147058823529411
1
1
1.0
1
1
1.0
1
1
1.0
1
1
1.0408163265306123
1
1
1.0
1.040650406504065
1
1.0
1
1
1.0
1
1
1.0
1
1
1.0
1
1
1.0
1
1
1.0
1
1
1.0
1
1
1.0
1
1
1.0
1
1
1.0405405405405406
1
1
1.0588235294117647
1
1
1.0714285714285714
1
1.0
1
1
1.0
1
1
1.0169491525423728
1
1
1.0
1
1
1.0
1
1
1.0
1
1
1.0
1
1
1.0
1
1
1.0
1.025974025974026
1.0
1
1.0
1
1.0
1
1
1.0
1
1
1.0263157894736843
1
1
1.0
1
1
1.0
1
1
1.0
1
1
1.0
1
1
1.0
1
1
1.0
1
1
1.0
1
1
1.0
1
1
1.0
1
1
1.0
1
1
1.0
1
1
1.0
1
1
1.0
1
1
1.0
1
1
1.02020202020202
1
1
1.0
1
1
1.0384615384615385
1
1
1.0
1
1
1.021978021978022
1
1
1.0
1
1
1.0824742268041236
1.1517857142857142
1
1.2380952380952381
1
1.0970873786407767
1
1
1.0
1
1
1.0
1
1
1.0
1
1
1
1.0
1
1
1.0
1
1
1.037037037037037
1
1
1.0
1
1
1.0454545454545454
1
1
1.0
1
1
1.0
1
1
1.011764705882353
1
1.0
1.0
1
1.0
1
1
1.010989010989011
1
1.0
1
1
1.0
1
1
1.0081967213114753
1
1.0
1
1
1.008695652173913
1
1
1.0
1
1
1.0434782608695652
1
1
1.0
1
1
1.0
1
1
1
1.0
1
1
1
1.0
1
1
1.0
1
1
1.0
1
1
1.0
1
1
1.0
1
1
1.0
1
1
1
1.0
1
1
1.0
1
1
1.0
1
1
1.0
1
1
1.0
1
1
1.0
1
1
1.0
1
1
1.0075757575757576
1
1
1.0
1
1
1.0
1
1
1.0192307692307692
1
1
1.0
1
1
1.0161290322580645
1
1
1.0
1
1
1.0059171597633136
1
1
1.024390243902439
1
1
1.0
1
1
1.0
1
1
1.0254237288135593
1
1
1.0
1
1
1.0
1
1
1.0
1
1
1.0684931506849316
1
1
1.0536912751677852
1
1
1.0248447204968945
1
1
1.0
1
1
1.0357142857142858
1
1
1.0
1
1
1.0
1
1
1.0
1
1
1.0
1
1
1.0
1
1
1.0
1
1
1.0
1
1
1.0
1
1
1.1666666666666667
1
1
1.0
1
1
1.0
1
1
1.0
1
1
1
1.125
1
1.0052083333333333
1
1
1.0
1
1.0116959064327484
1
1
1.0
1
1.011764705882353
1
1
1.0
1
1
1.0483091787439613
1
1
1.0
1
1
1.0606060606060606
1
1
1.0
1
1
1.0151515151515151
1
1
1.0
1
1
1.0
1
1
1.0
1
1
1.0
1
1
1.0
1
1
1.0
1
1
1.0689655172413792
1
1
1.0333333333333334
1
1
1.0588235294117647
1.0136986301369864
1
1.0
1
1
1.0
1
1
1.0444444444444445
1
1
1.0714285714285714
1
1
1.0196078431372548
1
1
1.0
1
1
1.0
1
1
1.0
1
1
1.0
1
1
1.054054054054054
1
1
1.0
1
1
1.0260869565217392
1
1
1.0476190476190477
1
1
1.0
1
1
1.0
1
1
1.0
1
1
1.0
1
1
1.0
1
1
1.0303030303030303
1
1
1.0810810810810811
1
1
1.0136986301369864
1
1
1.0
1
1
1.0
1
1
1.0163934426229508
1
1
1.0
1
1
1.0444444444444445
1
1
1.0
1
1
1.0
1
1
1.0
1.0
1
1.0
1
1.0
1
1
1.0
1
1
1
1.0
1
1
1.0
1
1
1.3170731707317074
1.0344827586206897
1
1.0566037735849056
1
1
1.021505376344086
1
1
1.0
1
1
1.0
1
1
1.0
1
1
1.0
1
1
1.0
1
1
1.0
1
1
1.0
1
1
1.0
1
1
1.037037037037037
1
1
1.0
1
1
1.0
1
1
1.0
1
1
1.0
1
1.0
1
1
1.010989010989011
1.117283950617284
1.0927835051546393
1
1.0163934426229508
1
1
1.0
1
1
1
1.0
1
1
1.032258064516129
1
1
1.0
1
1
1.0
1
1
1.0360360360360361
1
1
1.0125
1
1
1.0
1
1
1.0128205128205128
1.0
1
1.0
1
1
1.0
1
1
1.0357142857142858
1
1
1.0506329113924051
1
1
1.018181818181818
1
1
1.0
1
1
1.0161290322580645
1
1
1.0133333333333334
1
1
1.0330578512396693
1
1
1.0085470085470085
1
1
1.1192660550458715
1
1
1.0727272727272728
1
1
1.0076923076923077
1
1
1.0
1
1
1.0
1
1
1.040590405904059
1
1
1.0
1
1
1.0
1
1
1.018181818181818
1
1
1.0
1
1
1.0
1
1
1.0588235294117647
1
1
1.025
1
1
1.0078125
1
1
1.0218978102189782
1
1
1.0
1
1
1.0789473684210527
1
1
1.0571428571428572
1
1
1.0
1
1
1.0437956204379562
1
1
1.0
1
1
1.0
1
1
1.0
1
1
1.0
1
1
1.0526315789473684
1
1
1.08
1
1
1.0114942528735633
1
1
1.0
1
1
1.0
1
1
1.0
1
1
1.0
1
1
1.1538461538461537
1
1
1.0
1
1
1.0
1
1
1.0
1
1
1.0151515151515151
1
1
1.0
1
1
1.0
1
1
1.0
1
1
1.0
1
1
1.0
1
1
1.0
1
1
1.0254237288135593
1
1
1.0092592592592593
1
1
1.0
1.0
1.0263157894736843
1
1.0
1.0
1
1
1.0
1
1
1
1.0086206896551724
1
1
1.0
1
1
1.0
1
1
1.0
1
1
1.058139534883721
1
1
1.0116279069767442
1
1
1.0434782608695652
1
1
1.0576923076923077
1
1
1.0
1
1
1.0
1
1
1.0217391304347827
1
1
1.0222222222222221
1
1
1.00990099009901
1
1
1.0
1
1.006896551724138
1
1
1.036697247706422
1
1
1
1.0
1
1
1.0
1
1
1.0
1
1
1.0408163265306123
1
1
1.0
1
1
1.0
1
1
1.0
1
1
1.0
1
1
1.0
1
1
1.0
1
1
1.0
1
1
1.0347222222222223
1
1
1.0285714285714285
1
1
1.0
1
1
1.0
1
1
1.0
1
1
1.0
1
1
1.0
1
1
1.0
1
1
1.0
1
1
1.0161290322580645
1
1
1.0
1
1
1.0555555555555556
1
1
1.0
1
1
1.0
1
1
1.0
1
1
1.0178571428571428
1
1
1.0070422535211268
1
1
1.044776119402985
1
1
1.0263157894736843
1
1
1.0
1
1
1.0625
1
1
1.0
1
1
1.0
1
1
1.008130081300813
1
1
1.0
1
1
1.0
1
1
1.0
1
1
1.0
1
1
1.0087719298245614
1
1
1.0
1
1
1.0
1
1
1.0175438596491229
1
1
1.0076923076923077
1
1
1.0303030303030303
1
1
1.0
1
1
1.0238095238095237
1.1111111111111112
1
1.1153846153846154
1
1
1.0
1
1
1.0
1
1
1.0454545454545454
1
1
1.0073529411764706
1
1
1.0
1.0138888888888888
1.0317460317460316
1
1.0
1.0357142857142858
1
1
1
1.0
1
1
1.025
1
1
1.0
1
1
1.0
1
1
1.048780487804878
1
1
1.0186915887850467
1
1
1.0
1
1
1.0
1
1
1.0
1
1
1.0
1
1
1.040650406504065
1
1
1.0309278350515463
1
1
1.0485436893203883
1
1
1.0703125
1
1
1.0555555555555556
1
1
1.0
1
1
1.0175438596491229
1
1
1.0211640211640212
1
1
1.0
1
1
1.0
1
1
1.0
1
1
1.0
1
1
1.0
1
1
1.1304347826086956
1
1
1.0
1
1
1.0
1
1
1.0163934426229508
1
1
1.0172413793103448
1
1
1.064748201438849
1
1
1.048780487804878
1
1
1.0
1
1
1.03125
1
1
1.094488188976378
1.0491803278688525
1
1.0441176470588236
1
1.0185185185185186
1
1
1
1.0731707317073171
1
1
1.0147058823529411
1
1
1.0
1
1
1.152317880794702
1
1
1.011111111111111
1
1
1.026143790849673
1
1
1.0
1
1
1.0153846153846153
1
1
1.0
1
1
1.0
1
1
1.0
1
1
1.011764705882353
1
1
1.0
1
1
1.0
1
1
1.0
1
1
1.0
1
1
1.0
1
1
1.0198019801980198
1
1
1.0
1
1
1.1260504201680672
1
1
1.0
1.0555555555555556
1
1.04
1.0
1
1.0416666666666667
1
1.0
1
1
1.0129870129870129
1
1
1.0
1
1
1.0
1
1
1.0
1
1
1.0224719101123596
1
1
1.0
1
1
1.0
1
1
1.0
1
1
1.04
1
1
1.0
1
1
1.0708661417322836
1
1
1.0470588235294118
1
1
1.0560747663551402
1
1
1.0
1
1
1.0120481927710843
1
1
1.0232558139534884
1
1
1.074074074074074
1
1
1.0
1
1
1.0153846153846153
1
1
1.0297029702970297
1
1
1.0319148936170213
1
1
1.0
1
1
1.0357142857142858
1
1
1.0
1
1
1.1255813953488372
1
1
1.0142857142857142
1
1
1.0208333333333333
1
1
1.0
1
1
1.0
1
1
1.03125
1
1
1.0
1
1
1.0384615384615385
1
1
1.01
1
1
1.0
1
1
1.0588235294117647
1
1
1.0576923076923077
1
1
1.0
1
1
1.011764705882353
1
1
1.0073529411764706
1
1
1.0
1
1
1.0
1
1
1.0
1
1
1.0
1
1
1.0
1
1
1.0
1
1
1.0
1
1
1.0
1
1
1.0
1
1
1.0
1
1
1.0
1
1
1.0
1
1
1.0
1
1
1.0
1
1
1.0
1
1
1.0
1
1
1.0227272727272727
1
1
1.0
1
1
1.0654205607476634
1
1
1.028301886792453
1
1
1.0
1
1
1.0
1.0
1
1.12
1
1.0232558139534884
1
1
1.0357142857142858
1
1
1
1.0070422535211268
1
1
1.064516129032258
1
1
1
1.0
1
1
1.0
1.0420168067226891
1
1.0
1
1
1.0
1
1
1.0204081632653061
1
1
1.0
1
1
1.0380952380952382
1
1
1.0172413793103448
1
1
1.0
1
1
1.0238095238095237
1
1
1.0
1
1
1.0
1
1
1.0
1
1
1.0
1
1
1.014388489208633
1
1
1.0
1
1
1.0
1
1
1.0
1
1
1.0
1
1
1.0
1
1
1.0
1
1
1.0
1
1
1.0
1
1
1.0
1
1
1.0
1
1
1.0
1
1
1.0140845070422535
1
1
1.0550458715596331
1
1
1.0246913580246915
1
1
1.0114942528735633
1
1
1.0
1
1
1.037037037037037
1
1
1.0
1
1
1.0
1
1
1.03125
1
1
1.0
1
1
1.0
1
1
1.0
1
1
1.0303030303030303
1
1
1.0
1
1
1
1.0
1.0660377358490567
1
1.0208333333333333
1
1
1.079646017699115
1
1
1.0
1
1
1.0
1
1
1.028169014084507
1
1
1.0169491525423728
1
1
1.0
1
1
1.043956043956044
1
1
1.0
1
1
1.0108695652173914
1
1
1.0
1
1
1.0
1
1
1.0
1
1
1.0
1
1
1.0
1
1
1.0185185185185186
1
1
1.0
1
1
1.0476190476190477
1
1
1.013157894736842
1
1
1.0
1
1
1.0
1
1
1.0112359550561798
1
1
1.0
1
1
1.0125
1
1
1.0
1
1
1.0
1
1
1.0
1
1
1.064516129032258
1
1
1.0
1
1
1.0769230769230769
1
1
1.0
1
1
1.0
1
1
1.0
1
1
1.0095238095238095
1
1
1.0
1
1
1.0
1
1
1.0
1
1
1.0
1
1
1.0416666666666667
1
1
1.064516129032258
1
1
1.0
1
1
1.0044642857142858
1
1
1.0
1
1
1.0588235294117647
1
1
1.0377358490566038
1
1
1.0238095238095237
1
1
1.0
1
1
1.0
1
1
1.0
1
1
1.0212765957446808
1
1
1.0350877192982457
1
1
1.0434782608695652
1
1
1.0
1
1
1.0
1
1
1.0
1
1
1.0
1.0
1
1.048780487804878
1
1.0
1
1
1.0416666666666667
1
1
1.05
1
1
1
1.0
1
1
1.0
1
1
1.0
1
1
1.0119047619047619
1
1
1.0603448275862069
1.0116279069767442
1.0245901639344261
1.0425531914893618
1
1.0481927710843373
1
1.0
1
1.0
1
1
1.021505376344086
1
1
1.0470588235294118
1
1
1.0
1
1
1.0294117647058822
1
1
1.0
1
1
1.0
1
1
1.0112359550561798
1
1
1.0192307692307692
1
1
1.0227272727272727
1
1
1.0
1
1
1.0
1
1
1.0
1
1
1.0
1
1
1.0
1
1
1.032258064516129
1
1
1
1.05
1
1
1.0
1
1
1
1.0
1
1
1.0
1
1
1.0
1
1
1.0
1.0
1
1.0
1.0
1
1.0
1
1.0
1
1
1.0
1
1
1.0
1
1
1.108695652173913
1
1
1.0272727272727273
1
1
1.027027027027027
1
1
1.02
1
1
1.0135135135135136
1
1
1
1.0222222222222221
1
1
1.0
1
1
1.0
1
1
1.0153846153846153
1
1
1.0
1
1
1.0
1
1
1.0294117647058822
1
1
1.0526315789473684
1
1
1.0287769784172662
1
1
1.0
1
1
1.0
1
1
1.0
1
1
1.0142857142857142
1
1
1.016
1
1
1.054054054054054
1.0273972602739727
1
1.0104166666666667
1
1
1.0
1
1
1.0
1
1
1.0
1
1
1.0
1
1
1.0
1
1
1.0
1
1
1.0
1
1
1.0
1
1
1.0
1
1
1.0
1
1
1.0
1
1
1.0
1
1
1.0
1
1
1.027027027027027
1
1
1.0
1
1
1.0
1
1
1.0
1
1
1.0
1
1
1.0
1
1
1.0
1
1
1.0344827586206897
1
1
1.0
1
1
1.0
1
1
1.0
1
1
1.0
1
1
1.0
1
1
1.0
1
1
1.0
1
1
1.0
1
1
1.0
1
1
1.0
1
1
1.0
1
1
1.0
1
1
1.0
1.0
1.0
1
1.0
1
1.0
1
1
1.0
1
1
1.0
1
1
1.0
1
1
1.0
1
1
1.0
1
1
1.0
1
1
1.0
1
1
1.0
1
1
1.0
1
1
1.0
1
1
1.0
1
1
1.0
1
1
1.0
1
1
1.0
1
1
1.01
1
1
1.0
1
1
1.0
1
1
1.0
1
1
1.0
1
1
1.0
1
1
1.0
1.0
1
1.0
1
1.0588235294117647
1
1
1.0
1
1
1.0
1
1
1.0
1
1
1.0
1
1
1.0
1
1
1.0
1
1
1
1.0384615384615385
1
1.0
1
1
1.0
1
1
1
1.0
1
1
1.0
1
1
1.0
1
1
1.0
1
1
1.0
1
1
1.0
1
1
1.0178571428571428
1
1
1.0
1
1
1.0
1
1
1.0
1
1
1.0
1
1
1.09375
1
1
1.0
1
1
1.0526315789473684
1
1
1.0
1
1
1.037037037037037
1
1
1.0344827586206897
1
1
1.0
1
1
1.0263157894736843
1
1
1.0
1
1
1
1.0
1
1
1.027027027027027
1
1
1.0
1
1
1.0
1
1
1.025089605734767
1
1
1.0296610169491525
1
1
1.0252100840336134
1
1
1.0
1
1
1.0
1
1
1.0
1
1
1.0
1
1
1.0421052631578946
1
1
1.0
1
1
1
1.0
1
1
1.0
1
1
1.0
1
1
1.0
1
1
1.0
1
1
1.0
1
1
1.0
1
1
1.0
1
1
1.0
1
1
1.0196078431372548
1
1
1.0
1.0
1
1.0
1
1
1.0159574468085106
1
1
1.0
1
1
1.0
1
1
1.0
1
1
1.0
1
1
1.0
1
1
1.0515463917525774
1
1
1.046875
1.0153846153846153
1
1.0161290322580645
1
1.0
1
1
1.0606060606060606
1
1
1
1.0
1
1
1.0
1
1
1.0
1
1
1.0
1
1
1.0263157894736843
1
1
1.0
1
1
1.0
1
1
1.0
1
1
1.0
1
1
1.0129870129870129
1
1
1.0
1
1
1.0128205128205128
1
1
1.0
1
1
1.1347517730496455
1
1
1.0377358490566038
1
1
1.0
1
1
1.0
1
1
1.0
1
1
1.025974025974026
1
1
1.0
1.0
1
1.0
1
1.0
1.0
1
1.0
1
1.0
1
1
1.0
1
1
1
1
1.0
1
1
1.0
1
1
1.0454545454545454
1
1
1.0263157894736843
1
1
1.0555555555555556
1
1
1.0163934426229508
1
1
1.0
1
1
1.0
1
1
1.0
1
1
1.0
1
1
1.0476190476190477
1
1
1.0
1
1
1.010989010989011
1
1
1.0
1
1
1.0
1
1
1.0
1
1
1.0229885057471264
1
1
1.0
1
1
1.0
1
1
1.0
1
1
1.0
1
1
1.024793388429752
1
1
1.0
1
1
1.0175438596491229
1.0
1.0441176470588236
1.0421052631578946
1.0
1
1.0390625
1.0
1
1.0
1
1.0140845070422535
1
1
1.0232558139534884
1
1.0454545454545454
1
1
1.0
1
1
1
1
1.0092592592592593
1.0
1
1.0
1
1
1.0
1
1
1.0
1
1
1.0
1
1
1.0
1
1
1.0
1
1
1.0
1
1
1.0126582278481013
1
1
1.0674157303370786
1
1
1.0
1
1
1.0
1
1
1.0
1
1
1.0
1
1
1.0158730158730158
1.009090909090909
1
1.0084745762711864
1
1
1.0
1
1
1.0285714285714285
1
1
1.0
1
1
1.0192307692307692
1.0
1
1.0
1.025974025974026
1
1.0
1.0
1
1.0526315789473684
1
1.0
1
1
1.0
1
1
1.0
1
1
1
1.0
1
1
1.0
1
1
1.0
1
1
1.0
1
1
1.0
1
1
1.0
1
1
1.0
1
1
1
1.0
1
1
1.0
1
1
1.032258064516129
1
1
1.0
1
1
1.0
1
1.0
1
1
1.0714285714285714
1.0444444444444445
1.0666666666666667
1
1.0
1
1
1.0
1
1
1.0
1
1
1.0135135135135136
1
1
1.0375
1
1
1.0
1
1
1.029126213592233
1
1
1.0
1
1
1.0
1
1
1.0
1
1
1.0
1
1
1.0
1
1
1.0294117647058822
1
1
1.0
1
1
1.0714285714285714
1
1
1.0
1
1
1.0
1
1
1.0
1
1
1.0
1
1
1.0
1
1
1.0
1
1
1.0
1
1
1.0
1
1
1.0
1
1
1.0
1
1
1.0
1
1
1.0
1
1
1.0
1
1
1.0
1
1
1.0
1
1
1.0
1
1
1.0
1
1
1.0
1
1
1.0491803278688525
1
1
1.0
1
1
1.0
1
1
1.0
1
1
1
1.0211267605633803
1
1
1.018018018018018
1
1
1.031055900621118
1
1
1.0222222222222221
1
1
1.010204081632653
1
1
1.0444444444444445
1
1
1.0
1
1
1.0
1
1
1.0
1
1
1.0
1
1
1.0368098159509203
1
1
1.0355029585798816
1
1
1.0
1
1
1.0344827586206897
1
1
1.0
1
1
1.0204081632653061
1
1
1.0
1
1
1.1428571428571428
1
1
1.0
1
1
1.0454545454545454
1
1
1.0
1
1
1.0
1
1
1.0
1
1
1.0
1
1
1.0
1
1
1.037037037037037
1
1
1.0526315789473684
1
1
1.0294117647058822
1
1
1.0625
1
1
1.0
1
1
1.0
1
1
1.0
1
1
1.0
1
1
1.0147058823529411
1
1
1.0
1
1
1.0
1
1
1.0
1
1
1.0
1
1
1.0508474576271187
1
1
1.0
1
1
1.0373831775700935
1
1
1.0
1
1
1.0
1
1
1.0
1
1
1.0
1
1
1.0
1
1
1.0657276995305165
1
1
1.0
1
1
1.0
1
1
1.0625
1
1
1.0
1
1
1.0
1
1
1.0
1
1
1.0434782608695652
1
1
1.0
1.0
1.0
1
1.0
1
1.0
1
1
1.0204081632653061
1.0
1.0
1
1.0089285714285714
1
1.0
1
1
1.0
1
1
1.0
1
1
1.0625
1
1
1.0
1.0
1
1.037837837837838
1
1.0
1
1
1
1.0147058823529411
1
1
1.0
1
1
1.0
1
1
1.0185185185185186
1
1
1.0126582278481013
1
1
1.0
1
1
1.0
1
1
1.0158730158730158
1
1
1.0
1.0285714285714285
1
1.0
1
1.0
1
1
1
1.0
1
1
1
1.0769230769230769
1
1
1.0
1
1
1.0
1
1
1.0
1
1
1.0
1
1
1.0
1
1
1.0
1
1
1.0
1
1
1.0
1
1
1.0
1
1
1.02
1
1
1.0
1
1
1.0
1
1
1.0
1
1
1.0140845070422535
1
1
1.0
1
1
1.0
1
1
1.0142857142857142
1
1
1.0283687943262412
1
1
1.0144927536231885
1
1
1.0
1
1
1.0
1
1
1.0
1
1
1.0591715976331362
1
1
1.0
1
1
1.0
1
1
1.0
1
1
1
1.0
1
1
1.0
1
1
1.0
1
1
1.0
1
1
1.0
1
1
1.0
1
1
1.0
1
1
1.0121951219512195
1
1
1.0
1
1
1.1129032258064515
1
1
1.0761904761904761
1
1
1.0212765957446808
1
1
1.0256410256410255
1
1
1.0
1
1
1.0598290598290598
1
1
1.032258064516129
1
1
1.0
1
1
1.0
1
1
1.0
1
1
1.0
1
1
1.0
1
1
1.03
1
1
1.1096491228070176
1
1
1.0101010101010102
1
1
1.0
1
1
1.0
1
1
1.0619469026548674
1
1
1.0074074074074073
1
1
1.0272727272727273
1
1
1.2058823529411764
1.0838709677419356
1.0348837209302326
1
1
1.0
1
1
1.0
1
1
1.0
1
1
1.0
1
1
1.0
1
1
1.0
1
1
1.0
1
1
1.0
1
1
1.0
1
1
1.0075757575757576
1
1
1.0086206896551724
1
1
1.009009009009009
1
1
1.0
1
1
1.0
1
1
1.0
1
1
1.0687022900763359
1
1
1.0
1
1
1.0
1
1
1.0
1
1
1.0
1
1
1.0
1
1
1.0
1
1
1.04
1
1
1.0232558139534884
1
1
1.0526315789473684
1
1
1.0
1
1
1.0
1
1
1.0
1
1
1.0
1
1
1.0
1
1
1.0
1
1
1.0
1
1
1.0701754385964912
1
1
1.00990099009901
1
1
1.0344827586206897
1
1
1.0444444444444445
1
1
1.0
1
1
1.0
1
1
1.0
1
1
1.0
1
1
1.0
1
1
1.0198675496688743
1
1
1.0
1
1
1.0
1
1
1.0158730158730158
1
1
1.0404624277456647
1
1
1.0
1
1
1.009009009009009
1
1
1.0
1
1
1.0657894736842106
1
1
1.0869565217391304
1
1
1.037593984962406
1
1
1.0
1
1
1.0
1
1
1.0
1
1
1.0
1
1
1.0
1
1
1.0344827586206897
1
1
1.0135135135135136
1
1
1.0058479532163742
1
1
1.0
1
1
1.0242424242424242
1
1
1.0252100840336134
1
1
1.0935672514619883
1
1
1.0
1
1
1.0576923076923077
1
1
1.0
1
1
1.0185185185185186
1
1
1.0
1
1
1.007462686567164
1
1
1.0
1
1.0
1
1
1.0098039215686274
1
1
1.0
1
1
1.0
1
1
1.0
1
1
1.0
1
1
1.0
1
1
1.0
1
1
1.0
1
1
1.072072072072072
1
1
1.0
1
1
1.0
1
1
1.0
1
1
1.0
1
1
1.0902255639097744
1
1
1.0
1
1
1.0
1
1
1.0
1
1
1.0
1
1
1.0
1
1
1.0
1
1
1.0
1
1
1.015267175572519
1
1
1.0
1
1
1.0
1
1
1.0163934426229508
1.0
1
1.0
1
1.0514285714285714
1
1
1
1.0108695652173914
1
1
1.0387596899224807
1
1
1.0
1
1
1.0
1
1
1.0
1
1
1.0
1
1
1.0
1
1
1.0
1
1
1.0
1
1
1
1.0833333333333333
1
1
1.0701754385964912
1
1
1.0140845070422535
1
1
1.018181818181818
1
1
1.0354609929078014
1
1
1.03125
1.0
1
1.0
1
1.0317460317460316
1
1
1.0
1
1
1
1.0187793427230047
1
1
1.074074074074074
1
1
1.0
1
1
1.0
1
1
1.02
1
1
1.0
1
1
1.0175438596491229
1
1
1.0
1
1
1.0571428571428572
1
1
1.0212765957446808
1
1
1.0
1
1
1.0
1
1
1.0135135135135136
1
1
1.0
1
1
1.0
1
1
1.0413793103448277
1
1
1.024793388429752
1
1
1.0
1
1
1.0506329113924051
1
1
1.0503597122302157
1
1
1.009009009009009
1
1
1.0
1
1
1.0
1
1
1.0
1
1
1.0283687943262412
1
1
1.0
1
1
1.0
1
1
1.0
1
1
1.0218978102189782
1
1
1.0
1
1
1.02
1
1
1.02020202020202
1
1
1.0064102564102564
1
1
1.0153846153846153
1
1
1.0
1
1
1.0
1
1
1.0
1
1
1.015228426395939
1
1
1.0208333333333333
1
1
1.0
1
1
1.0142857142857142
1
1
1.05
1
1
1.0
1
1
1.1111111111111112
1
1
1.0
1
1
1
1.0
1
1
1.0
1
1
1.0
1
1
1.0
1
1
1.0
1
1
1.0338983050847457
1
1
1.0
1
1
1.0
1
1
1.0136986301369864
1
1
1.0
1
1
1.0
1
1
1.0
1
1
1.0
1
1
1.0
1
1
1.0
1
1
1.0
1
1
1.0
1
1
1.0
1
1
1.0
1
1
1.0
1
1
1.0066225165562914
1
1
1.0106382978723405
1
1
1.0208333333333333
1
1
1.0
1
1
1.0
1
1
1.0
1
1
1.0
1
1
1.03
1
1
1.0357142857142858
1
1
1.0
1.0150375939849625
1
1.2339181286549707
1
1
1.0670103092783505
1
1
1.019047619047619
1
1
1.0119047619047619
1
1
1.0096153846153846
1
1
1.0
1
1
1.0198019801980198
1
1
1.0
1
1
1.0072463768115942
1
1
1.0552147239263803
1
1
1.0
1
1
1.0833333333333333
1
1
1.0
1
1.03
1
1
1
1.0333333333333334
1
1
1.0263157894736843
1
1
1.0
1
1
1.0
1
1
1.0
1
1.0
1
1
1.054054054054054
1
1.0
1
1
1.0
1
1
1.0
1
1
1.0
1
1
1.0
1
1
1.0
1
1
1.0
1
1
1.0
1
1
1.0
1.0
1
1.0
1
1
1.0
1
1
1.0
1
1
1.0
1
1
1
1.0
1
1
1.0
1
1
1.108433734939759
1
1.0480769230769231
1
1
1.007936507936508
1
1
1.0192307692307692
1
1
1.0
1
1
1.0
1
1
1.0
1
1
1.0
1
1
1.0
1
1
1.0235294117647058
1
1
1.0
1
1
1.0
1
1
1.0172413793103448
1
1
1.0405405405405406
1
1
1.0
1
1
1.0
1
1
1.010752688172043
1
1
1.0
1
1
1.0731707317073171
1
1
1.0454545454545454
1
1
1.0163934426229508
1
1
1.0
1
1
1.0
1
1
1.0491803278688525
1
1
1.0
1
1
1.0153846153846153
1.0
1
1.0098039215686274
1
1
1.0769230769230769
1
1
1.0714285714285714
1
1
1.0517241379310345
1
1
1
1.0
1
1
1.0
1
1
1.0
1
1
1.0421052631578946
1
1
1.0206896551724138
1
1
1.0
1
1
1.0
1
1
1.0
1
1
1.0
1
1
1.0
1
1
1.0
1
1
1.0
1
1
1.010989010989011
1
1
1.0169491525423728
1
1
1.0
1
1
1.0833333333333333
1
1
1.0
1
1
1.0
1
1
1.0
1
1
1.0952380952380953
1
1
1.0294117647058822
1
1
1.0
1
1
1.0
1
1
1.0142857142857142
1
1
1.0
1
1
1.0
1
1
1.0
1
1
1.0
1
1
1.0
1
1
1.0
1
1
1.0
1
1
1.0133333333333334
1
1
1
1.0
1
1
1.0333333333333334
1
1
1.0
1
1
1.0
1.0
1
1.0
1
1.0
1.0
1
1.0161290322580645
1
1.0
1
1
1
1
1.0
1
1
1.0
1
1
1.0
1
1
1.0
1
1
1.0084745762711864
1
1
1.0
1
1
1.0298507462686568
1
1
1.0547945205479452
1
1
1.0235294117647058
1
1
1.0819672131147542
1
1
1.0
1
1
1.0169491525423728
1
1
1.0
1
1
1.0
1
1
1.028169014084507
1
1
1.0344827586206897
1
1
1.0
1
1
1.0
1
1
1.0
1
1
1.0533333333333332
1
1
1.0
1
1
1.0802919708029197
1
1
1.0
1
1
1.0506329113924051
1
1
1.1052631578947367
1
1
1
1.0
1
1
1.0465116279069768
1
1
1.0
1
1
1.0384615384615385
1
1
1
1.0
1
1
1.02
1
1
1.0
1
1
1.0
1
1
1.0294117647058822
1
1
1.011764705882353
1
1
1.0
1
1
1.0689655172413792
1
1
1.0
1
1
1.0
1
1
1.0
1
1
1.0
1
1
1.0923076923076924
1
1
1.0127388535031847
1
1
1.0687830687830688
1
1
1.0
1
1
1.0232558139534884
1
1
1.0
1
1
1.0168067226890756
1
1
1.0096153846153846
1
1
1.0
1
1
1.0
1
1
1.0
1
1
1.0
1
1
1.0
1
1
1.0
1
1
1.0
1
1
1.0714285714285714
1
1
1.0307692307692307
1
1
1.0
1
1
1.0763358778625953
1
1
1.0133333333333334
1
1
1.0
1
1
1.0
1
1
1.0
1
1
1.0
1
1
1.0340909090909092
1
1
1.0
1
1
1.0384615384615385
1
1
1.0673076923076923
1.072992700729927
1.0551181102362204
1
1.0655737704918034
1
1.0
1
1
1
1.0
1
1
1.0476190476190477
1
1
1
1.046875
1
1
1
1
1
1.0
1
1
1.0353982300884956
1
1
1.0
1
1
1.0
1
1
1.018987341772152
1
1
1.0217391304347827
1
1
1.0258620689655173
1
1
1.0
1
1
1.0
1
1
1.0153846153846153
1
1
1.032258064516129
1
1
1.0
1
1
1.0434782608695652
1
1
1.0120481927710843
1
1
1.0350877192982457
1
1
1.0
1
1
1.0
1
1
1.0
1.0
1
1.3333333333333333
1
1
1.0
1
1
1.0
1
1
1.0
1
1
1.0
1
1
1.0
1
1
1.0185185185185186
1
1
1.0
1
1
1.0
1
1
1.0
1
1
1.0434782608695652
1
1
1.0
1
1
1
1.0072463768115942
1
1
1.0126582278481013
1
1
1.0
1
1
1.0
1
1
1.0
1
1
1.0319148936170213
1
1
1.0
1
1
1.0
1
1
1.024793388429752
1
1
1.0
1
1
1.0357142857142858
1
1
1.0
1
1
1.0404040404040404
1
1
1.0808080808080809
1
1
1.0144927536231885
1
1
1.0357142857142858
1
1
1.03125
1
1
1.036144578313253
1
1
1.030612244897959
1
1
1.0
1
1
1.0
1
1
1.0188679245283019
1
1
1.0416666666666667
1
1
1.0
1
1
1.0
1
1
1.0
1
1
1.0238095238095237
1
1
1.027027027027027
1
1
1.0
1
1
1.0
1
1
1.0597014925373134
1
1
1.03954802259887
1
1
1.0833333333333333
1
1
1.0
1
1
1.0
1
1
1.0
1
1
1.0
1
1
1.0
1
1
1.018181818181818
1
1
1.0
1
1
1.0
1.0
1
1.0
1
1
1.0
1
1
1.0089285714285714
1
1
1.0
1
1
1.0
1
1
1.0
1
1
1.0437956204379562
1
1
1.0113636363636365
1
1
1.0
1
1
1
1.0
1
1
1
1.0166666666666666
1
1
1.0256410256410255
1
1
1.0
1
1
1.0
1
1
1.05
1
1
1.0
1
1
1.0427350427350428
1
1
1.0
1
1
1.0
1
1
1.0
1
1
1.0662650602409638
1
1
1.0
1
1
1.0
1
1
1.0365853658536586
1
1
1.0075757575757576
1
1
1.0
1
1
1.0
1
1
1.0
1
1
1.0
1
1
1.0
1
1
1.0
1
1
1.0
1
1
1.0
1
1
1.0
1
1
1.0
1
1
1.0204081632653061
1
1
1.0
1
1
1.008130081300813
1
1
1.031496062992126
1
1
1.0
1
1
1.038709677419355
1.0252100840336134
1
1.0470588235294118
1
1.0
1
1
1
1.0
1
1
1.0
1
1
1.0
1
1
1.0
1
1
1.0454545454545454
1
1
1.0
1
1
1.0526315789473684
1
1
1.0
1
1
1.0161290322580645
1
1
1.0357142857142858
1
1
1.0
1
1
1.0571428571428572
1
1
1.0149253731343284
1
1
1.0
1
1
1.0
1
1
1.0
1
1
1.0
1
1
1.0263157894736843
1
1
1.0
1
1
1.0
1
1
1.032258064516129
1
1
1.0
1
1
1.0
1
1
1.0
1.0344827586206897
1
1.0
1
1
1.0416666666666667
1.0
1
1.0102564102564102
1
1
1.0
1
1
1.028301886792453
1
1
1.0
1
1
1.0277777777777777
1
1
1.0
1
1
1.054054054054054
1
1
1.0222222222222221
1
1
1.010752688172043
1
1
1.0192307692307692
1
1
1.0
1
1
1.0178571428571428
1
1
1.0267857142857142
1
1
1.0
1
1
1.0508474576271187
1
1
1.0375
1
1
1.0
1
1
1.0
1
1
1.0
1
1
1.024390243902439
1
1
1.0
1
1
1.0
1
1
1.0
1
1
1.0
1
1
1.0
1
1
1.0
1
1
1.0
1
1
1.0
1
1
1.0
1
1
1.0
1
1
1.0
1
1.0
1
1
1.0
1
1
1.0
1
1
1.0
1
1
1.0
1
1
1.020979020979021
1
1
1.0
1.0263157894736843
1
1.0434782608695652
1
1
1.0
1
1
1.027027027027027
1
1
1.025
1
1
1.0
1
1
1.0
1
1
1.0
1
1
1.0149253731343284
1
1
1.0087719298245614
1
1
1.0
1
1
1.0
1
1
1.0091743119266054
1
1
1.010752688172043
1
1
1.0
1
1
1.0076923076923077
1
1
1.0
1
1
1.0097087378640777
1
1
1.0098039215686274
1
1
1.0095238095238095
1
1
1.0192307692307692
1
1
1.0
1
1
1.0
1
1
1.0084745762711864
1
1
1.008695652173913
1
1
1.0084745762711864
1
1
1.0176991150442478
1
1
1.0
1
1
1.0285714285714285
1
1
1.0
1
1
1.0
1.0
1
1.0
1
1.0140845070422535
1
1
1.0
1
1
1
1
1.0
1
1
1.0
1
1
1.0222222222222221
1
1
1.0
1
1
1.0229885057471264
1
1
1.0
1
1
1.0
1.0
1
1.032258064516129
1
1
1.0
1
1
1.025974025974026
1
1
1.025
1.0
1
1.0
1
1
1.0153846153846153
1
1
1.0
1
1
1.0
1
1
1.0
1
1.0
1
1
1.0
1
1
1.0
1
1
1.0
1
1
1.0
1
1
1.0
1
1
1.0481927710843373
1
1
1.018018018018018
1
1
1.0
1
1
1.0
1
1
1.0
1
1
1.0
1
1
1.0
1
1
1.0
1
1
1.0
1
1
1.0
1
1
1.0
1
1
1.024390243902439
1
1
1.0402684563758389
1
1
1.0333333333333334
1
1
1
1.1728395061728394
1
1
1.0
1
1
1.0135135135135136
1
1
1.0
1
1
1.0769230769230769
1
1
1.0
1
1
1.0
1
1
1.0625
1
1
1.0
1
1
1.0
1
1
1.0
1
1
1.0
1
1
1.0
1
1
1.0
1
1
1.0136986301369864
1
1
1.0210526315789474
1
1
1.0
1
1
1.0
1
1
1.0
1
1
1.0
1
1
1.0606060606060606
1
1
1.0
1
1
1.0175438596491229
1
1
1.0
1
1
1.032258064516129
1
1
1.0
1
1
1.04
1
1
1.0
1
1
1.0
1
1
1.0
1
1
1.0363636363636364
1
1
1.0
1.0
1.0
1
1.1837837837837837
1.0357142857142858
1.08994708994709
1
1.0615384615384615
1
1.0566037735849056
1
1.0
1
1
1.0
1
1
1.0
1
1
1.0
1
1
1.0
1
1
1.0
1
1
1.0
1
1
1.0232558139534884
1
1
1.0
1
1
1.0
1
1
1.03125
1
1
1.0073529411764706
1
1
1.0
1.0
1
1.0
1
1.0
1
1
1.0
1
1
1
1.0555555555555556
1
1
1.0
1
1
1.0
1
1
1.0
1
1
1.0
1
1
1.0
1
1
1.0
1
1
1.0
1
1
1.1
1
1
1.0
1
1
1.0
1
1
1.0
1
1
1.0
1
1
1.0
1
1
1.0204081632653061
1
1
1.0
1
1
1.0114942528735633
1
1
1.0
1
1
1.0
1
1
1.0
1
1
1.0
1
1
1.0
1
1
1.0
1
1
1.0
1
1
1.0
1.0
1
1.0
1
1
1.0
1
1
1.0
1
1
1.0
1
1
1.0
1
1
1.0
1
1
1.0416666666666667
1
1
1.0
1
1
1.0625
1.0454545454545454
1
1.0
1
1.0
1
1
1.0
1
1
1.0
1
1
1
1.0
1
1
1.0526315789473684
1
1
1.0512820512820513
1
1
1.0
1
1
1.0
1
1
1.0
1
1
1.0
1
1
1.0333333333333334
1
1
1.0
1
1
1.0136986301369864
1
1
1.00625
1
1
1.0
1
1
1.0
1
1
1.0
1
1
1.037037037037037
1
1
1.0303030303030303
1
1
1.0289855072463767
1
1
1.0
1
1
1.0357142857142858
1.0
1
1.0294117647058822
1
1.010989010989011
1
1
1.0056179775280898
1
1
1.0
1
1
1.0
1
1
1.125
1
1
1.0
1
1
1.0
1
1
1.0909090909090908
1
1
1.0
1
1
1.1
1
1
1
1.0
1
1
1
1.0
1
1
1.0
1.0
1
1.0
1
1.0151515151515151
1
1
1.0
1
1
1.0
1
1
1.0
1
1
1.0
1
1
1.0
1
1
1.0
1
1
1
1.0
1
1
1.0
1
1
1.0
1
1
1.0
1
1
1.0
1
1
1.0
1
1
1.0235294117647058
1
1
1.0
1
1
1.0491803278688525
1
1
1.0476190476190477
1
1
1.0
1
1
1.0
1
1
1.0
1
1
1.0350877192982457
1.0256410256410255
1
1.0
1
1
1.025
1
1
1.0
1
1
1.0
1
1
1.0666666666666667
1
1
1.0064516129032257
1
1
1.0
1
1
1.0
1
1.0
1.0
1
1.0
1
1
1.0
1
1
1.0
1
1
1.0
1
1
1.0140845070422535
1
1
1.0
1
1
1.037037037037037
1.0
1
1.0
1.0
1
1.0
1
1
1.0
1
1.032258064516129
1
1
1.0178571428571428
1
1
1.0333333333333334
1
1
1.0294117647058822
1
1
1.0
1
1
1.0
1
1
1.0
1
1
1.0
1
1
1.0
1
1
1.0
1
1
1.0
1
1
1.0
1
1
1.0
1
1
1.04
1
1
1.029585798816568
1
1
1.0307692307692307
1
1
1.0212765957446808
1
1
1.0445859872611465
1
1
1.0608108108108107
1
1
1.0076335877862594
1
1
1.0
1
1
1.0
1
1
1.025
1
1
1.0
1
1
1.0454545454545454
1
1
1.0
1
1
1.0
1
1
1.0
1
1
1.0
1
1
1.0
1
1
1.0241935483870968
1
1
1.0
1
1
1.0
1
1
1.0389610389610389
1
1
1.0066666666666666
1
1
1.0
1
1
1.1597222222222223
1
1
1.0
1
1
1.0
1
1
1.0
1
1
1.0
1
1
1.0
1
1
1.0
1
1
1.0
1
1
1.0
1
1
1.0
1
1
1.0
1
1
1.0
1
1
1.0
1
1
1.0
1
1
1.0222222222222221
1
1
1.0
1
1
1.0
1
1
1.0
1
1
1.0
1
1
1.0
1.0
1
1.0
1
1.0
1
1
1
1.0
1
1
1.08
1
1
1.0
1
1
1.0
1
1
1.0
1
1
1.0
1
1
1.0
1
1
1.0
1
1
1.0
1
1
1.0120481927710843
1
1
1.0748299319727892
1
1
1.03125
1
1
1.0116279069767442
1
1
1.0263157894736843
1
1
1.0
1
1
1.0303030303030303
1
1
1.0327868852459017
1
1
1.0
1
1
1.0454545454545454
1
1
1.024390243902439
1
1
1.0
1
1
1.0145985401459854
1
1
1.011764705882353
1
1
1.0144927536231885
1
1
1.169811320754717
1
1
1.0340909090909092
1
1
1.0
1
1
1.0
1
1
1.0
1
1
1.0642857142857143
1
1
1.0
1
1
1.007462686567164
1
1
1.0
1
1
1.0
1
1
1.0
1
1
1.0
1
1
1.0
1
1
1.0263157894736843
1
1
1.0
1
1
1.0
1
1
1.0
1
1
1.0
1
1
1.0
1
1
1.0833333333333333
1.0714285714285714
1
1.0
1
1
1.0232558139534884
1
1.0
1
1
1.0
1.0
1
1.0
1
1
1.0333333333333334
1.0240963855421688
1.0
1.0140845070422535
1.0151515151515151
1.0294117647058822
1.0566037735849056
1
1.0666666666666667
1.0434782608695652
1
1.0
1
1
1.0
1
1
1.0
1
1
1.0
1.0
1
1.0606060606060606
1
1.0192307692307692
1
1
1.0285714285714285
1
1
1.0206185567010309
1
1
1.0
1
1
1.0410958904109588
1
1
1.0
1
1
1.0
1
1
1.0
1
1
1.0363636363636364
1
1
1.0
1
1
1.0476190476190477
1
1
1.0
1
1
1.0
1
1
1.0
1
1
1.0238095238095237
1.0410958904109588
1
1.0161290322580645
1
1
1
1.0
1
1
1.0119047619047619
1
1
1.0414201183431953
1
1
1.0063291139240507
1
1
1.0
1
1
1.010204081632653
1.0
1
1.0192307692307692
1
1
1.0
1
1
1.05
1
1
1.05
1
1
1.0975609756097562
1
1
1.032258064516129
1
1
1.0303030303030303
1
1
1.0309278350515463
1
1
1.025974025974026
1
1
1.0
1
1
1.0
1
1
1.0
1
1
1.0
1
1
1
1.0
1
1
1.0
1
1
1.0588235294117647
1
1
1.0
1
1
1.0
1
1
1.0
1
1
1.0
1
1
1.0
1
1
1.0
1
1
1.0
1
1
1.0
1
1
1.0253164556962024
1
1
1.0153846153846153
1
1
1.0
1
1
1.0
1
1
1.0
1
1
1.0833333333333333
1
1
1.0
1
1
1.0
1
1
1.0
1
1
1.0
1
1
1.0
1
1
1.0
1
1
1.0348837209302326
1
1
1.035294117647059
1
1
1.065217391304348
1
1
1.0
1
1
1.0
1
1
1.0
1
1
1.0
1
1
1.2222222222222223
1
1
1.0588235294117647
1
1
1.036144578313253
1
1
1.0265486725663717
1
1
1.0222222222222221
1
1
1.0245398773006136
1
1
1.0
1
1
1.0
1
1
1.0
1
1
1
1.0
1
1
1.0344827586206897
1
1
1.0
1
1
1.0
1
1
1.0
1
1
1.0
1.0133333333333334
1
1.0
1
1
1.0
1
1
1.0222222222222221
1
1
1.0
1
1
1.0
1
1
1.0
1
1
1.0
1
1
1.0
1
1
1.0
1
1
1.0
1.0576923076923077
1
1.024390243902439
1
1.0377358490566038
1
1
1.0
1
1
1.0
1
1
1.0204081632653061
1
1
1
1.0
1
1
1.0
1
1
1.0
1
1
1.0517241379310345
1
1
1.0
1
1
1.0
1
1
1.0
1
1
1.0
1
1
1.0
1
1
1.0795454545454546
1
1
1.0114942528735633
1
1
1.0
1
1
1.0194174757281553
1
1
1.0
1
1
1.0
1
1
1.029940119760479
1
1
1.0
1
1
1.0
1
1
1.0
1
1
1.0
1
1
1
1.0296296296296297
1
1
1.0149253731343284
1
1.0178571428571428
1
1
1.0
1
1
1
1.04
1
1
1.0
1
1
1.0
1
1
1
1.0
1
1
1.0
1
1
1
1.0
1
1
1.0
1
1
1.0
1
1
1.0
1
1
1.0506329113924051
1
1
1.0
1
1
1.0357142857142858
1
1
1.0441176470588236
1
1
1.0303030303030303
1
1
1.0
1
1
1.0
1
1
1.0
1
1
1.0666666666666667
1
1
1.0
1
1
1.0
1
1
1.0350877192982457
1
1
1.015625
1
1
1.0
1
1
1.0
1
1
1.0121951219512195
1
1
1.0
1
1
1.015625
1
1
1.0
1
1
1
1.0
1
1
1.0
1
1
1.0454545454545454
1
1
1.0422535211267605
1
1
1.0449438202247192
1
1
1.0
1
1
1.0
1
1
1.0
1.0
1
1.0512820512820513
1
1
1.0
1
1
1.0
1
1
1.0
1.0
1
1.0
1
1
1.069767441860465
1
1
1.0
1
1
1.0
1.00990099009901
1
1.009433962264151
1
1
1.0
1
1
1.0357142857142858
1
1
1.0579710144927537
1
1
1.0
1
1
1.0144927536231885
1
1
1.0
1
1
1.0
1
1
1.0
1
1
1.0333333333333334
1
1
1.0
1
1
1.0
1
1
1.0
1
1
1.0206185567010309
1
1
1.0
1
1
1.0
1
1
1.0
1
1
1.0666666666666667
1
1
1.0
1
1
1.0
1
1
1.0
1
1
1.0714285714285714
1
1
1.048780487804878
1
1
1.0416666666666667
1
1
1.0
1
1
1.0384615384615385
1
1
1.0
1
1
1.0444444444444445
1
1
1.0
1
1
1.0072463768115942
1
1
1.0384615384615385
1
1
1.065217391304348
1
1
1.0
1
1
1.0
1
1
1.0
1
1
1.0
1
1
1.0
1
1
1.0
1
1
1.0410958904109588
1
1
1.0
1
1
1.0476190476190477
1
1
1.0
1
1
1.0
1
1
1.0357142857142858
1
1
1.0
1
1
1.0476190476190477
1
1
1.0232558139534884
1
1
1.0196078431372548
1
1
1.0172413793103448
1
1
1.0
1
1
1.0272727272727273
1
1
1.0
1
1
1.0
1
1
1.0
1
1
1.0
1
1
1.0
1
1
1.0
1
1
1.065217391304348
1
1
1.0363636363636364
1
1
1.0454545454545454
1
1
1.0206185567010309
1
1
1.0408163265306123
1
1
1.010204081632653
1
1
1.0256410256410255
1
1
1.0
1
1
1.0149253731343284
1
1
1.05
1
1
1.0
1
1
1.0
1
1
1.0
1
1
1.0
1
1
1.1
1
1
1
1.0
1
1
1.0
1
1
1.0
1
1
1.0
1
1
1.0
1
1
1.0
1
1
1.0
1
1
1.0
1
1
1.0
1
1
1.0
1
1
1.0
1
1
1.0
1
1
1.0
1
1
1.0
1
1
1.0
1
1
1.0
1
1
1.0
1
1
1.0
1
1
1.0
1
1
1.0
1
1
1.0526315789473684
1
1
1.0
1
1
1.0
1
1
1.0
1
1
1.0176991150442478
1
1
1.0
1
1
1.0
1
1
1.0
1
1
1.0
1
1
1.0
1
1
1.0
1
1
1.0
1
1
1.0
1
1
1.0
1
1
1.0
1
1
1.0
1
1
1.0
1
1
1.0
1
1
1.0
1
1
1.074074074074074
1
1
1.0294117647058822
1
1
1.0169491525423728
1
1
1.0
1
1
1.0
1
1
1.025974025974026
1
1
1.0392156862745099
1
1
1.0204081632653061
1
1
1.0952380952380953
1
1
1.0588235294117647
1
1
1.0
1
1
1.0
1
1
1.0348837209302326
1
1
1.0
1
1
1.0229885057471264
1
1
1.0728476821192052
1
1
1.0
1
1
1.0
1
1
1.02803738317757
1
1
1.0507246376811594
1
1
1.0
1
1
1.0
1
1
1.0
1
1
1.0
1
1
1.0357142857142858
1
1
1.0
1.0344827586206897
1
1.0
1
1
1.0
1
1
1.0
1
1
1.0
1
1
1.0
1
1
1.0
1
1
1.0
1
1
1.0
1
1
1.0
1
1
1.0
1
1
1.0232558139534884
1
1
1.0
1
1
1.0
1
1
1.0
1
1
1.0
1
1
1.0
1
1
1.0
1
1
1.0
1
1
1.0
1
1
1.0
1
1
1.0
1
1
1.0
1
1
1.0
1
1
1.0
1
1
1.036697247706422
1
1
1.0
1
1
1.0
1
1
1.0
1
1
1.0
1
1
1.0476190476190477
1
1
1.0
1
1
1.0
1
1
1.0689655172413792
1
1
1.0267857142857142
1
1
1.0
1
1
1.0294117647058822
1
1
1.0
1
1
1.025
1
1
1.0
1
1
1.0
1
1
1.0
1
1
1.0
1
1
1.0
1
1
1.0
1
1
1.0303030303030303
1
1
1.0
1
1
1.0
1
1
1.0217391304347827
1
1
1.0
1
1
1.0
1
1
1.0666666666666667
1.0434782608695652
1
1.04
1
1
1.0
1
1
1.0294117647058822
1
1
1.0082644628099173
1
1
1.0434782608695652
1
1
1.0303030303030303
1
1
1.0
1
1
1.006896551724138
1
1
1.0
1
1
1.0634920634920635
1
1
1.0737704918032787
1
1
1.0
1
1
1.0588235294117647
1
1
1.0
1
1
1.0303030303030303
1
1
1.0555555555555556
1
1
1.0
1
1
1.45
1
1
1.0
1
1
1.0
1
1
1.0
1.0
1
1.0
1
1
1.0
1
1
1.0
1
1
1.0229885057471264
1
1
1.028169014084507
1
1
1.0
1
1
1.0
1
1
1.0
1
1
1.0175438596491229
1
1
1.0
1
1
1.0119047619047619
1
1
1.0
1
1
1.0178571428571428
1
1
1.0224719101123596
1
1
1.0
1
1
1.0782608695652174
1
1
1.0571428571428572
1
1
1.08
1
1
1.0
1
1
1.0454545454545454
1
1
1.0
1
1
1.0238095238095237
1
1
1.0975609756097562
1
1
1.0
1
1
1.0357142857142858
1
1
1.0
1
1
1.0
1
1
1.0483870967741935
1
1
1.0
1
1
1.0
1
1
1.0
1
1
1.0
1
1
1.0
1
1
1.0
1
1
1.0
1
1
1.0
1.0
1
1.0
1
1
1.0
1
1
1.0
1
1
1.0
1
1
1.0
1
1
1.0
1
1
1.0434782608695652
1
1
1.0
1
1
1.0
1
1
1.0
1
1
1.0263157894736843
1
1
1.0
1
1
1.0
1
1
1.0
1
1
1.0217391304347827
1
1
1.0
1
1
1.0
1
1
1.0
1
1
1.0
1
1
1.0
1
1
1.0
1
1
1.0
1
1
1.0701754385964912
1
1
1.027027027027027
1
1
1.0394736842105263
1
1
1.0
1
1
1.0
1
1
1.0166666666666666
1
1
1.0555555555555556
1
1
1.0555555555555556
1
1
1.0
1
1
1.0
1
1
1.0
1
1
1.0089285714285714
1
1
1.0
1
1
1.0
1
1
1.049618320610687
1
1
1.037313432835821
1
1
1.0
1
1
1.0
1
1
1.0
1
1
1.025974025974026
1
1
1.25
1
1
1.0769230769230769
1
1
1.0
1
1
1.0
1
1
1.0
1
1
1.1082089552238805
1.0876288659793814
1
1.0818181818181818
1
1
1.0446428571428572
1
1
1.037037037037037
1
1
1.0
1
1
1.0
1
1
1.0
1
1
1.0
1
1
1.0425531914893618
1
1
1.0
1
1
1.0
1
1
1.0
1
1
1.0449438202247192
1
1
1.0
1
1
1.0
1
1
1.0
1
1
1.0625
1
1
1.0493827160493827
1
1
1.0823529411764705
1
1
1.0196078431372548
1
1
1.03125
1
1
1.0
1
1
1.0
1
1
1.0319148936170213
1
1
1.0810810810810811
1
1
1.0
1
1
1.0365853658536586
1
1
1.0232558139534884
1
1
1.0
1
1
1.0
1
1
1.0909090909090908
1
1
1.0338983050847457
1
1
1.0092592592592593
1
1
1.0
1
1
1.0
1
1
1.0
1
1
1.0588235294117647
1
1
1.0714285714285714
1
1
1.0
1
1
1.0689655172413792
1
1
1.0810810810810811
1
1
1.0294117647058822
1
1
1.0
1
1
1.0
1
1
1.0338983050847457
1
1
1.0
1
1
1.0
1
1
1.0
1
1
1.0
1
1
1.0
1
1
1.0
1
1
1.0
1
1
1.0
1
1
1.0
1
1
1.0
1
1
1.0
1
1
1.065217391304348
1
1
1.0
1
1
1.015625
1
1
1.0144927536231885
1
1
1.0
1
1
1.032258064516129
1.0140845070422535
1
1.0
1
1
1.0
1
1
1.0
1
1
1.0394736842105263
1
1
1.1150442477876106
1
1
1.0566037735849056
1
1
1.0158730158730158
1
1
1.046875
1
1
1.0291666666666666
1
1
1.037037037037037
1
1
1.0227272727272727
1
1
1.0
1
1
1.0140845070422535
1
1
1.0
1
1
1.0
1
1
1.0
1
1
1.037037037037037
1
1
1.0
1
1
1.0129870129870129
1
1
1.0285714285714285
1
1
1.0
1
1
1.0
1
1
1.0
1
1
1.0
1
1
1.0
1
1
1.0
1
1
1.0
1
1
1
1.0
1
1
1.0
1
1
1.0
1
1
1.0
1
1
1.0
1
1
1.0
1
1
1.0
1
1
1.0
1
1
1.0
1
1
1.0
1
1
1.0
1
1
1.0
1
1
1.0
1
1
1.0
1
1
1.0
1
1
1.0
1
1
1.0
1
1
1.0
1
1
1.0
1
1
1.0
1
1
1.0
1.0
1.0
1
1.0405405405405406
1.0388349514563107
1
1.0
1.0476190476190477
1
1.0
1
1.0
1
1
1.0
1
1
1.0
1
1
1.0434782608695652
1
1
1.0
1
1
1.0185185185185186
1
1
1.0138888888888888
1
1
1.0547945205479452
1
1
1.0
1
1
1.0
1
1
1.0
1
1
1.0303030303030303
1
1
1.0
1
1
1.0606060606060606
1
1
1.0120481927710843
1
1
1.0
1
1
1.0227272727272727
1
1
1.05
1
1
1.0
1
1
1.0
1
1
1.0588235294117647
1
1
1.0169491525423728
1
1
1.0
1
1
1.0375
1
1
1.0
1
1
1.0
1
1
1.0
1
1
1.0
1
1
1.0
1
1
1.0
1
1
1.0
1
1
1.037037037037037
1
1
1.0163934426229508
1.0
1
1.0
1
1.0625
1
1
1
1.0
1
1
1.0222222222222221
1
1
1.0
1
1
1.0
1
1
1.0
1
1
1.0056818181818181
1
1
1
1.0058823529411764
1
1
1.018181818181818
1
1
1.0206185567010309
1
1
1.0
1
1
1.0285714285714285
1
1
1.0363636363636364
1
1
1.0275229357798166
1
1
1.0
1
1
1.0357142857142858
1
1
1.0
1
1
1
1.0
1
1
1.0
1
1
1.0526315789473684
1
1
1.0116279069767442
1
1
1.0
1
1
1
1.0
1
1
1.0434782608695652
1
1
1.0
1
1
1.0
1
1
1.0
1
1
1.0403225806451613
1
1
1.15625
1
1
1.0
1
1
1.0
1
1
1.0
1
1
1.0
1
1
1.0416666666666667
1
1
1.0
1
1
1.0
1
1
1.0
1
1
1.0
1
1
1.0185185185185186
1.0
1
1.0185185185185186
1
1
1.0
1
1
1.0169491525423728
1
1
1.0
1
1
1.0526315789473684
1
1
1.0
1
1
1.0
1
1
1.0
1
1
1.02
1
1
1.0561797752808988
1
1
1.0
1
1
1.0
1
1
1.0
1
1
1.0
1
1
1.0
1
1
1.0
1
1
1.0
1
1
1.0
1
1
1.0377358490566038
1
1
1.0217391304347827
1
1
1.0172413793103448
1
1
1.0434782608695652
1
1
1.011111111111111
1
1
1.0
1
1
1.0454545454545454
1
1
1.0
1
1
1.0
1
1
1.0
1
1
1.0
1
1
1.0
1
1
1.0
1
1
1.0
1
1
1.0
1
1
1.0
1
1
1.0
1
1
1.0178571428571428
1
1
1.0461538461538462
1
1
1.0188679245283019
1
1
1.0
1
1
1.0
1
1
1.0
1
1
1.0547945205479452
1
1
1.0
1.0303030303030303
1
1.0
1
1.0
1
1
1
1.0
1
1
1.036144578313253
1
1
1.0
1
1
1.029126213592233
1
1
1.0
1
1
1.0
1
1
1.0
1
1
1.0
1
1
1.0
1
1
1.0
1
1
1.0263157894736843
1
1
1.0
1
1
1.0147058823529411
1
1
1.0285714285714285
1
1
1.0
1
1
1.0242424242424242
1
1
1.0
1
1
1.0
1
1
1.0232558139534884
1
1
1.0363636363636364
1
1
1.0
1
1
1.02
1
1
1.0
1
1
1.0113636363636365
1
1
1.0112359550561798
1
1
1.0
1
1
1.0303030303030303
1
1
1.064102564102564
1
1
1.0
1
1
1.0
1
1
1.0
1
1
1.0357142857142858
1
1
1.02
1
1
1.0
1
1
1.0425531914893618
1
1
1.0394736842105263
1
1
1.0196078431372548
1
1
1.0
1
1
1.0
1
1
1.032258064516129
1
1
1.0
1
1
1.0
1
1
1.1136363636363635
1
1
1.016260162601626
1
1
1.0
1
1
1.0
1
1
1.0
1
1
1.0178571428571428
1
1
1.0
1
1
1.0
1
1
1.0
1
1
1.0238095238095237
1
1
1.0294117647058822
1
1
1.0
1
1
1.0415094339622641
1
1
1.0294117647058822
1
1
1.0298507462686568
1
1
1.0416666666666667
1
1
1.0
1
1
1.0
1
1
1.0
1
1
1.0
1
1
1.0606060606060606
1
1
1.0
1
1
1.0
1
1
1.0
1
1
1.02
1
1
1.05
1
1
1.0
1
1
1.0
1
1
1.0
1
1
1.0169491525423728
1
1
1.0416666666666667
1
1
1.0
1
1
1.0068027210884354
1
1
1.0
1
1
1.0
1
1
1.0
1
1
1.0
1
1
1.0
1
1
1.0238095238095237
1
1
1.0
1
1
1.0
1
1
1.1515151515151516
1
1
1.0769230769230769
1.2857142857142856
1
1.0909090909090908
1
1
1.1538461538461537
1
1
1.0
1
1
1.0769230769230769
1.04
1
1.0
1
1
1.0
1
1
1.0
1
1
1.0
1
1
1.0
1
1
1.0212765957446808
1
1
1.0
1
1
1.0
1
1
1.0
1
1
1.0384615384615385
1
1
1.0
1
1
1.3255813953488373
1
1
1.0294117647058822
1
1
1.04
1.0985915492957747
1
1.0638297872340425
1
1
1.0
1
1
1.0588235294117647
1
1
1.1111111111111112
1
1
1.0212765957446808
1
1
1.018181818181818
1
1
1.0
1
1
1.0263157894736843
1
1
1.0212765957446808
1
1
1.0347826086956522
1
1
1.0128205128205128
1
1
1.0225563909774436
1
1
1.0
1
1
1.0416666666666667
1
1
1.0140845070422535
1
1
1.0
1
1
1.0
1
1
1.0
1
1
1.0315789473684212
1
1
1.0
1
1
1.0
1
1
1.0
1
1
1.0138888888888888
1
1
1.0
1
1
1.0
1
1
1.0204081632653061
1
1
1.0
1
1
1.0
1
1
1.0
1
1
1.0
1
1
1.0
1
1
1.0
1
1
1.0
1
1
1.0869565217391304
1
1
1.0258620689655173
1
1
1.0
1
1
1.1724137931034484
1
1
1.0
1
1
1.0
1
1
1.0
1
1
1.0
1
1
1.0
1
1
1.021978021978022
1
1
1.0606060606060606
1
1
1.0
1
1
1.0
1
1
1.0774193548387097
1
1
1.0081967213114753
1
1
1.0
1
1
1.0
1
1
1.074074074074074
1
1
1.0
1
1
1.0
1
1
1.05
1
1
1.0357142857142858
1
1
1.0
1
1
1.037037037037037
1
1
1.0
1
1
1.108695652173913
1
1
1.0
1
1
1.0
1
1
1.0
1
1
1.024390243902439
1
1
1.0
1
1
1.011111111111111
1
1
1.0204081632653061
1
1
1.04
1
1
1.0
1
1
1.0714285714285714
1
1
1.0
1
1
1.0
1
1
1.0188679245283019
1
1
1.0
1
1
1.0
1
1
1.0
1
1
1.0526315789473684
1
1
1.0
1
1
1.0125
1
1
1.0145985401459854
1
1
1.0
1
1
1.0
1
1
1.008849557522124
1
1
1.0
1
1
1.0
1
1
1.0149253731343284
1
1
1.0277777777777777
1
1
1.0
1
1
1.0
1
1
1.0
1
1
1.0
1
1
1.0555555555555556
1.0
1
1.0
1
1
1.0775862068965518
1
1
1.0
1
1
1.0
1
1
1.0
1
1
1.0
1
1
1.0
1
1
2.0
1
1
1
1
1
1
1
1
1
1
1
1
1
1
1
1
1
1
1
1
1
1
1
1
1
1
1
1
1
1
1
1
1
1
1
1
1
1
1
1
1
1
1
1
1
1
1
1
1
1
1
1
1
1
1
1
1
1
1
1
1
1
1
1
1
1
1
1
1
1
1
1
1
1
1
1
1
1
1
1
1
1
1
1
1
1
1
1
1
1
1
1
1
1
1
1
1
1
1
1
1
1
1
1
1
1
1
1
1
1
1
1
1
1
1
1
1
1
1
1
1
1
1
1
1
1
1
1
1
1
1
1
1
1
1
1
1
1
1
1
1
1
1
1
1
1
1
1
1
1
1
1
1
1
1
1
1
1
1
1
1
1
1
1
1
1
1
1
1
1
1
1
1
1
1
1
1
1
1
1
1
1
1
1
1
1
1
1
1
1
1
1
1
1
1
1
1
1
1
1
1
1
1
1
1
1
1
1
1
1
1
1
1
1
1
1
1
1
1
1
1
1
1
1
1
1
1
1
1
1
1
1
1
1
1
1
1
1
1
1
1
1
1
1
1
1
1
1
1
1
1
1
1
1
1
1
1
1
1
1
1
1
1
1
1
1
1
1
1
1
1
1
1
1
1
1
1
1
1
1
1
1
1
1
1
1
1
1
1
1
1
1
1
1
1
1
1
1
1
1
1
1
1
1
1
1
1
1
1
1
1
1
1
1
1
1
1
1
1
1
1
1
1
1
1
1
1
1
1
1
1
1
1
1
1
1
1
1
1
1
1
1
1
1
1
1
1
1
1
1
1
1
1
1
1
1
1
1
1
1
1
1
1
1
1
1
1
1
1
1
1
1
1
1
1
1
1
1
1
1
1
1
1
1
1
1
1
1
1
1
1
1
1
1
1
1
1
1
1
1
1
1
1
1
1
1
1
1
1
1
1
1
1
1
1
1
1
1
1
1
1
1
1
1
1
1
1
1
1
1
1
1
1
1
1
1
1
1
1
1
1
1
1
1
1
1
1
1
1
1
1
1
1
1
1
1
1
1
1
1
1
1
1
1
1
1
1
1
1
1
1
1
1
1
1
1
1
1
1
1
1
1
1
1
1
1
1
1
1
1
1
1
1
1
1
1
1
1
1
1
1
1
1
1
1
1
1
1
1
1
1
1
1
1
1
1
1
1
1
1
1
1
1
1
1
1
1
1
1
1
1
1
1
1
1
1
1
1
1
1
1
1
1
1
1
1
1
1
1
1
1
1
1
1
1
1
1
1
1
1
1
1
1
1
1
1
1
1
1
1
1
1
1
1
1
1
1
1
1
1
1
1
1
1
1
1
1
1
1
1
1
1
1
1
1
1
1
1
1
1
1
1
1
1
1
1
1
1
1
1
1
1
1
1
1
1
1
1
1
1
1
1
1
1
1
1
1
1
1
1
1
1
1
1
1
1
1
1
1
1
1
1
1
1
1
1
1
1
1
1
1
1
1
1
1
1
1
1
1
1
1
1
1
1
1
1
1
1
1
1
1
1
1
1
1
1
1
1
1
1
1
1
1
1
1
1
1
1
1
1
1
1
1
1
1
1
1
1
1
1
1
1
1
1
1
1
1
1
1
1
1
1
1
1
1
1
1
1
1
1
1
1
1
1
1
1
1
1
1
1
1
1
1
1
1
1
1
1
1
1
1
1
1
1
1
1
1
1
1
1
1
1
1
1
1
1
1
1
1
1
1
1
1
1
1
1
1
1
1
1
1
1
1
1
1
1
1
1
1
1
1
1
1
1
1
1
1
1
1
1
1
1
1
1
1
1
1
1
1
1
1
1
1
1
1
1
1
1
1
1
1
1
1
1
1
1
1
1
1
1
1
1
1
1
1
1
1
1
1
1
1
1
1
1
1
1
1
1
1
1
1
1
1
1
1
1
1
1
1
1
1
1
1
1
1
1
1
1
1
1
1
1
1
1
1
1
1
1
1
1
1
1
1
1
1
1
1
1
1
1
1
1
1
1
1
1
1
1
1
1
1
1
1
1
1
1
1
1
1
1
1
1
1
1
1
1
1
1
1
1
1
1
1
1
1
1
1
1
1
1
1
1
1
1
1
1
1
1
1
1
1
1
1
1
1
1
1
1
1
1
1
1
1
1
1
1
1
1
1
1
1
1
1
1
1
1
1
1
1
1
1
1
1
1
1
1
1
1
1
1
1
1
1
1
1
1
1
1
1
1
1
1
1
1
1
1
1
1
1
1
1
1
1
1
1
1
1
1
1
1
1
1
1
1
1
1
1
1
1
1
1
1
1
1
1
1
1
1
1
1
1
1
1
1
1
1
1
1
1
1
1
1
1
1
1
1
1
1
1
1
1
1
1
1
1
1
1
1
1
1
1
1
1
1
1
1
1
1
1
1
1
1
1
1
1
1
1
1
1
1
1
1
1
1
1
1
1
1
1
1
1
1
1
1
1
1
1
1
1
1
1
1
1
1
1
1
1
1
1
1
1
1
1
1
1
1
1
1
1
1
1
1
1
1
1
1
1
1
1
1
1
1
1
1
1
1
1
1
1
1
1
1
1
1
1
1
1
1
1
1
1
1
1
1
1
1
1
1
1
1
1
1
1
1
1
1
1
1
1
1
1
1
1
1
1
1
1
1
1
1
1
1
1
1
1
1
1
1
1
1
1
1
1
1
1
1
1
1
1
1
1
1
1
1
1
1
1
1
1
1
1
1
1
1
1
1
1
1
1
1
1
1
1
1
1
1
1
1
1
1
1
1
1
1
1
1
1
1
1
1
1
1
1
1
1
1
1
1
1
1
1
1
1
1
1
1
1
1
1
1
1
1
1
1
1
1
1
1
1
1
1
1
1
1
1
1
1
1
1
1
1
1
1
1
1
1
1
1
1
1
1
1
1
1
1
1
1
1
1
1
1
1
1
1
1
1
1
1
1
1
1
1
1
1
1
1
1
1
1
1
1
1
1
1
1
1
1
1
1
1
1
1
1
1
1
1
1
1
1
1
1
1
1
1
1
1
1
1
1
1
1
1
1
1
1
1
1
1
1
1
1
1
1
1
1
1
1
1
1
1
1
1
1
1
1
1
1
1
1
1
1
1
1
1
1
1
1
1
1
1
1
1
1
1
1
1
1
1
1
1
1
1
1
1
1
1
1
1
1
1
1
1
1
1
1
1
1
1
1
1
1
1
1
1
1
1
1
1
1
1
1
1
1
1
1
1
1
1
1
1
1
1
1
1
1
1
1
1
1
1
1
1
1
1
1
1
1
1
1
1
1
1
1
1
1
1
1
1
1
1
1
1
1
1
1
1
1
1
1
1
1
1
1
1
1
1
1
1
1
1
1
1
1
1
1
1
1
1
1
1
1
1
1
1
1
1
1
1
1
1
1
1
1
1
1
1
1
1
1
1
1
1
1
1
1
1
1
1
1
1
1
1
1
1
1
1
1
1
1
1
1
1
1
1
1
1
1
1
1
1
1
1
1
1
1
1
1
1
1
1
1
1
1
1
1
1
1
1
1
1
1
1
1
1
1
1
1
1
1
1
1
1
1
1
1
1
1
1
1
1
1
1
1
1
1
1
1
1
1
1
1
1
1
1
1
1
1
1
1
1
1
1
1
1
1
1
1
1
1
1
1
1
1
1
1
1
1
1
1
1
1
1
1
1
1
1
1
1
1
1
1
1
1
1
1
1
1
1
1
1
1
1
1
1
1
1
1
1
1
1
1
1
1
1
1
1
1
1
1
1
1
1
1
1
1
1
1
1
1
1
1
1
1
1
1
1
1
1
1
1
1
1
1
1
1
1
1
1
1
1
1
1
1
1
1
1
1
1
1
1
1
1
1
1
1
1
1
1
1
1
1
1
1
1
1
1
1
1
1
1
1
1
1
1
1
1
1
1
1
1
1
1
1
1
1
1
1
1
1
1
1
1
1
1
1
1
1
1
1
1
1
1
1
1
1
1
1
1
1
1
1
1
1
1
1
1
1
1
1
1
1
1
1
1
1
1
1
1
1
1
1
1
1
1
1
1
1
1
1
1
1
1
1
1
1
1
1
1
1
1
1
1
1
1
1
1
1
1
1
1
1
1
1
1
1
1
1
1
1
1
1
1
1
1
1
1
1
1
1
1
1
1
1
1
1
1
1
1
1
1
1
1
1
1
1
1
1
1
1
1
1
1
1
1
1
1
1
1
1
1
1
1
1
1
1
1
1
1
1
1
1
1
1
1
1
1
1
1
1
1
1
1
1
1
1
1
1
1
1
1
1
1
1
1
1
1
1
1
1
1
1
1
1
1
1
1
1
1
1
1
1
1
1
1
1
1
1
1
1
1
1
1
1
1
1
1
1
1
1
1
1
1
1
1
1
1
1
1
1
1
1
1
1
1
1
1
1
1
1
1
1
1
1
1
1
1
1
1
1
1
1
1
1
1
1
1
1
1
1
1
1
1
1
1
1
1
1
1
1
1
1
1
1
1
1
1
1
1
1
1
1
1
1
1
1
1
1
1
1
1
1
1
1
1
1
1
1
1
1
1
1
1
1
1
1
1
1
1
1
1
1
1
1
1
1
1
1
1
1
1
1
1
1
1
1
1
1
1
1
1
1
1
1
1
1
1
1
1
1
1
1
1
1
1
1
1
1
1
1
1
1
1
1
1
1
1
1
1
1
1
1
1
1
1
1
1
1
1
1
1
1
1
1
1
1
1
1
1
1
1
1
1
1
1
1
1
1
1
1
1
1
1
1
1
1
1
1
1
1
1
1
1
1
1
1
1
1
1
1
1
1
1
1
1
1
1
1
1
1
1
1
1
1
1
1
1
1
1
1
1
1
1
1
1
1
1
1
1
1
1
1
1
1
1
1
1
1
1
1
1
1
1
1
1
1
1
1
1
1
1
1
1
1
1
1
1
1
1
1
1
1
1
1
1
1
1
1
1
1
1
1
1
1
1
1
1
1
1
1
1
1
1
1
1
1
1
1
1
1
1
1
1
1
1
1
1
1
1
1
1
1
1
1
1
1
1
1
1
1
1
1
1
1
1
1
1
1
1
1
1
1
1
1
1
1
1
1
1
1
1
1
1
1
1
1
1
1
1
1
1
1
1
1
1
1
1
1
1
1
1
1
1
1
1
1
1
1
1
1
1
1
1
1
1
1
1
1
1
1
1
1
1
1
1
1
1
1
1
1
1
1
1
1
1
1
1
1
1
1
1
1
1
1
1
1
1
1
1
1
1
1
1
1
1
1
1
1
1
1
1
1
1
1
1
1
1
1
1
1
1
1
1
1
1
1
1
1
1
1
1
1
1
1
1
1
1
1
1
1
1
1
1
1
1
1
1
1
1
1
1
1
1
1
1
1
1
1
1
1
1
1
1
1
1
1
1
1
1
1
1
1
1
1
1
1
1
1
1
1
1
1
1
1
1
1
1
1
1
1
1
1
1
1
1
1
1
1
1
1
1
1
1
1
1
1
1
1
1
1
1
1
1
1
1
1
1
1
1
1
1
1
1
1
1
1
1
1
1
1
1
1
1
1
1
1
1
1
1
1
1
1
1
1
1
1
1
1
1
1
1
1
1
1
1
1
1
1
1
1
1
1
1
1
1
1
1
1
1
1
1
1
1
1
1
1
1
1
1
1
1
1
1
1
1
1
1
1
1
1
1
1
1
1
1
1
1
1
1
1
1
1
1
1
1
1
1
1
1
1
1
1
1
1
1
1
1
1
1
1
1
1
1
1
1
1
1
1
1
1
1
1
1
1
1
1
1
1
1
1
1
1
1
1
1
1
1
1
1
1
1
1
1
1
1
1
1
1
1
1
1
1
1
1
1
1
1
1
1
1
1
1
1
1
1
1
1
1
1
1
1
1
1
1
1
1
1
1
1
1
1
1
1
1
1
1
1
1
1
1
1
1
1
1
1
1
1
1
1
1
1
1
1
1
1
1
1
1
1
1
1
1
1
1
1
1
1
1
1
1
1
1
1
1
1
1
1
1
1
1
1
1
1
1
1
1
1
1
1
1
1
1
1
1
1
1
1
1
1
1
1
1
1
1
1
1
1
1
1
1
1
1
1
1
1
1
1
1
1
1
1
1
1
1
1
1
1
1
1
1
1
1
1
1
1
1
1
1
1
1
1
1
1
1
1
1
1
1
1
1
1
1
1
1
1
1
1
1
1
1
1
1
1
1
1
1
1
1
1
1
1
1
1
1
1
1
1
1
1
1
1
1
1
1
1
1
1
1
1
1
1
1
1
1
1
1
1
1
1
1
1
1
1
1
1
1
1
1
1
1
1
1
1
1
1
1
1
1
1
1
1
1
1
1
1
1
1
1
1
1
1
1
1
1
1
1
1
1
1
1
1
1
1
1
1
1
1
1
1
1
1
1
1
1
1
1
1
1
1
1
1
1
1
1
1
1
1
1
1
1
1
1
1
1
1
1
1
1
1
1
1
1
1
1
1
1
1
1
1
1
1
1
1
1
1
1
1
1
1
1
1
1
1
1
1
1
1
1
1
1
1
1
1
1
1
1
1
1
1
1
1
1
1
1
1
1
1
1
1
1
1
1
1
1
1
1
1
1
1
1
1
1
1
1
1
1
1
1
1
1
1
1
1
1
1
1
1
1
1
1
1
1
1
1
1
1
1
1
1
1
1
1
1
1
1
1
1
1
1
1
1
1
1
1
1
1
1
1
1
1
1
1
1
1
1
1
1
1
1
1
1
1
1
1
1
1
1
1
1
1
1
1
1
1
1
1
1
1
1
1
1
1
1
1
1
1
1
1
1
1
1
1
1
1
1
1
1
1
1
1
1
1
1
1
1
1
1
1
1
1
1
1
1
1
1
1
1
1
1
1
1
1
1
1
1
1
1
1
1
1
1
1
1
1
1
1
1
1
1
1
1
1
1
1
1
1
1
1
1
1
1
1
1
1
1
1
1
1
1
1
1
1
1
1
1
1
1
1
1
1
1
1
1
1
1
1
1
1
1
1
1
1
1
1
1
1
1
1
1
1
1
1
1
1
1
1
1
1
1
1
1
1
1
1
1
1
1
1
1
1
1
1
1
1
1
1
1
1
1
1
1
1
1
1
1
1
1
1
1
1
1
1
1
1
1
1
1
1
1
1
1
1
1
1
1
1
1
1
1
1
1
1
1
1
1
1
1
1
1
1
1
1
1
1
1
1
1
1
1
1
1
1
1
1
1
1
1
1
1
1
1
1
1
1
1
1
1
1
1
1
1
1
1
1
1
1
1
1
1
1
1
1
1
1
1
1
1
1
1
1
1
1
1
1
1
1
1
1
1
1
1
1
1
1
1
1
1
1
1
1
1
1
1
1
1
1
1
1
1
1
1
1
1
1
1
1
1
1
1
1
1
1
1
1
1
1
1
1
1
1
1
1
1
1
1
1
1
1
1
1
1
1
1
1
1
1
1
1
1
1
1
1
1
1
1
1
1
1
1
1
1
1
1
1
1
1
1
1
1
1
1
1
1
1
1
1
1
1
1
1
1
1
1
1
1
1
1
1
1
1
1
1
1
1
1
1
1
1
1
1
1
1
1
1
1
1
1
1
1
1
1
1
1
1
1
1
1
1
1
1
1
1
1
1
1
1
1
1
1
1
1
1
1
1
1
1
1
1
1
1
1
1
1
1
1
1
1
1
1
1
1
1
1
1
1
1
1
1
1
1
1
1
1
1
1
1
1
1
1
1
1
1
1
1
1
1
1
1
1
1
1
1
1
1
1
1
1
1
1
1
1
1
1
1
1
1
1
1
1
1
1
1
1
1
1
1
1
1
1
1
1
1
1
1
1
1
1
1
1
1
1
1
1
1
1
1
1
1
1
1
1
1
1
1
1
1
1
1
1
1
1
1
1
1
1
1
1
1
1
1
1
1
1
1
1
1
1
1
1
1
1
1
1
1
1
1
1
1
1
1
1
1
1
1
1
1
1
1
1
1
1
1
1
1
1
1
1
1
1
1
1
1
1
1
1
1
1
1
1
1
1
1
1
1
1
1
1
1
1
1
1
1
1
1
1
1
1
1
1
1
1
1
1
1
1
1
1
1
1
1
1
1
1
1
1
1
1
1
1
1
1
1
1
1
1
1
1
1
1
1
1
1
1
1
1
1
1
1
1
1
1
1
1
1
1
1
1
1
1
1
1
1
1
1
1
1
1
1
1
1
1
1
1
1
1
1
1
1
1
1
1
1
1
1
1
1
1
1
1
1
1
1
1
1
1
1
1
1
1
1
1
1
1
1
1
1
1
1
1
1
1
1
1
1
1
1
1
1
1
1
1
1
1
1
1
1
1
1
1
1
1
1
1
1
1
1
1
1
1
1
1
1
1
1
1
1
1
X
Common: Mean, Std: 0.9699412488044815, 2.9120033017203735
Nunis: Mean, Std: 53.100696816504986, 44.7219503923741
Center
Common: Mean, Std: 27.24356571714143, 32.279118448857716
Nunis: Mean, Std: 27.24356571714143, 32.279118448857716
using Node2vec walk...
Write walks
Write user_checkins
Write embs_ini
Write neg_user_samples
Write neg_checkins_samples
Num u 16013
Num w 320260
Walk length 80
Num n 29598
Dim_emb 256
table_size_social 999114
table_size_mobility1 999101
table_size_mobility2 1000001
table_size_mobility3 999976
table_size_mobility4 1000005
starting_alpha : 0.0005
num_neg : 10
win_size : 10
num_epoch : 1
num_threads : 12
mobility_ratio : 0.7
Current ACC
0.0274|0.0520
0.0209|0.0772
0.0128|0.1191
0.0088|0.1701
0.0059|0.2366
