Namespace(K_neg=5, POI_level='3', alpha=0.1, beta=0.1, bias_randomwalk=True, connect_center=False, dataset_name='hongzhi', dim_emb=32, input_type='persona_POI', learning_rate=0.001, mobility_ratio=0.2, num_epochs=1, num_walks=10, p_n2v=0.8, q_n2v=0.6, test=False, walk_length=80, win_size=10, workers=14)
Number of edges before: 7316
Number of edges after: 23329
N_users: 16013, N_total: 29598
Build user checkins dictionary...
Performing random walks on hypergraph...
1.0
2.0
1
1
1.0
1
1
1
1
1.0
1
1
1.0
1
1
1.0
1
1
1.0
1
1
1
1
1
1.0416666666666667
1.03125
1.0
1.0416666666666667
1.0
1.0
1.0
1.0
1.0
1.0
1.0
1.0
1.0434782608695652
1.0
1.0
1.037037037037037
1.0
1.0
1.0
1.0
1.0
1.0
1.0
1.0
1.0
1.0192307692307692
1.0
1.0
1.0
1.0
1.0
1.0
1.0
1.0
1.0
1.0
1.0
1.0
1.0
1.0
1.0
1.0357142857142858
1.0265486725663717
1.0
1.0344827586206897
1.0
1.0
1.0
1.0
1.0
1.0232558139534884
1.0
1.0
1.0185185185185186
1.0
1.0
1.0
1.0
1.0
1.0
1.0
1.0
1.0
1.0384615384615385
1.0
1.0
1.0
1.0
1.0
1.0
1.0
1.0212765957446808
1.0
1
1.0
1.0
1
1
1
1
1.0
1
1
1.0
1.0338983050847457
1
1.0357142857142858
1
1.0
1.0
1
1.0
1
1.0
1
1
1
1
1
1
1
1
1
1
1
1.0
1
1.0434782608695652
1
1
1.015625
1.0
1
1.0375
1
1
1
1
1.0526315789473684
1
1
1.0
1
1
1.0
1
1
1.0
1
1
1
1
1
1.0263157894736843
1
1
1.0
1
1
1.05
1
1
1
1
1
1.0
1
1.0
1.0
1.0
1.1666666666666667
1
1.0
1.0
1.0
1.0
1
1.0555555555555556
1
1
1.0
1.0169491525423728
1
1.0434782608695652
1
1.0344827586206897
1
1
1.0
1
1
1
1
1
1.0
1
1
1.0
1.0
1
1.0
1
1
1.1428571428571428
1
1
1
1
1
1.0
1
1
1.0
1
1.0
1
1
1
1
1
1
1
1
1.0416666666666667
1
1
1.0
1
1
1.5
1
1
1.0
1
1
1
1.0
1
1.0
1
1.0
1
1
1
1
1
1
1
1.0
1
1
1
1
1
1.0
1.0285714285714285
1.0
1
1.0
1
1.0
1.0277777777777777
1
1.0
1
1.0
1
1
1.2
1
1
1.12
1
1
1.0
1
1
1.0625
1.0333333333333334
1
1.0731707317073171
1
1
1
1
1
1
1
1.0
1
1
1.0
1.0208333333333333
1.0
1.0
1
1.0
1
1
1
1
1
1.0
1.0
1
1
1.0
1
1
1
1
1
1.1363636363636362
1
1
1.0
1
1
1
1
1
1
1
1.0
1
1
1.0
1
1
1.0263157894736843
1.0
1
1.0
1
1.0
1
1
1.0256410256410255
1
1
1.0
1.0
1
1.1666666666666667
1
1
1
1
1.0
1
1
1
1
1
1.0
1.0
1.0
1
1
1.0175438596491229
1.0
1
1.0
1
1
1.0
1
1
1.0
1
1
1.0
1
1
1.0
1
1
1
1
1.0
1
1
1.0
1
1
1
1
1
1
1
1.0
1
1
1.0
1
1
1
1
1
1
1.0
1
1
1.0357142857142858
1
1
1.0
1
1
1
1
1
1
1
1
1.0
1
1.0
1
1
1
1
1
1.0
1
1.0
1
1
1
1.0
1
1
1.0
1
1
1.0
1
1
1.0
1.0
1
1.044776119402985
1
1
1
1
1.0
1
1
1.0365853658536586
1
1
1
1
1
1
1.0
1
1
1.0
1
1
1.0769230769230769
1
1
1.0
1.0
1.0
1.0
1.0360360360360361
1.0
1.0
1
1.0
1
1
1.0185185185185186
1
1
1
1
1
1
1.0
1
1.0
1
1
1
1
1
1.0
1
1
1.0
1
1
1
1
1
1.0
1
1
1.0
1
1
1
1
1.0
1
1
1
1
1
1
1
1
1.0
1
1
1.0
1
1
1.1
1.0
1
1.0
1.0555555555555556
1
1.1111111111111112
1
1
1
1
1
1
1.0
1.0
1
1
1
1.0
1
1
1.0
1.0
1
1.0
1
1.0
1
1.0
1.0
1.0
1
1
1.0
1
1
1
1
1.0
1
1
1.0
1
1.0
1
1
1
1
1
1.0
1
1.0208333333333333
1
1
1
1
1
1.0188679245283019
1
1
1
1
1
1.0
1
1
1.0588235294117647
1.0
1
1.08
1
1
1
1
1.0
1
1
1.0
1
1.0
1
1
1
1
1
1
1
1
1.0
1
1
1.0
1
1
1.0
1.0
1
1
1
1
1
1
1.05
1
1
1
1
1
1.0
1
1
1
1
1
1.0
1
1
1
1
1
1.0178571428571428
1
1
1
1
1
1.0
1
1
1.0196078431372548
1
1.0
1.0689655172413792
1
1.0
1
1
1
1
1
1.0
1
1
1
1
1.0227272727272727
1
1
1.0
1
1.0
1
1
1
1
1
1.0151515151515151
1
1
1
1.0
1
1
1.0
1.0526315789473684
1
1.0
1
1
1
1
1
1.0416666666666667
1
1
1.0
1
1.0
1.0625
1
1.0357142857142858
1
1
1
1
1
1
1
1.0
1
1
1.0
1
1
1
1
1
1
1
1
1
1
1.0
1
1
1.0
1.0571428571428572
1
1.0
1
1
1
1
1.0
1.0
1
1.0625
1
1.0
1
1
1.0
1
1
1
1
1
1
1.0169491525423728
1
1
1
1
1
1
1.0
1
1
1.0185185185185186
1
1
1
1.0
1
1
1
1.0
1
1
1.0
1
1
1
1
1
1.0
1
1
1.0
1
1
1.0
1
1
1.0
1
1
1
1
1
1
1.0
1
1
1
1
1
1.0
1
1
1
1.0
1
1.0
1
1.0
1
1
1.0
1
1
1
1
1
1.0
1
1
1.0
1
1
1.0
1
1
1.0
1
1
1.0
1
1
1.0
1
1
1.0
1
1
1.0
1
1
1
1
1
1
1
1
1.0
1
1
1.0
1
1
1.3333333333333333
1
1
1
1
1
1.0
1
1
1
1
1
1.0517241379310345
1
1
1
1
1
1
1.0
1
1
1
1
1
1
1
1.0
1
1
1
1
1.0526315789473684
1
1
1
1.0
1
1
1.0
1
1
1.0
1
1
1
1
1
1.0
1
1
1
1.009433962264151
1
1
1.0
1
1
1.0
1
1
1.0
1
1
1.0416666666666667
1
1
1.0
1
1
1.0
1
1
1
1
1.0
1.0
1
1.0089285714285714
1
1.0
1
1
1
1
1.04
1
1
1.0
1
1
1
1
1
1
1
1
1
1
1
1
1.03125
1
1
1.030612244897959
1
1
1
1
1
1.0
1
1
1.0
1
1.0192307692307692
1
1
1
1
1
1.0714285714285714
1
1
1
1
1
1
1
1.0
1
1
1.0
1
1
1
1
1
1.0357142857142858
1
1
1.0
1
1
1
1
1
1.0285714285714285
1
1
1.0
1
1
1
1
1
1.0555555555555556
1
1
1
1.0
1
1
1.0
1
1
1
1.0555555555555556
1
1
1
1.0533333333333332
1
1
1.0
1
1.0
1
1
1
1
1
1
1.0120481927710843
1
1
1
1
1
1.0
1
1
1
1.0
1
1.0
1
1
1
1
1
1
1.0
1.0
1.0
1
1
1.0
1
1
1.0
1
1
1.0
1
1
1.0
1
1
1
1.0
1
1
1
1
1
1
1.0
1
1
1.0
1
1
1
1
1
1
1
1.0
1
1
1.0
1
1
1.0
1
1
1.0
1
1
1
1
1
1
1.0
1.0
1.1325301204819278
1.0
1
1
1
1
1
1
1
1
1
1
1
1.0333333333333334
1
1
1
1
1
1.0
1
1
1
1
1
1
1.0256410256410255
1
1
1.0
1
1
1
1.0
1
1
1
1
1
1
1
1
1.0
1
1.0
1.0
1
1
1.0
1.0
1.0
1.0
1
1.0
1.0
1
1
1
1
1
1
1.0
1
1
1
1.0833333333333333
1
1
1
1
1
1
1
1
1.0188679245283019
1
1
1
1
1
1
1
1
1
1
1.027027027027027
1
1
1.058139534883721
1.0588235294117647
1.0483870967741935
1.0
1.1267605633802817
1.0
1.0357142857142858
1.0
1.0
1.0377358490566038
1.16
1.0153846153846153
1.0434782608695652
1.108910891089109
1
1.0097087378640777
1
1
1.0357142857142858
1
1
1
1
1
1.0909090909090908
1
1
1.0
1
1
1
1.125
1
1
1.0
1
1
1
1
1
1
1.0
1
1
1
1
1
1
1
1
1
1
1
1.0
1
1
1
1
1
1
1
1
1
1
1.0512820512820513
1
1
1
1
1
1
1.0
1
1
1
1
1
1.0
1.0
1
1
1
1
1
1.0
1
1
1.0
1
1
1.0
1
1
1
1
1
1
1.0
1
1
1.0
1
1
1.0566037735849056
1.0649350649350648
1
1.0
1.0666666666666667
1
1.0
1
1
1
1
1.0833333333333333
1
1
1.0
1
1
1
1
1
1.0
1
1
1.0
1
1
1.0
1
1
1.0
1
1
1.0
1
1
1.0
1
1
1
1
1
1
1
1
1.011111111111111
1
1
1.0666666666666667
1
1
1
1
1
1
1
1
1
1
1
1
1
1
1
1
1
1
1
1
1.0185185185185186
1
1
1
1
1
1.0
1
1
1
1
1
1.0454545454545454
1.046875
1
1.02
1
1.0227272727272727
1
1
1
1
1
1
1.0
1
1
1.02
1
1
1.0461538461538462
1
1
1.04
1
1
1
1
1
1.0
1
1
1
1
1
1.0123456790123457
1
1
1
1
1
1.0909090909090908
1
1
1.1923076923076923
1
1
1.0
1.0
1.088235294117647
1
1.0
1.0
1.0
1
1
1
1
1
1.0
1.0
1.0
1.0
1.0
1
1.0208333333333333
1
1
1.0476190476190477
1.0
1.0
1.0923076923076924
1.0754716981132075
1.0384615384615385
1
1.0
1
1
1.0
1
1
1.15
1
1
1
1
1
1
1
1
1.02
1
1
1.0256410256410255
1
1
1
1
1
1.0
1.0
1
1
1
1.0
1
1.0
1
1
1
1
1
1.0
1
1
1
1
1
1
1
1
1.0
1
1
1.0
1
1
1
1
1
1
1
1.0
1
1
1.0
1
1
1.0
1
1
1.0
1
1
1.0149253731343284
1
1
1.25
1
1
1
1
1
1
1
1
1
1
1
1
1
1
1
1
1
1.0
1
1
1.0363636363636364
1
1
1.0140845070422535
1
1
1
1
1
1.0416666666666667
1
1
1.0
1
1
1
1
1
1
1
1
1
1
1
1
1
1
1.02
1.048780487804878
1
1.0422535211267605
1.0136986301369864
1.0427350427350428
1.02
1
1.0512820512820513
1
1
1.0476190476190477
1.15
1.0654205607476634
1.075
1.0
1.0571428571428572
1
1.0
1
1
1.0851063829787233
1
1
1.0172413793103448
1
1
1.0
1
1
1.1125
1
1
1.0
1
1
1.0
1
1
1.0289855072463767
1
1
1.0
1.0108695652173914
1
1.0
1
1.0149253731343284
1
1
1
1
1
1
1.0483870967741935
1
1
1.0416666666666667
1
1
1.0188679245283019
1
1
1
1
1
1
1
1
1.0
1
1
1.0
1
1
1.04
1
1
1
1
1
1
1
1
1.1666666666666667
1
1
1
1
1
1.0
1
1
1.0
1
1
1.0
1
1
1
1
1
1.074074074074074
1
1
1.0161290322580645
1
1
1.0588235294117647
1
1
1
1
1
1.0769230769230769
1
1
1.0
1.0196078431372548
1.0416666666666667
1
1.0
1.0
1
1.0
1.0
1.0
1.0
1.0
1
1.0
1.0
1.0
1.0
1
1.0
1.0
1
1.0
1.0
1.0
1.0
1
1.0
1
1.0
1
1.0
1.0
1
1
1
1.0
1.0
1.0
1.0
1.0
1.0
1
1.0
1
1.0
1.0
1.0
1.0
1.0
1
1
1.0
1.0
1
1.0
1.0
1.0
1.0
1.0
1.0
1.0
1.0
1.0
1
1
1
1
1.0
1.0
1
1
1
1
1
1.0
1
1
1
1
1.0873015873015872
1
1
1.0
1
1
1.0
1
1
1.04
1
1
1
1
1
1.0
1
1
1.1666666666666667
1
1
1
1
1
1.027027027027027
1
1
1.0
1
1
1.0
1.0
1.0
1.0769230769230769
1.0
1.0
1.0
1.0
1.0
1
1.0
1.0
1
1
1
1
1
1
1.0
1
1.0
1.0
1
1.0
1
1
1
1
1
1
1
1
1
1
1
1
1
1
1
1
1.0666666666666667
1.0
1
1
1
1
1
1.0
1
1
1.0277777777777777
1
1
1
1
1
1
1
1
1
1
1
1
1
1
1.0
1
1
1.0
1
1
1
1
1
1
1
1
1.0
1.0
1.0
1
1.0
1
1
1
1
1
1.0
1
1
1
1
1
1.0476190476190477
1
1
1
1
1
1
1
1
1
1
1
1
1
1
1.0
1.0
1
1.0172413793103448
1
1
1.0
1
1.0
1
1
1
1
1
1
1
1
1
1
1
1
1
1.0416666666666667
1.0
1.0
1.0
1
1.0135135135135136
1
1
1.0384615384615385
1
1
1
1
1
1
1
1
1
1
1
1
1
1
1.0
1
1
1
1
1
1
1
1
1
1
1
1.0
1
1
1.0
1
1
1.0454545454545454
1
1
1.0
1
1
1
1
1
1
1
1
1.0
1
1
1
1
1
1.0227272727272727
1
1
1.0377358490566038
1
1
1.0169491525423728
1
1
1.0307692307692307
1
1
1.0476190476190477
1
1
1
1
1
1.0425531914893618
1
1
1.0277777777777777
1
1
1
1
1
1.0285714285714285
1
1
1.0338983050847457
1
1
1.1168831168831168
1
1
1
1
1
1
1
1
1
1
1
1.0
1
1
1
1
1
1
1
1
1.0
1
1
1.0
1
1
1
1
1
1.0
1
1
1
1
1
1
1.2222222222222223
1
1
1
1
1
1.007936507936508
1
1
1.0
1
1
1.0
1
1
1.0
1.0
1
1.1219512195121952
1.0689655172413792
1.0
1
1.0545454545454545
1.0
1
1.0
1.0
1
1.0142857142857142
1
1.0
1
1
1
1.0
1
1
1
1
1
1
1
1
1.0196078431372548
1
1
1
1
1
1.0172413793103448
1
1
1.0
1
1
1
1
1
1.0
1
1
1.0
1
1
1.0
1
1
1.0
1
1
1.0930232558139534
1
1
1
1
1
1.0566037735849056
1
1
1.0
1
1
1.0
1
1
1
1
1
1.0113636363636365
1
1
1.0
1
1
1.0
1
1
1.0
1
1
1.0
1
1
1
1
1
1.0333333333333334
1
1
1.0
1
1
1
1
1
1.0
1
1
1
1.0238095238095237
1
1
1
1.037037037037037
1
1
1
1
1
1.0
1
1
1
1.0476190476190477
1
1
1.0363636363636364
1
1
1.018181818181818
1
1
1.1111111111111112
1
1
1.0
1
1
1.0512820512820513
1
1
1.1538461538461537
1
1
1
1
1
1
1
1
1
1
1
1
1
1
1
1
1
1.0
1
1
1.0
1
1
1
1
1
1
1
1
1
1
1
1.0
1
1
1
1
1
1
1
1
1
1
1
1.025
1
1
1.0
1
1
1.0
1
1
1.0
1
1
1.0
1
1
1.0
1
1
1.0
1
1
1.04
1
1
1.0
1
1
1
1
1
1.0
1.0
1.0
1.0
1.0
1.0
1
1
1
1
1
1
1
1.0277777777777777
1
1
1
1
1
1
1
1.0909090909090908
1
1
1
1
1
1
1
1
1
1.0
1
1
1.1
1
1
1.0
1.1573033707865168
1
1.0
1
1.1052631578947367
1
1
1.1956521739130435
1
1
1.2
1
1
1
1.1
1
1
1.2142857142857142
1
1
1
1
1
1.0
1
1
1.0
1
1
1.0
1
1
1
1
1
1
1
1
1.0
1
1
1.0
1.0
1.0
1.0
1
1.0394736842105263
1.0327868852459017
1.0192307692307692
1.0
1.0135135135135136
1.0
1.1044776119402986
1.0357142857142858
1
1.0196078431372548
1
1.0
1
1
1.0
1
1
1
1
1
1
1
1
1.0
1
1
1.0
1
1
1.0
1
1
1.0
1
1
1
1
1
1.0
1
1
1
1
1
1.0
1
1
1.0
1
1
1.0
1
1.0
1
1
1.0
1
1
1
1
1.0
1
1
1
1
1
1.0
1
1
1.0
1
1
1.0
1
1
1.0
1
1
1.0
1
1
1
1
1
1.0
1
1
1.0
1
1
1.0
1
1
1
1
1
1
1
1
1
1
1
1
1
1
1
1
1
1
1
1.0
1
1
1
1
1
1.0
1
1
1.0
1
1
1
1
1
1.0
1
1
1.0
1
1
1.0
1
1
1
1
1
1
1
1
1
1.0
1
1
1.0
1
1
1.0
1
1
1.0
1.018181818181818
1.0
1
1
1
1
1
1
1
1
1.0
1.0
1
1.45
1
1
1.0
1
1
1.0
1
1
1
1
1
1
1
1
1
1
1
1.0
1
1
1.0
1
1
1
1
1
1
1
1
1
1
1
1
1
1
1
1
1
1.0
1
1
1.0
1
1
1.0
1
1
1.0
1
1
1.0
1
1
1
1
1
1.0
1
1.0
1
1.0
1
1
1.0
1
1
1.0
1
1
1.0
1
1
1.0847457627118644
1
1
1
1
1
1
1
1
1.0
1
1
1
1
1
1
1
1
1
1
1
1.0
1.0
1.0
1
1.0
1.0
1
1.0
1
1
1.0
1.0
1
1.3333333333333333
1
1.0108695652173914
1
1
1.0285714285714285
1
1
1
1.0
1.0
1
1.0
1.0
1
1.0
1.0
1
1.0
1
1.0
1
1
1
1
1
1.0
1
1
1.0
1
1
1.032258064516129
1
1.0
1
1.0
1
1
1.0
1
1
1.0
1
1
1.0
1
1
1.0
1
1
1.0
1.0163934426229508
1
1.0196078431372548
1
1.0
1
1
1.0666666666666667
1
1
1.0
1
1
1.0
1
1
1.0476190476190477
1.0
1
1.0
1.088235294117647
1
1.0512820512820513
1
1
1
1
1
1.0526315789473684
1
1
1.0357142857142858
1.0
1.0303030303030303
1
1
1
1
1.0
1
1
1
1.0344827586206897
1
1
1
1
1
1
1
1
1.0
1
1
1.0
1
1
1.0277777777777777
1
1
1.0125
1
1
1
1
1
1.074074074074074
1
1
1
1
1
1
1
1
1
1
1
1.064516129032258
1
1
1.0
1
1
1.0
1
1
1.0
1
1
1
1
1
1
1
1
1.0
1
1
1
1
1
1
1
1
1.0263157894736843
1
1
1.0
1
1
1.0232558139534884
1
1
1
1
1
1.0
1
1
1
1
1
1
1
1
1.0
1
1
1.0196078431372548
1
1
1
1.0
1
1.0
1
1
1
1.0
1
1
1.0
1
1.0
1.0
1
1
1
1
1.0
1
1
1
1
1
1
1
1
1
1
1
1
1
1
1
1
1
1
1
1
1
1
1
1
1
1
1
1
1
1
1
1
1
1
1
1
1.0
1
1
1.0
1
1
1.0
1
1
1
1
1
1
1
1
1.0
1.1
1
1
1
1
1.0
1
1
1
1
1
1
1
1
1
1.0555555555555556
1
1
1
1
1
1.0
1
1
1.0
1
1
1.0
1
1
1.0588235294117647
1.0
1
1.0588235294117647
1
1
1
1
1.0476190476190477
1
1
1
1.0526315789473684
1
1
1.0
1
1
1
1
1
1.1818181818181819
1
1
1.0
1
1
1.0232558139534884
1
1
1.0
1
1
1.0
1
1
1
1
1
1
1
1
1.0422535211267605
1
1
1
1
1
1.0307692307692307
1
1
1.0208333333333333
1
1
1.0555555555555556
1
1
1
1
1
1.0377358490566038
1
1
1.0192307692307692
1
1
1.0
1
1
1.0
1
1
1.0
1
1
1
1
1
1
1
1
1
1
1
1
1
1
1.0
1
1
1.0574712643678161
1
1
1.0333333333333334
1
1
1.0
1
1
1.0
1
1
1.0
1
1
1.0
1
1
1.0
1
1
1
1
1
1.0508474576271187
1
1
1.0
1
1
1.0
1
1
1
1
1
1.0
1.043010752688172
1
1.0434782608695652
1.0
1.0
1.0
1.0
1.0
1.0606060606060606
1
1.0789473684210527
1.0595238095238095
1.0142857142857142
1
1.0303030303030303
1
1
1.096774193548387
1
1
1.0666666666666667
1
1
1.0731707317073171
1
1
1
1
1
1.0576923076923077
1
1
1.0
1
1.0454545454545454
1
1
1.0588235294117647
1
1
1
1
1
1.0
1
1
1
1
1
1.0
1
1
1.0454545454545454
1.0
1
1.0
1
1.0
1
1
1.0769230769230769
1
1
1
1
1
1
1
1
1.2
1
1
1
1
1
1
1.0
1
1
1
1
1
1
1
1
1
1
1
1
1
1
1
1
1
1.0
1
1
1
1
1
1.069767441860465
1
1
1
1
1
1.024390243902439
1
1
1
1
1
1.04
1
1
1.0
1.2727272727272727
1
1.0
1
1
2.0
1
1
1.0
1
1
1.0
1
1
1
1
1
1.0769230769230769
1
1
1.0789473684210527
1
1
1
1
1
1.0263157894736843
1
1
1.0384615384615385
1
1
1
1
1
1
1
1
1
1
1
1.0256410256410255
1
1
1
1
1
1
1
1
1.0
1
1
1.0163934426229508
1
1
1.5
1
1
1.0
1
1
1.0
1
1
1
1
1
1.0333333333333334
1.0
1
1.0
1
1
1
1
1
1.0222222222222221
1
1
1.0
1
1
1.0
1
1
1.0
1
1
1.0
1
1
1.0222222222222221
1
1
1.0444444444444445
1
1
1.2105263157894737
1.1592356687898089
1.2058823529411764
1.0566037735849056
1.110236220472441
1.2113821138211383
1.0
1.0121951219512195
1.0425531914893618
1
1.0238095238095237
1.0
1.0
1.0
1.1647058823529413
1.1746987951807228
1
1.0655737704918034
1.01
1.0902255639097744
1.0
1.0091743119266054
1.035
1.1715686274509804
1.0155038759689923
1.00990099009901
1.1388888888888888
1.043103448275862
1.01
1
1.1666666666666667
1.0
1
1.0338983050847457
1.0309278350515463
1.0684931506849316
1.0806451612903225
1.0
1.1379310344827587
1.0410958904109588
1
1.098901098901099
1
1.0120481927710843
1
1
1.043010752688172
1.056338028169014
1.028169014084507
1.0
1
1.0
1.0588235294117647
1
1.1775700934579438
1
1.077922077922078
1
1.0
1.0
1.0
1.0
1.0
1.0
1
1.0
1
1
1.0
1
1
1.0
1
1
1.0
1
1
1.0
1.0135135135135136
1
1.0
1
1
1
1
1
1
1
1
1
1
1
1.0192307692307692
1
1
1
1
1
1.11875
1
1
1.0795454545454546
1
1
1.0175438596491229
1.0
1.0256410256410255
1
1.0
1
1.0666666666666667
1.0
1
1.0833333333333333
1
1.0551181102362204
1
1
1.0
1
1
1.0476190476190477
1
1
1
1
1
1.125
1
1
1
1
1
1
1
1
1.0
1
1
1
1
1
1.0294117647058822
1
1
1.0638297872340425
1
1
1.0625
1
1
1.0151515151515151
1
1
1.0666666666666667
1
1
1.0666666666666667
1
1
1.5
1
1
1.0555555555555556
1
1
1.0
1
1
1.1
1
1
1.1136363636363635
1
1
1.0625
1
1
1.037037037037037
1
1
1.0
1
1
1.0140845070422535
1.0
1.0289855072463767
1
1.0
1.0266666666666666
1.0
1.0212765957446808
1.0196078431372548
1
1.1428571428571428
1
1
1
1
1
1
1.0444444444444445
1
1.0161290322580645
1.032258064516129
1
1.0377358490566038
1.0
1.0103092783505154
1.0
1.0
1.0
1.0
1.0
1.0151515151515151
1.0
1
1
1
1
1.0151515151515151
1.0294117647058822
1.0
1
1.0256410256410255
1
1
1.04
1
1
1.0
1
1
1.125
1
1
1
1
1
1
1
1
1.0178571428571428
1
1
1.048780487804878
1
1
1
1
1
1.1
1
1
1.0909090909090908
1
1
1.0
1
1
1.0
1
1
1.0
1
1
1.0
1
1
1.0
1
1
1
1
1
1.0
1
1
1
1
1
1.0
1
1
1.0
1
1
1.0
1
1
1.0
1
1
1.0
1
1
1.0
1
1
1.0
1
1
1.0
1
1
1.0
1
1
1
1
1
1
1
1
1
1
1
1.0
1
1
1
1
1
1
1
1
1.0277777777777777
1.0144927536231885
1
1.0
1
1.1
1
1
1
1
1
1
1
1
1
1
1
1
1
1
1
1
1
1
1.0
1
1
1
1
1
1.0
1
1
1.0
1
1
1.0
1
1
1.0
1
1
1.0196078431372548
1
1
1.0
1.0
1
1.025974025974026
1
1
1
1
1
1
1
1
1.0
1
1
1
1
1
1
1
1
1.0
1
1
1
1
1
1
1
1
1
1
1
1.0
1
1
1
1
1
1
1
1
1.0
1
1
1.0357142857142858
1
1
1.103448275862069
1
1
1.0
1
1
1.0
1
1
1.0
1
1.0294117647058822
1
1
1
1
1
1.0
1
1
1.108695652173913
1
1
1.0869565217391304
1.0
1
1.0
1
1
1.0434782608695652
1
1
1
1
1
1
1.0892857142857142
1
1.0
1.0
1.0909090909090908
1.0
1.0606060606060606
1.0285714285714285
1.0
1.0454545454545454
1.0
1.0
1.0
1.0
1.0476190476190477
1.04
1.0
1.0
1.0208333333333333
1
1
1
1
1.0596026490066226
1
1
1
1
1
1.0357142857142858
1
1
1.0
1
1
1
1
1
1.0
1
1
1
1
1
1
1
1
1.037037037037037
1
1
1.0689655172413792
1
1
1.0
1
1
1.0
1
1
1.0526315789473684
1
1
1.0
1
1
1.0
1
1.0
1.0
1
1
1
1
1.0606060606060606
1
1
1.0
1
1
1.0
1
1
1.0
1
1
1.0
1.0875
1
1.0
1
1.02020202020202
1
1
1.025
1.0
1
1.0
1
1
1
1.1
1
1
1.0
1.0
1.0
1
1
1
1
1
1.0
1
1
1.0
1
1
1
1.0588235294117647
1
1
1.0727272727272728
1
1
1
1
1
1.0078740157480315
1
1
1.0
1
1
1.0
1
1
1
1
1
1.0444444444444445
1
1
1
1
1
1.0
1
1
1
1
1
1
1.0
1.0
1.0
1.0
1
1.0
1.0
1
1
1
1.0
1.0
1
1
1.0
1.0
1
1
1.0
1.0
1.0
1
1.0
1.0
1.0
1.0
1
1.0
1
1
1.0
1.0
1.0
1.0
1
1.0
1
1
1
1
1
1
1
1.0
1
1
1.0
1
1
1
1
1
1.0
1
1
1.0
1
1
1
1
1
1
1
1
1
1
1
1.0526315789473684
1
1
1.0526315789473684
1
1
1.0526315789473684
1
1
1.09375
1
1
1
1
1
1.0
1
1
1.013157894736842
1
1
1
1
1
1.09009009009009
1
1
1
1
1
1
1
1
1.0
1
1
1.02
1
1
1.0
1
1
1
1
1
1.0
1
1
1
1
1
1
1
1
1.0
1.0
1
1.0909090909090908
1
1.0
1
1.0
1
1.2
1
1
1.0
1
1
1
1
1
1
1
1
1.0222222222222221
1
1
1
1
1
1.1210191082802548
1
1
1
1
1
1.1818181818181819
1
1
1.0
1
1
1.0
1
1
1.04
1
1
1.0909090909090908
1
1
1.0
1
1
1.0
1
1
1.0555555555555556
1
1
1
1
1
1
1
1
1
1
1
1
1
1
1
1
1
1
1.0
1
1
1
1
1
1
1
1
1
1
1
1.0333333333333334
1
1
1
1.0
1
1
1.0
1
1
1
1
1
1
1
1
1.0
1
1
1.0126582278481013
1
1
1
1
1
1.5
1
1
1.1851851851851851
1
1
1
1
1
1.0
1
1
1.0517241379310345
1
1
1.0
1
1
1.0
1
1
1
1
1
1
1
1
1.0416666666666667
1
1
1.0277777777777777
1
1
1.0405405405405406
1
1
1.0
1
1.0
1
1
1.0
1
1
1
1
1
1
1.0
1
1
1.0
1
1
1
1
1
1
1
1
1.0625
1
1
1.0476190476190477
1
1
1
1
1
1.0
1
1
1
1
1
1.0561797752808988
1
1
1
1.0
1
1
1.0340909090909092
1
1
1
1
1
1.037037037037037
1
1
1.0510204081632653
1
1
1.010752688172043
1
1.0512820512820513
1
1.0
1.0666666666666667
1.0333333333333334
1
1.0
1.0
1
1
1.0
1
1
1
1
1
1
1
1
1
1.0116279069767442
1
1
1.0277777777777777
1
1
2.0
1
1
1
1
1
1
1
1
1
1
1
1
1
1
1
1
1
1
1
1
1.0704225352112675
1.0172413793103448
1
1.0792079207920793
1
1
1
1
1.0588235294117647
1
1
1
1.0952380952380953
1
1
1.0
1
1
1
1
1
1.0
1
1
1.0
1
1
1
1
1
1.0
1
1
1
1
1
1.0
1
1
1
1
1
1.0
1
1
1.0
1
1
1
1
1
1
1
1
1.0
1
1
1
1
1
1
1
1
1
1
1
1
1
1
1.0
1
1
1
1
1
1.0
1
1
1.0
1
1
1
1
1
1.0
1
1
1
1
1
1.0
1
1
1
1
1
1
1
1
1
1
1
1
1
1
1.0
1
1
1.0
1.0
1
1.0
1.0
1
1
1
1
1.0
1
1
1.0
1
1
1.0
1
1
1.0
1
1
1
1
1
1.0
1
1
1
1
1
1
1
1
1.0
1
1
1
1
1
1
1
1
1.0
1
1
1
1
1
1
1
1
1
1
1
1
1
1
1
1
1
1
1
1
1.0
1
1
1
1
1
1
1
1
1
1
1
1
1
1
1
1
1
1
1
1
1
1
1
1.0
1
1
1.0
1
1
1
1
1
1.0
1
1
1.0
1
1
1.0
1
1
1
1
1
1.0
1
1
1.0
1
1.0
1
1
1.0
1
1
1
1
1
1.0
1
1
1.0
1
1
1.0
1
1
1.0
1
1
1
1
1
1.0
1
1
1
1
1
1.1111111111111112
1
1
1.0909090909090908
1
1
1.0
1
1
1
1
1
1.032258064516129
1
1
1.0128205128205128
1
1
1.0476190476190477
1
1
1.0
1
1
1.0857142857142856
1
1
1
1
1
1.0
1
1
1
1
1
1
1
1
1.063157894736842
1
1
1
1
1
1.0
1
1
1
1
1
1.0188679245283019
1
1
1
1
1
1.0
1.1147540983606556
1.1
1.0
1.15
1.0789473684210527
1.1153846153846154
1.1237113402061856
1.0
1.0555555555555556
1.0192307692307692
1.169811320754717
1.1595744680851063
1.11864406779661
1.0
1.0
1.0
1.125
1.1274509803921569
1.1192660550458715
1.0
1
1
1.0
1.0
1
1.0
1
1.0253164556962024
1
1
1.1
1
1
1
1
1
1
1
1
1.037037037037037
1
1
1.05
1
1
1.2
1
1
1.0444444444444445
1
1
1.0517241379310345
1
1
1.3333333333333333
1
1
1
1
1
1
1
1
1.064516129032258
1
1
1
1
1
1.0
1
1
1.0
1
1
1.0
1
1
1.0
1
1
1.0
1
1
1.0
1
1
1.0
1
1
1.0
1
1
1.0476190476190477
1
1
1.0714285714285714
1
1
1
1
1
1
1
1
1
1
1
1.0263157894736843
1
1
1.0
1
1
1.0
1
1
1.0769230769230769
1
1
1.0588235294117647
1
1
1.0
1
1
1.0
1
1
1
1
1
1.0
1
1
1.0357142857142858
1
1
1
1
1
1
1
1
1
1
1
1
1
1
1
1
1
1.0
1
1
1.0
1
1
1
1
1
1
1
1
1
1.0
1
1
1.0434782608695652
1
1
1
1.0
1
1
1
1
1
1
1
1
1
1
1
1.0256410256410255
1
1
1.032258064516129
1
1
1
1
1
1.1818181818181819
1
1
1
1.0909090909090908
1
1
1.0
1
1
1.0
1
1
1
1.0
1
1.0
1.0
1
1.0
1.0
1
1.0
1
1.0
1
1.0
1.0
1.0
1
1.0
1.0
1.0
1.0
1.0
1.0
1.0
1
1
1
1.0
1
1
1.0
1
1
1.0
1
1
1.0
1
1
1
1
1
1
1
1
1.0
1.027027027027027
1
1
1
1
1.0
1
1
1
1
1
1
1
1
1.0
1.0
1
1.0
1.0
1.0
1
1.0833333333333333
1
1
1
1
1.0
1
1
1.0
1
1
1.0
1
1
1
1
1
1.0434782608695652
1
1.0344827586206897
1.0357142857142858
1.0
1
1
1
1
1.0151515151515151
1
1.0
1
1
1.0
1
1
1.0
1
1
1.0
1.0
1.0
1.0
1.0
1.0
1
1
1
1
1
1
1
1
1
1
1
1
1
1.0
1
1
1
1
1
1.0149253731343284
1
1
1
1
1.0327868852459017
1
1
1
1
1.0
1
1
1
1
1
1
1
1
1
1
1
1
1
1
1.0208333333333333
1.0
1
1
1
1.0
1
1
1.0
1
1
1
1.0
1
1
1.0285714285714285
1
1.0
1
1.0
1
1
1
1.0
1.0681818181818181
1
1.072289156626506
1
1
1
1
1.0
1
1.0
1.1066666666666667
1.1777777777777778
1.0
1.0
1
1.0
1
1
1
1
1.0
1
1.0
1
1
1
1
1
1
1
1
1.0444444444444445
1.0
1
1
1
1
1
1.0
1
1.0
1
1
1
1
1
1
1
1
1.0
1
1
1.0
1
1
1
1
1.0
1
1
1.0
1
1
1
1
1
1.0
1
1
1.0
1
1
1.0
1
1
1
1
1
1
1
1
1.0517241379310345
1
1
1.0
1
1
1.0
1
1
1.0
1
1
1.0
1
1
1.0535714285714286
1.0625
1.0
1.06
1
1.0571428571428572
1
1.0
1.0
1
1.0222222222222221
1
1
1
1
1
1
1
1
1
1.0394736842105263
1
1
1
1
1
1.0
1.0
1.0736842105263158
1
1.0
1
1
1.0113636363636365
1
1
1.0212765957446808
1
1
1.0129870129870129
1
1
1.056338028169014
1
1
1.0
1
1.0227272727272727
1
1
1
1.0
1
1
1
1
1
1
1
1.0172413793103448
1
1
1
1
1
1
1
1
1.0
1
1
1.0222222222222221
1
1
2.0
1
1
1
1
1
1
1
1
2.0
1
1
1.0952380952380953
1
1
1
1
1
1
1
1
1
1
1
1
1
1
1.0666666666666667
1
1
1
1.018181818181818
1
1
1
1
1
1
1.0
1
1
1
1
1
1.0
1.048780487804878
1
1.0
1.0
1.0
1
1
1
1
1.0135135135135136
1
1
1.036144578313253
1
1
1.0303030303030303
1
1
1
1
1
1
1
1.075
1
1
1
1
1
1.0952380952380953
1
1
1
1
1
1
1
1
1.1818181818181819
1
1
1
1
1
1
1
1
1.03125
1
1
1
1
1
1.0
1
1
1
1
1
1
1
1
1
1
1
1
1
1
1.0
1
1
1.0
1
1
1.0
1
1
1.0172413793103448
1
1
2.0
1
1
1.1818181818181819
1
1
1
1
1
1.0
1
1
1.0
1
1
1.0444444444444445
1
1
1
1
1
1.0144927536231885
1
1
1
1
1
1.0
1
1
1
1
1
1.0
1.3846153846153846
1
1.0
1
1
1
1
1.018181818181818
1
1
1
1
1
1.0142857142857142
1
1
1
1
1
1
1
1
1.1666666666666667
1
1
1.1666666666666667
1
1
1.0263157894736843
1
1
1.0857142857142856
1
1
1
1
1
1.125
1
1
1.0161290322580645
1
1
1.0169491525423728
1
1
1
1
1
1
1
1
1
1.0
1
1
1.0
1.1428571428571428
1
1.0
1
1
1
1
1
1
1
1
1
1
1.0454545454545454
1
1
1
1.0142857142857142
1
1
1.0232558139534884
1
1
1.0
1.0263157894736843
1
1.0
1
1
1
1
1
1
1.0
1
1
1
1
1
1.0208333333333333
1
1
1.0
1
1
1.0384615384615385
1.0
1
1.0
1
1
1
1
1
1
1
1
1
1
1
1.0151515151515151
1
1
2.0
1
1
1
1
1
1
1
1
1.0
1
1
1.0
1.0
1
1
1
1
1
1
1
1.0
1
1
1.0588235294117647
1.0
1.0
1.03125
1
1.0545454545454545
1
1.0476190476190477
1
1
1.0617283950617284
1
1
1.0384615384615385
1
1
1
1
1.0
1
1
1.1666666666666667
1
1
1.0
1
1
1.0
1
1
1
1
1
1.0441176470588236
1
1
1.0169491525423728
1
1
1
1.028301886792453
1
1
1
1
1
1
1
1
1.025
1.0
1.0
1
1.0681818181818181
1
1.0161290322580645
1.0
1
1.0
1
1.15
1
1.0
1
1
1
1
1
1
1
1
1
1
1
1
1
1.0
1
1
1
1
1
1.0
1
1
1
1
1
1
1
1
1
1
1
1
1
1
1.032258064516129
1
1
1.0731707317073171
1
1
1.0769230769230769
1
1
1.0425531914893618
1
1
1.0833333333333333
1
1
1.0333333333333334
1
1
1
1
1
1.0
1
1
1.0142857142857142
1
1
1.0
1
1
1
1
1
1
1
1
1.0
1
1.0
1
1
1
1
1
1
1
1
1
1
1.0
1.0133333333333334
1.0
1
1
1
1
1.0
1.0416666666666667
1
1.0
1
1
1
1
1
1
1
1
1
1
1
1
1
1
1
1
1.0
1
1
1.0
1
1
1.0
1
1
1.0
1
1
1.1666666666666667
1
1
1.3076923076923077
1
1
1.0263157894736843
1
1
1.0
1
1
1.0
1
1
1
1
1
1.021978021978022
1
1
1.25
1
1
1
1
1
1
1
1
1.0
1
1
1
1
1
1.0294117647058822
1
1
1.0465116279069768
1
1
1.0701754385964912
1
1
1
1
1
1.0
1
1
1.0192307692307692
1
1
1
1
1
1
1
1
1
1
1
1.0
1
1
1.0
1
1
1.0
1
1
1.0
1
1
1
1
1
1.0
1
1
1
1
1
1.0
1
1
1
1
1
1.0
1
1
1
1
1
1.0
1
1
1.013157894736842
1
1
1.0
1.0294117647058822
1
1.0
1.0
1
1.0
1.0
1
1.0555555555555556
1
1
1
1
1
1.0289855072463767
1
1
1
1
1.0114942528735633
1
1
1.028169014084507
1
1
1.0
1
1
1.0
1
1
1.0
1
1
1
1
1
1.0
1
1
1.0
1
1
1
1
1
1
1
1
1.0
1
1
1.0
1
1
1
1
1
1
1
1
1.0
1
1
1
1
1
1
1
1
1
1
1
1.0
1
1
1.0
1
1
1
1
1
1
1
1
1
1
1
1.0
1
1
1.0
1
1
1.0
1
1
1
1
1
1
1
1
1.0
1
1
1
1
1
1
1
1
1.0
1
1
1.0
1
1
1
1
1
1.0
1
1.0
1.0
1.0
1
1.0204081632653061
1
1
1.0327868852459017
1
1
1.0689655172413792
1
1
1
1
1
1.0909090909090908
1
1
1
1
1
1.05
1
1
1.0288461538461537
1
1
1
1
1
1.0
1
1
1.0
1.0212765957446808
1
1.0
1.0
1
1.0
1
2.0
1
1
1
1
1
1
1
1
1
1
1
1.0434782608695652
1.0625
1.0227272727272727
1.0
1.0238095238095237
1.0416666666666667
1
1.0
1.0
1
1.0677966101694916
1
1
1
1
1.0588235294117647
1.0344827586206897
1.0263157894736843
1.0
1
1.1666666666666667
1
1
1
1.0
1
1.0
1
1
1.0434782608695652
1.0
1.064516129032258
1.0
1.0
1.0
1.0333333333333334
1
1
1
1
1
1
1.0140845070422535
1
1
1.0
2.0
1
1.0
1
1
1.0
1
1
1.0
1
1.0
1
1
2.0
1
1
2.0
1
1
1.10752688172043
1
1
1
1.04
1
1
1
1
1
1.0
1
1
1.0
1
1
1.0
1
1
1.0
1.0
1.0
1
1.0625
1.0666666666666667
1
1
1
1
1.0
1
1
1
1
1
1.1428571428571428
1
1
1.025974025974026
1
1
1
1
1
1.0169491525423728
1
1
1.0454545454545454
1
1
1
1
1
1.1018518518518519
1
1
1
1
1
1
1
1
1
1.0909090909090908
1
1
1
1
1
1
1.0
1
1
1.0
1
1
1
1
1
1.0
1
1
1
1
1
1.0
1
1
1
1
1
1.0
1
1
1
1
1
1
1
1
1
1
1
1
1
1
1.0
1
1
1.04
1
1
1
1
1
2.0
1
1
1.0638297872340425
1
1
1.0909090909090908
1
1
1
1
1
1
1
1
1
1
1
1.0
1
1
1.0
1
1
1.0
1
1
1.0
1
1
1.0
1
1
1.0
1
1
1.0
1
1
1.0
1
1
1.0
1
1
1.0454545454545454
1
1
1.0340909090909092
1
1
1.0333333333333334
1
1
1.0465116279069768
1
1
1
1
1
1
1
1
1.3333333333333333
1
1
1
1
1
1.0
1
1
1.0
1
1
1.05
1
1
1
1
1
1.0
1.0508474576271187
1
1.0
1
1
1
1
1
1
1
1
1.0289855072463767
1
1
1.0810810810810811
1
1
1.0
1
1
1.0363636363636364
1
1
1.0169491525423728
1.015625
1
1.1875
1
1
1
1
1
1
1
1
1.0
1
1
1.0294117647058822
1
1
1
1
1.0
1.0
1
1.1
1
1
1
1
1.1016949152542372
1.0
1.0
1
1
1
1
1
1.1
1.0588235294117647
1.1111111111111112
1
1
1
1
1.064516129032258
1.05
1.0236220472440944
1.0
1.1095890410958904
1.0384615384615385
1.125
1.0869565217391304
1
1.0
1.0
1.0158730158730158
1.1029411764705883
1.0172413793103448
1.0196078431372548
1.0
1.0625
1.2079207920792079
1
1
1
1
1.072992700729927
1
1.0
1
1
1
1
1
1
1
1
1.0
1
1
1.0
1
1
1.0
1
1
2.0
1
1
1.0
1
1
1.0465116279069768
1
1
1.0
1
1
2.0
1
1
1
1
1
1
1
1
1.0555555555555556
1
1
1.0
1
1
1
1
1
1.0
1
1
1
1
1
1.0317460317460316
1
1
1.0555555555555556
1
1
1
1.0
1.0
1
1.0
1
1
1
1
1.0384615384615385
1
1
1.0333333333333334
1
1
1
1
1
1.0
1
1.0
1.0
1
1.0
1.25
1
1
1.0
1
1
1.0
1
1
1
1
1
1
1.0
1
1.0
1
1
1
1
1.0
1
1
1
1
1.0
1
1
1
1
1
1
1
1
1
1
1
1.0
1
1
1.0
1
1
1
1
1
1
1
1
1
1
1
1.0833333333333333
1
1
1
1
1
1
1
1.0
1
1
1.0
1
1
1.0
1.0
1
1.0
1
1.0
1
1
1
1.0612244897959184
1
1
1.0
1
1
1
1
1
1.0535714285714286
1
1
1.0
1
1
1.04
1
1
1.0
1
1
1.0
1
1
1.0
1.0
1
1.1111111111111112
1
1.0
1
1
1.0
1
1
1.0
1
1
1.0
1
1
1
1
1
1.0
1
1
1
1.1111111111111112
1
1
1.1
1
1
1.0
1
1
1.0
1
1
1.0
1
1
1.0
1
1
1.0
1
1
1.0555555555555556
1
1
1.0
1
1
1.064516129032258
1
1
1.1428571428571428
1
1
1.0
1
1
1
1
1
1.0
1
1
1.0
1
1
1.0
1
1
1
1
1
1
1
1
1.0
1
1
1
1
1
1.0
1
1
1
1
1
1.0
1
1
1.0
1
1
1.0
1
1
1.0
1
1
1.0
1
1
1.0
1
1
1.0
1
1
1.0
1
1
1.0
1
1
1.0
1
1
1.0666666666666667
1
1
1.0
1
1
1.0
1
1
1.0
1
1
1.0
1
1
1
1
1
1.0192307692307692
1
1
1.0
1
1
1
1
1
1
1
1
1.0425531914893618
1.0
1
1.0256410256410255
1
1
1.0
1
1
1
1
1
1.0
1
1
1.0
1
1
1.0
1
1
1.0
1
1
1.0
1.0
1
1.0125
1
1.0714285714285714
1
1
1.0
1
1
1.0483870967741935
1
1
1.0285714285714285
1
1
1.0
1
1
1.0571428571428572
1
1
1
1.0
1
1.0
1
1.025
1
1
1.0
1
1
1.0
1
1
1
1
1
1.0
1
1.0
1
1.0
1
1.0
1
1
1.0408163265306123
1
1
1
1
1
1.0
1
1
1.25
1
1
1.0
1
1
1.0
1
1
1.0526315789473684
1
1
1
1
1
1
1
1
1
1
1
1.0
1
1
1.0
1
1
1.0
1
1
1.0
1
1
1.0
1
1
1
1
1
1.0
1
1
1
1
1
1.0
1
1
1.0714285714285714
1
1
1.0
1
1
1
1
1
1.0
1
1
1
1
1
1.0
1
1
1.0303030303030303
1
1
1.0555555555555556
1
1
1.0
1
1
1.0
1
1
1.1012658227848102
1
1
1.04
1
1
1
1
1
1.0
1
1
1.0784313725490196
1
1
1.0
1
1
1.0
1
1
1.0
1
1
1.0
1
1
1
1
1
1.0
1
1
1
1
1
1.1022727272727273
1.0
1
1.0
1.0
1
1.0425531914893618
1
1
1.0266666666666666
1.024390243902439
1.0754716981132075
1.0188679245283019
1.042857142857143
1
1.0
1
1.0
1
1
1
1.0125
1
1.0285714285714285
1.0425531914893618
1
1.0606060606060606
1
1.0
1
1
1.0
1
1
1.0
1
1
1.0
1
1.0
1
1
1
1
1.0
1
1
1.0
1
1
1.0
1
1
1.0
1
1
1.0
1
1
1.0
1.0
1
1.0
1
1.0
1
1
1
1
1
1
1.0
1.0
1
1.0512820512820513
1
1.0
1.0
1
1.0606060606060606
1
1
1.0
1
1.0
1
1
1
1
1
1
1
1.0
1
1
1.0
1
1
1.0
1
1
1
1
1
1
1
1
1.0
1
1
1.0
1
1
1.0
1
1
1.0
1
1
1.0
1
1
1.0
1.0
1
1.0425531914893618
1
1
1
1
1
1
1
1.0
1
1
1
1
1
1
1.0
1
1
1.0
1
1
1.0
1
1
1.0
1
1
1.0
1
1
1.0
1
1
1.0
1
1
1
1
1
1
1
1
1.0
1
1
1.0
1
1
1.0
1
1
1.0
1
1
1.0
1
1
1.0
1
1
1.0
1.0
1.0
1
1.05
1
1.0
1
1
1.0
1
1
1.0
1
1
1.0
1
1
1.0
1
1
1.0
1
1
1
1
1
1.0555555555555556
1
1.0
1
1
1
1
1
1.0
1
1
1.0
1
1
1
1.0
1
1
1
1
1
1
1
1
1.0
1
1
1
1
1
1
1
1.0
1
1
1
1
1
1.0
1
1
1.0
1.0
1.0
1
1.0
1
1
1.0
1
1
1.0
1
1
1.0
1
1
1.0
1
1
1.0
1
1
1
1
1
1
1
1
1.0
1
1
1.0
1
1
1.0
1
1
1.0
1.0
1
1.046875
1
1
1.0
1
1.0
1
1.0
1.0
1.0
1
1.0120481927710843
1
1.0
1
1
1.0
1
1
1.0
1
1
1.0
1
1
1.0
1
1
1
1
1
1.0
1
1
1.0
1
1
1.0
1
1
1.0
1
1
1
1
1.0
1
1
1.0
1
1
1.0
1
1
1
1
1
1.0
1
1
1.0
1.0
1.0526315789473684
1.0
1.0
1
1.0
1
1
1.0
1
1
1.0
1
1
1.0
1
1
1.0
1
1
1.0
1
1
1.0
1
1
1.0
1
1
1.0
1
1
1.0
1
1
1.0
1.0
1.0
1
1.0
1.0344827586206897
1
1.0
1
1
1
1
1
1
1
1
1
1
1
1
1
1
1
1
1
1
1
1.0
1.0
1.0
1.0
1
1.0
1.0
1
1.0
1
1
1.0
1
1
1.0
1
1
1.0
1
1
1
1
1
1.0
1
1
1
1
1
1.0
1
1
1
1
1
1.0
1
1
1.0
1.0
1
1.0
1
1
1
1
1.0
1
1
1
1
1
1
1
1
1.0
1
1
1
1.0
1
1
1.0
1
1
1
1
1
1.0
1
1
1.0
1.0
1.0
1
1
1
1
1
1
1
1.0
1
1
1.0
1
1
1.0
1
1
1.0
1
1
1.0
1
1
1.0
1.0
1.0666666666666667
1
1.0
1
1
1.0
1.0
1.0
1
1.0
1
1.0
1
1
1.0
1
1
1
1.0
1
1
1
1
1
1
1
1
1
1
1
1.0
1
1
1
1
1
1.0
1
1
1.0
1.0
1
1.0
1.0
1
1.0
1
1.0
1
1.0
1
1
1
1.0
1.0
1
1.0
1
1
1.0
1
1
1.0
1
1
1.0
1
1
1.0
1
1
1
1
1
1
1
1
1
1.0
1
1
1.0
1
1
1
1
1
1
1
1.0
1.0
1
1.2765957446808511
1
1.0
1
1
1.0
1.0
1.0
1
1.0
1
1.0
1.0232558139534884
1
1.0
1
1
1
1
1
1
1
1
1
1.0
1
1
1.0
1.0
1
1.0
1
1
1.0
1
1
1
1
1
1.0
1
1
1.0
1
1
1.0
1
1
1.0
1
1
1
1
1
1
1.0
1
1
1.0
1
1
1.00990099009901
1.0
1
1.0
1
1
1.0
1.0
1
1.0
1
1
1
1
1.0
1
1
1.0
1
1
1
1
1.0
1
1
1.0
1
1
1.0
1
1
1
1
1.0
1
1
1.0
1
1
1.0
1
1.0
1
1.0
1
1
1
1
1
1.0
1
1
1.0
1
1
1
1
1
1
1
1
1.0
1
1
1.0
1
1.0
1.0
1.0
1
1.0149253731343284
1.043956043956044
1
1.0
1
1
1.0
1
1
1.0
1
1
1
1
1
1.03125
1
1.0
1
1
1.0
1
1
1
1
1
1.0
1
1
1.0
1
1
1.0
1.0
1
1.0256410256410255
1
1.0
1.0
1
1.0
1
1
1
1
1
1.0
1
1.0
1
1
1.0
1
1
1
1
1
1.0
1
1.0
1
1
1
1
1.0
1
1.0
1.0
1
1.0
1
1
1.0
1
1
1
1
1
1.0
1
1
1.0833333333333333
1
1.0
1
1
1
1.0
1
1
1.0
1
1
1.0
1
1
1.0
1
1
1.0
1
1
1.0
1.05
1.0
1.0425531914893618
1.0
1
1
1
1
1.0
1
1
1
1
1
1
1
1
1.0
1
1
1.0
1
1
1.0
1
1
1
1
1.0
1
1
1.0
1
1
1
1
1
1
1.0
1
1
1.0
1
1
1
1
1
1.0
1
1
1.0
1
1.0
1
1
1
1
1
1.0
1
1
1.0
1
1
1.0
1.0
1
1.0
1
1.0
1
1
1.0
1
1
1.0
1
1
1.0454545454545454
1.0869565217391304
1.0
1.0298507462686568
1.0
1.0955882352941178
1.008849557522124
1.089171974522293
1
1.0
1
1
1.0
1.0
1
1.0238095238095237
1
1
1.0
1
1
1
1.0
1
1
1.0
1
1
1
1
1
1
1
1
1.0
1.0
1
1.1829268292682926
1
1.0
1
1
1.0
1
1
1
1
1
1
1
1
1
1
1
1
1
1.0
1
1
1.0
1
1
1.0
1
1
1.0
1
1
1
1
1
1
1.0
1
1
1
1
1
1.0
1
1
1.0
1
1
1.0
1
1.0
1
1
1
1
1
1
1
1.0
1
1
1.0
1
1
1
1.0
1
1
1.0
1
1
1.0
1
1.0
1
1
1
1
1
1.0
1
1
1
1
1
1
1
1
1
1.0
1
1
1
1
1
1.0
1
1
1.0
1
1
1
1
1
1
1
1
1.0
1
1
1.0
1
1
1.0
1
1
1.0
1
1
1
1
1.0
1
1
1.0
1
1
1.0
1
1
1.0
1.0
1
1.0454545454545454
1.0288461538461537
1
1
1
1
1.0
1
1
1
1
1
1.0
1
1
1.0
1
1
1
1.0
1
1
1.0
1
1
1.0
1
1
1
1.0
1
1
1
1.0
1
1
1.0
1
1
1.0
1
1
1
1.0
1
1
1
1.0
1
1
1.0
1
1
1
1
1
1.0
1
1
1.0
1
1
1.0
1
1
1.0
1
1
1.0
1
1
1.0
1.0
1.0
1
1
1
1
1.0
1
1
1.0
1
1
1.0
1
1
1.0
1
1
1
1
1
1.0
1
1
1
1
1
1
1
1.0
1
1
1
1.0
1
1
1
1
1
1.0
1
1
1
1.0545454545454545
1.0
1
1
1.0
1
1.0
1
1.0
1
1
1
1.0
1
1
1
1
1
1
1.0
1
1
1.0
1
1
1.0
1
1
1.0
1
1
1.0
1
1.0
1
1
1.0285714285714285
1
1.0
1
1
1.0
1.0
2.0
1
1
1
1.0
1
1
1
1
1
1.0
1
1
1.0
1
1
1.0
1
1
1
1
1
1.0
1
1
1.0
1
1
1
1.0
1
1
1.0
1
1
1.0
1
1.0
1
1
1
1
1
1
1.0227272727272727
1
1
1
1
1.0
1
1
1.0
1
1
1
1
1
1
1.0
1
1
1
1
1
1.0
1
1
1.0
1
1
1.0
1
1
1.0
1
1
1.0
1
1
1
1
1
1.0
1
1
1
1
1
1
1
1.0
1
1
1
1.0
1
1
1.0925925925925926
1
1.0
1
1
1.0
1
1
1
1
1
1
1
1
1
1
1
1
1
1.0454545454545454
1.0238095238095237
1
1
1
1
1.0
1
1
1.0
1
1
1
1.0
1
1
1
1
1
1.0
1
1
1
1
1
1
1
1
1
1
1.0
1
1
1.0
1
1
1
1
1
1.0
1
1
1
1
1
1.0
1
1
1.0
1
1
1.0
1
1
1
1.0
1
1
1
1
1
1
1
1
1.0
1
1
1.0
1
1
1
1
1.0
1
1
1
1
1
1
1
1.0
1
1
1
1
1
1
1.0
1
1
1.0
1
1
1
1
1
1.0714285714285714
1
1.0
1
1
1
1.0
1
1
1
1
1
1
1
1
1.0
1
1
1
1
1
1.0
1
1
1
1
1
1.0
1
1
1
1
1.0
1
1
1
1.0
1
1.0
1
1
1
1
1
1.0
1
1
1.0
1
1
1.0
1
1
1.0
1
1
1.0
1
1
1
1.0
1
1
1.0
1
1
1
1
1
1.0
1
1
1
1.0
1
1
1
1
1
1
1.0
1
1
1.0
1
1
1.0
1
1
1
1.0
1
1
1.0
1
1
1.0
1
1
1.0
1
1
1.0
1
1
1.0
1
1
1.0
1
1
1
1
1
1
1
1.0
1
1
1
1
1
1
1.0
1
1
1
1.0
1
1
1.0
1
1
1.0
1
1
1
1
1
1
1.0
1
1
1
1.0
1
1.0
1
1.0
1
1
1
1
1
1.0
1
1
1
1
1
1.0
1
1
1
1
1
1.0185185185185186
1
1.0
1
1
1.0
1
1
1.0
1
1
1
1
1
1
1
1.0
1
1
1
1
1
1.0
1
1
1
1
1
1
1.0
1
1
1
1
1
1
1
1.0
1
1
1
1
1
1
1.0
1
1
1.0
1
1
1.0
1
1
1.0
1
1
1
1
1
1.0
1
1
1.0
1
1
1
1
1
1.0
1
1
1.0
1
1
1.0
1
1
1.0
1
1
1.0
1
1
1.0
1
1
1.0
1
1
1.0
1
1
1.0
1
1
1
1
1
1
1
1
1
1.0
1
1
1.0
1
1
1.0
1.0
1
2.0
1
2.0
1
1
1
1
1
1.0
1
1
1.0
1
1
1.1428571428571428
1
1
1
1
1
1.0454545454545454
1
1
1
1
1
1
2.0
1
1
1.0384615384615385
1
1
1
1
1
1
1
1
1.0
1
1
1.125
1
1
1.0344827586206897
1
1
1
1
1
1.0188679245283019
1
1
1.0789473684210527
1
1
1.0869565217391304
1.0416666666666667
1.0217391304347827
1.0
1
1.0256410256410255
1.0
1.0232558139534884
1.0
1.0
1.0
1.0
1.0769230769230769
1.0
1.0
1.0
1.0
1.0
1
1
1
1
1.0
1.0
1.0
1
1.0
1.054054054054054
1.03125
1.0
1.05
1.0714285714285714
1.0384615384615385
1
1.0
1
1.0
1
1
1.0
1
1
1
1
1
1
1
1
1.0
1
1
1.0
1
1
1.0
1
1
1.0
1.0
1
1.0714285714285714
1
1
1
1
1
1.0
1
1
1.0
1
1
1.0625
1
1
1.0
1
1
1
1
1
1.0
1
1
1.0
1
1
1.075
1
1
1.054054054054054
1
1
1
1
1
1.0
1
1
1.0188679245283019
1
1
1.0294117647058822
1
1
1.3333333333333333
1
1
1.0
1
1
1
1
1
1.0
1
1
1
1
1
1
1
1
1.0
1
1
1.0
1
1
1.05
1
1
1.1666666666666667
1
1
1
1
1
1
1
1
1.0
1
1
1
1
1
1.0
1
1
1.0869565217391304
1
1
1.0
1
1
1.0
1
1
1.0
1
1
1.0294117647058822
1
1
1.054054054054054
1
1
1.04
1
1
1.0
1
1
1.087719298245614
1
1
1
1
1
1
1
1
1.0491803278688525
1
1
1.0
1
1
1.0384615384615385
1
1
1.0909090909090908
1
1
1.0285714285714285
1
1
1.0
1
1
1.2105263157894737
1
1
1.0454545454545454
1
1
1.1818181818181819
1
1
1.0344827586206897
1
1
1
1
1
1.0
1
1
1.0
1
1
1.0
1
1
1.0
1
1.0
1
1
1.037037037037037
1
1
1.1333333333333333
1
1
1
1
1
1
1
1
1.0
1
1
1.0833333333333333
1
1
1.0
1.0
1.0256410256410255
1
1.0
1.0
1
1
1
1
1
1
1.0
1
1
1
1
1
1
1
1
1.0588235294117647
1
1
1.0
1
1
1.0666666666666667
1
1
1
1
1
1.0
1
1
1
1
1
1
1
1
1.0863309352517985
1
1
1.0333333333333334
1
1
1.0454545454545454
1
1
1.125
1
1
1.0
1
1
1.0
1
1
1.0
1
1
1
1
1
1.0
1
1
1.0
1
1
1.0
1
1
1.0
1
1
1.0
1
1
1
1
1
1
1
1
1.0
1
1
1.0
1
1
1
1
1
1.0
1
1
1.0
1
1
1
1
1
1
1
1
1
1
1
1
1
1
1
1
1
1.0
1
1
1.0
1
1
1.0
1
1
1
1
1
1.125
1
1
1.0
1
1
1.0
1
1
1
1
1
1.0204081632653061
1
1
1.0
1
1
1.0
1
1
1
1
1
1.0677966101694916
1
1
1.0
1
1
1.0769230769230769
1
1
1.0681818181818181
1
1
1.0
1
1
1.0
1
1
1.0108695652173914
1
1
1.0
1
1
1
1
1
1.0
1
1
1.0
1
1
1.0
1
1
1.0
1
1
1.0
1
1
1.0
1
1
1.0
1
1
1.0375
1
1
1.0
1
1
1
1
1
1
1
1
1.0
1
1
1.0
1
1
1.0
1
1
1.0566037735849056
1.0
1.1176470588235294
1
1.1428571428571428
1.0384615384615385
1.0416666666666667
1
1.1111111111111112
1
1.044776119402985
1
1
1.0
1
1
1.0153846153846153
1
1
1
1
1
1
1.0125
1
1
1.0
1
1
1.0
1
1
1.0
1
1
1.0434782608695652
1
1
1.0
1
1
1
1
1
1
1
1
1
1
1
1.0344827586206897
1
1
1.0
1
1
1
1
1
1.0
1
1
1.0
1
1
1.2
1
1
1
1
1
1
1
1
1
1
1
1
1
1
1.0
1
1
1.0
1
1
1
1
1
1.0384615384615385
1
1
1.0649350649350648
1
1
1.0491803278688525
1
1
1.0
1
1
1.0
1
1
1.0
1
1
1.0
1.1666666666666667
1.0571428571428572
1
1.0666666666666667
1
1
1
1
1.2307692307692308
1
1
1.064516129032258
1
1
1.0
1
1
1.0559006211180124
1
1
1
1
1
1
1
1.0
1
1
1.0
1.0384615384615385
1.043956043956044
1.1162790697674418
1
1.5
1
1
1
1.0
1
1.0
1
1
1.0
1
1
1.0689655172413792
1.0
1
1.0
1
1
1.0333333333333334
1
1.05
1
1
1
1
1
1
1.1818181818181819
1
1
1.3333333333333333
1
1
1.0
1.1195652173913044
1
1.0
1
1.044776119402985
1
1
1
1.126984126984127
1
1
1.0612244897959184
1
1
1.0
1
1
1.018181818181818
1
1
1.027027027027027
1
1
1.0
1
1
1.0294117647058822
1
1
1.0
1
1
1.0454545454545454
1
1
1.0
1
1
1.0
1
1
1.0
1
1
1.0416666666666667
1
1
1.0
1
1
1.5
1
1
1.03125
1
1
1.0
1
1
1.0408163265306123
1
1
1.0196078431372548
1
1
1.0285714285714285
1
1
1.0476190476190477
1
1
1
1
1.0
1
1
1
1
1
1.1081081081081081
1
1
1.0
1
1
1.0
1
1
1.1168831168831168
1
1
1.0
1
1
1.0
1
1
1
1
1
1.0
1
1
1.0
1
1
1
1
1
1.0
1
1
1.0
1
1
1.0
1
1
1
1
1
1
1
1
1.0
1
1
1
1
1
1.0
1
1
1.0
1
1
1.0
1
1
1.0
1
1
1.0
1
1
1.0
1
1
1.25
1
1
1.0
1
1
1.0
1
1
1.0138888888888888
1
1
1
1
1
1.0
1
1
1.0
1
1
1.0
1
1
1.0
1
1
1.0
1
1
1.0
1
1
1.0384615384615385
1
1
1.0
1
1
1.0
1
1
1.0
1
1
1.25
1
1
1
1
1
1
1
1
1
1
1
1.0909090909090908
1
1
1.0
1
1
1.0
1
1
1.044776119402985
1
1
1.0
1
1
1.0625
1
1
1.064
1
1
1.0344827586206897
1
1
1.0
1
1
1.0285714285714285
1
1
1
1
1
1.0303030303030303
1
1
1.0
1
1
1.0512820512820513
1
1
1.0
1
1
1
1.0
1
1
1.0
1
1
1.0
1
1
1.0238095238095237
1
1
1
1
1
1.0833333333333333
1
1
1.0
1
1
1.0714285714285714
1
1
1.0
1
1
1
1
1
1.0
1
1
1
1
1
1
1
1
1.0
1
1
1.0
1
1
1.0
1
1
1.0
1
1
1
1
1.0
1
1
1.0
1
1
1.0
1
1
1
1
1
1
1
1
1.0
1
1
1.0
1
1
1.0
1
1
1
1.0666666666666667
1
1
1.0
1
1
1.0
1
1
1.0564516129032258
1
1
1.0
1
1
1.0222222222222221
1
1
1.0
1
1
1.0
1
1
1
1
1
1
1
1
1.2222222222222223
1
1
1
1
1
1.0
1
1
1.0
1.0
1
1.0
1
1.0
1.0344827586206897
1
1.0857142857142856
1.008695652173913
1
1.0172413793103448
1
1
1.0384615384615385
1
1
1
1.0
1
1
1.0625
1
1
1.0084033613445378
1
1.0
1
1
1.0
1
1
1
1
1
1.0
1
1
1.0
1
1
1.0
1
1
1.0
1
1
1
1
1
1.0384615384615385
1
1
1.0588235294117647
1
1
1.09375
1
1
1.0721649484536082
1
1
1.027027027027027
1
1
1.0303030303030303
1
1
1.0454545454545454
1
1
1.0909090909090908
1
1
1.0319148936170213
1
1
1.0
1
1
1.0822784810126582
1
1
1.0
1
1
1.0294117647058822
1
1
1
1
1
1
1
1
1.0
1
1
1
1
1
1.0
1
1
1.0350877192982457
1
1
1.0
1
1
1
1
1
1
1
1
1.0483870967741935
1
1
1.0
1
1
1.2321428571428572
1
1
1.0684931506849316
1
1
1
1
1
1.054054054054054
1
1
1.0246913580246915
1
1
1.028169014084507
1
1
1
1
1
1
1
1
1.0
1
1
1.0
1
1
1.0454545454545454
1
1
1.0
1
1
1.0
1
1
1
1
1
1.0833333333333333
1
1
1
1
1
1.1153846153846154
1
1
1.125
1
1
1.0476190476190477
1
1
1.5
1
1
1.2
1
1
1.0561797752808988
1
1
1.0784313725490196
1
1
1.0909090909090908
1
1
1.1025641025641026
1
1
1.05
1
1
1.0212765957446808
1
1
1.024390243902439
1
1
1.2
1
1
1.0
1
1
1.0
1.0
1
1.0
1.0
1.0
1.0
1.0
1
1.03125
1
1
1.0
1
1
1.0
1
1
1
1
1
1.1111111111111112
1
1
1
1
1
1.0
1
1
1.028169014084507
1
1
1.0
1
1
1.013157894736842
1
1
1
1
1
1
1
1
1.1
1
1
1.0
1
1
1
1
1
1.0909090909090908
1
1
1.0
1
1
1.4
1
1
1.0
1
1
1.0555555555555556
1
1
1.025
1
1
1.25
1
1
1.0689655172413792
1
1
1.0427350427350428
1
1
1.0
1
1
1.0377358490566038
1
1
1
1
1
1.0
1
1
1.0
1
1
1.0
1
1
1.0196078431372548
1
1
1.0256410256410255
1
1
1.0
1
1
1.0
1
1
1.0661157024793388
1
1
1
1
1
1.0
1
1
1.0
1
1
1.0344827586206897
1
1
1.0
1
1
1.0
1
1
1.1323529411764706
1
1
1.0555555555555556
1
1
1.048780487804878
1
1
1
1
1
1.0
1
1
1.0254237288135593
1
1
1.0
1
1
1.0
1
1
1.0
1
1
1.0246913580246915
1
1
1.1142857142857143
1
1
1
1
1
1.0240963855421688
1
1
1.0588235294117647
1
1
1.04
1
1
1.1176470588235294
1
1
1.0344827586206897
1
1
1.0
1
1
1
1
1
1.0
1
1
1.1052631578947367
1
1
1.1428571428571428
1
1
1.0769230769230769
1
1
1.0689655172413792
1
1
1.1076923076923078
1
1
1.0
1
1
1.0
1
1
1.0246913580246915
1
1
1.0
1
1
1.0
1
1
1.0
1
1
1
1
1
1
1
1
1
1
1
1.0
1
1
1.0
1
1
1.0
1
1
1
1
1
1.0
1
1
1.0
1
1
1.0
1
1
1
1
1
1.0227272727272727
1
1
1.0909090909090908
1
1
1
1
1
1
1
1
1
1
1
1
1
1
1
1
1.0
1
1
1.0
1
1
1
1.0
1
1
1.0
1
1
1.0
1
1
1.0
1
1
1.0
1
1
1.0
1
1
1.0
1
1
1.0
1
1
1.0
1
1
1.037037037037037
1
1
1.0
1
1
1.1
1
1
1.0
1
1
1.043859649122807
1
1
1
1
1
1.0673076923076923
1
1
1.0
1
1
1.0555555555555556
1
1
2.0
1
1
1.0222222222222221
1
1
1.1666666666666667
1
1
1.0
1
1
1
1
1
1.0
1
1
1
1
1
1.0238095238095237
1
1
1
1
1
1
1
1
1.0
1
1
1.0
1
1
1.0
1
1
1.0
1
1
1.0
1
1
1.0
1
1
1.0
1
1
1
1
1
1
1
1
1.0
1
1
1.0
1
1
1
1
1
1.0
1
1
1
1
1
1
1
1
1.0
1
1
1.0
1
1
1.0
1
1
1
1
1
1.0
1
1
1
1
1
1
1.0
1
1
1.0
1
1
1.0
1
1
1.0
1
1
1.0303030303030303
1
1
1.0666666666666667
1
1
1.0
1
1
1
1
1
1
1
1
1.0208333333333333
1
1
1
1
1
1.0
1
1
1.0
1
1
1.0
1
1
1.0
1
1
1.0
1
1
1
1
1
1.0
1
1
1.0
1
1
1
1
1
1.0
1
1
1.0
1
1
1.0232558139534884
1
1
1
1
1
1.0526315789473684
1
1
1.0
1
1
1.0
1
1
1.0202702702702702
1
1
1.0149253731343284
1
1
1.0
1
1
1.0
1
1
1.0
1
1
1.0
1
1
1.0
1
1
1.025
1
1
1.0655737704918034
1
1
1.1176470588235294
1
1
1.0
1
1
1
1
1
1.0
1
1
1.0
1
1
1
1
1
1
1
1
1.0
1
1
1
1
1
1.0
1
1
1.0
1
1
1.0461538461538462
1
1
1
1
1
1.075
1
1
1
1
1
1.048780487804878
1
1
1.0
1
1
1.0
1
1
1.0
1
1
1.0
1
1
1.0
1
1
1.0
1
1
1
1
1
1.0
1
1
1.0
1
1
1.0
1
1
1.032258064516129
1
1
1.0344827586206897
1
1
1.032258064516129
1
1
1.0357142857142858
1
1
1.0
1
1
1.0810810810810811
1
1
1.0681818181818181
1
1
1.0350877192982457
1
1
1.0
1
1
1.0
1
1
1.0
1
1
1.1578947368421053
1
1
1
1
1
1.0555555555555556
1
1
1.0
1
1
1.0125
1
1
1.0
1
1
1.0789473684210527
1
1
1
1
1
1.0227272727272727
1
1
1.2298136645962732
1
1
1.0
1
1
1.0545454545454545
1
1
1.0263157894736843
1
1
1.0
1
1
1.0
1
1
1.0416666666666667
1
1
1.0
1
1
1.0
1
1
1.0
1
1
1.03125
1
1
1.0
1
1
1.0
1
1
1.0746268656716418
1
1
1.0
1
1
1.0
1
1
1.0212765957446808
1
1
1
1
1
1.2027027027027026
1
1
1
1
1
1.0178571428571428
1
1
1.0
1
1
1.0833333333333333
1
1
1.0555555555555556
1
1
1.2
1
1
1.0256410256410255
1
1
1
1
1
1.0625
1
1
1.0476190476190477
1
1
1.0
1.0
1
1.0
1
1.0
1
1
1
1
1
1
1.0
1
1
1.0227272727272727
1
1
1.0
1
1
1.4026845637583891
1
1
1.0
1
1
1.0
1.0
1
1.037037037037037
1
1
1.064516129032258
1
1
1.125
1
1
1.0
1
1
1.0
1.1666666666666667
1
1.0
1
1
2.0
1
1
1.1428571428571428
1
1
1.1111111111111112
1
1
1.1428571428571428
1
1
1.0
1
1
1
1
1
1
1
1
1.0
1
1
1.0
1
1
1.0
1
1
1.11864406779661
1
1
1
1
1
1.0
1
1
1.0
1
1
1.0232558139534884
1
1
1.0
1
1
1.0
1
1
1.0
1
1
1.0
1
1
1.1875
1
1
1.0
1
1
1.0483870967741935
1
1
1.0
1
1
1
1
1
1
1
1
1.0
1.0
1
1.1578947368421053
1
1
1.0
1
1
1
1
1
1.1090909090909091
1
1
1.1304347826086956
1
1
1.0
1
1
1.0
1
1
1.0310077519379846
1
1
1.0
1
1
1.0
1
1
1.0666666666666667
1
1
1.0263157894736843
1
1
1.0476190476190477
1
1
1.0434782608695652
1
1
1.0392156862745099
1
1
1.0363636363636364
1
1
1.0326086956521738
1
1
1
1
1
1
1
1
1
1
1
1.0
1
1
1.0
1
1
1.013157894736842
1
1
1.009009009009009
1
1
1.0
1
1
2.0
1
1
1.0806451612903225
1
1
1.0363636363636364
1
1
1.3333333333333333
1
1
1.1363636363636362
1
1
1.1666666666666667
1
1
1
1
1
1
1
1
1
1
1
1
1
1
1.0
1
1
1.0
1
1
1.0
1
1
1.0
1
1
1.0
1
1
1.0
1
1
1.0
1
1
1.0
1
1
1.025
1
1
1
1
1
1
1
1
1
1
1
1
1
1
1
1
1
1
1
1
1.0
1
1
1.0
1
1
1.0
1
1
1.0
1
1
1.0357142857142858
1
1
1.0851063829787233
1
1
1.0
1
1
1.0454545454545454
1
1
1.0526315789473684
1
1
1.0571428571428572
1
1
1.0
1
1
1.0
1
1
1.0
1
1
1.1071428571428572
1
1
1.206896551724138
1
1
1.069767441860465
1.0769230769230769
1
1.096774193548387
1.1666666666666667
1
1.2372881355932204
1
1
1
2.0
1
1
1
1
1
1.0
1
1
1.1
1
1
1.0
1
1
1.0
1
1
1.0
1
1
1.0
1
1
1.0
1
1
1.0
1
1
1.0
1
1
1.0
1
1
1
1
1
1.0
1.0
1
1.0
1
1
1
1.0
1
1
1.02
1
1
1.0
1
1
1.0263157894736843
1
1
1.0
1
1
1.0
1
1
1.0574712643678161
1
1
1
1
1
1.074074074074074
1
1
1.0
1
1
1
1.2
1
1
1.0
1
1
1.0476190476190477
1
1
1.0
1
1
1.0
1
1
1.0
1
1
1
1
1
1.1176470588235294
1
1
1.0
1
1
1.0175438596491229
1
1
1.0555555555555556
1
1
1
1
1
1
1
1
1
1
1
1.0
1
1
1.044776119402985
1
1
1.0476190476190477
1
1
1.0
1
1
1.037037037037037
1
1
1.0
1
1
1.0
1
1
1
1
1
1.0
1
1
1.0
1
1
1.0
1
1
1.0
1
1
1.0
1
1
1.0
1
1
1
1
1
1.0
1
1
1.0
1
1
1.0
1
1
1.0
1
1
1.0
1
1
1.0188679245283019
1
1
1.0196078431372548
1
1
1.0
1
1
1
1
1
1
1
1
1.0377358490566038
1
1
1.0
1
1
1.0
1
1
1.0
1
1
1.0689655172413792
1
1
1.0
1
1
1.0
1
1
1.0
1
1
1
1
1
1
1
1
1.0
1
1
1.0
1
1
1.0
1
1
1
1
1
1
1
1
1.0
1
1
1.0
1
1
1
1.0
1
1
1.146067415730337
1
1
1.0
1
1
1.0071428571428571
1
1
1.0
1
1
1.0
1
1
1.0
1
1
1.0
1
1
1.0
1
1
1.0
1
1
1.0
1.0
1
1.0
1
1
1.0
1
1
1.0
1
1
1
1
1
1.0
1
1
1.03125
1
1.0
1
1
1.0476190476190477
1
1
1.046875
1
1
1.0422535211267605
1
1
1.0
1
1
1
1
1
1
1
1
1.0238095238095237
1
1
1.0
1
1
1.0
1
1
1.1044776119402986
1
1
1.0
1
1
1.0
1
1
1.0757575757575757
1
1
1.0434782608695652
1
1
1.0
1
1
1.0
1
1
1.0
1
1
1.09375
1
1
1.0
1.0694444444444444
1
1.0
1
1
1
1
1
1.0
1
1
1.0
1
1
1
1
1
1.0
1
1
1.0
1
1
1.0
1
1
1.0
1
1
1.098360655737705
1
1
1.0588235294117647
1
1
1.09375
1
1
1
1
1.0
1
1
1.0
1
1
1.0
1
1
1.0
1
1
1.0
1
1
1.0
1
1
1.0
1
1
1.0
1.0434782608695652
1.0
1
1.0
1
1.0
1
1
1.0
1
1
1.0416666666666667
1
1
1
1
1
1.0
1
1
1.0
1
1
1.0
1
1
1
1
1
1.0
1
1
1.0
1
1
1.0
1
1
1
1
1
1.0
1
1
1.0
1
1
1.0
1
1
1.0
1
1
1.0
1
1
1.0350877192982457
1
1
1
1
1
1.048780487804878
1
1
1
1
1
1.1176470588235294
1
1
1.0
1
1
1.1052631578947367
1.2028985507246377
1
1.2857142857142856
1
1.0238095238095237
1
1
1.0
1
1
1
1
1
1.0
1
1
1
1.0
1
1
1
1
1
1.0625
1
1
1.0
1
1
1.0689655172413792
1
1
1.0
1
1
1
1
1
1.0303030303030303
1
1.0
1.0
1
1.0
1
1
1.0294117647058822
1
1
1
1
1.0
1
1
1.0
1
1.0
1
1
1.0121951219512195
1
1
1.0
1
1
1.0909090909090908
1
1
1.0
1
1
1
1
1
1
1.0
1
1
1
1
1
1
1.0
1
1
1
1
1
1.0
1
1
1
1
1
1.0
1
1
1
1.0
1
1
1
1
1
1
1
1
1.0
1
1
1.0
1
1
1
1
1
1.0
1
1
1.0119047619047619
1
1
1.0
1
1
1
1
1
1.0327868852459017
1
1
1
1
1
1.0357142857142858
1
1
1.0
1
1
1.0120481927710843
1
1
1.5
1
1
1.0
1
1
1.0
1
1
1.0273972602739727
1
1
1
1
1
1.0
1
1
1
1
1
1.0844155844155845
1
1
1.07
1
1
1.0377358490566038
1
1
1.0
1
1
1.1304347826086956
1
1
1
1
1
1
1
1
1.0
1
1
1.0
1
1
1.0
1
1
1.0
1
1
1.0
1
1
1
1
1
1.2
1
1
1.0
1
1
1.0
1
1
1.0
1
1
1
1.164835164835165
1
1.3333333333333333
1
1
1.0
1
1.028169014084507
1
1
1.0
1
1.0289855072463767
1
1
1.0
1
1
1.0634920634920635
1
1
1.0
1
1
1.1176470588235294
1
1
1.0
1
1
1.0222222222222221
1
1
1.0
1
1
1
1
1
1.0
1
1
1.0
1
1
1
1
1
1.0
1
1
1.1
1
1
1.05
1
1
1.0769230769230769
1.0256410256410255
1
1.0
1
1
1.0
1
1
1.0689655172413792
1
1
1.15625
1
1
1.05
1
1
1.0
1
1
1.0
1
1
1.0
1
1
1.0
1
1
1.0952380952380953
1
1
1.0
1
1
1.0416666666666667
1
1
1.0833333333333333
1
1
1.0
1
1
1
1
1
1.0
1
1
1.0
1
1
1
1
1
1.0238095238095237
1
1
1.0588235294117647
1
1
1.0227272727272727
1
1
1.0
1
1
1.0
1
1
2.0
1
1
1
1
1
1.074074074074074
1
1
1.0
1
1
1
1
1
1.0
1.0
1
1.0
1
1.0
1
1
1
1
1
1
1.0
1
1
1.0
1
1
1.4285714285714286
1.0625
1
1.103448275862069
1
1
1.0298507462686568
1
1
1.0
1
1
1.0
1
1
1
1
1
1.0
1
1
1
1
1
1.0
1
1
1
1
1
1.0
1
1
1.0571428571428572
1
1
1
1
1
1.0
1
1
1.0
1
1
1.0
1
1.0
1
1
1.0126582278481013
1.1374045801526718
1.1097560975609757
1
1.0512820512820513
1
1
1.0
1
1
1
1
1
1
1.0512820512820513
1
1
1.0
1
1
1.0
1
1
1.0263157894736843
1
1
1.0196078431372548
1
1
1
1
1
1.0227272727272727
1.0
1
1.0
1
1
1.0
1
1
1.0833333333333333
1
1
1.0689655172413792
1
1
1.125
1
1
1.0
1
1
1.0227272727272727
1
1
1.018181818181818
1
1
1.0638297872340425
1
1
1.02
1
1
1.2272727272727273
1
1
1.156862745098039
1
1
1.0263157894736843
1
1
1
1
1
1.0
1
1
1.0584795321637426
1
1
1.0
1
1
1
1
1
1.0285714285714285
1
1
1.0
1
1
1.0
1
1
1.0769230769230769
1
1
1.03125
1
1
1.0123456790123457
1
1
1.010989010989011
1
1
1.0
1
1
1.1357142857142857
1
1
1.1142857142857143
1
1
1
1
1
1.0857142857142856
1
1
1.0
1
1
1
1
1
1.0
1
1
1.0
1
1
1.1
1
1
1.1587301587301586
1
1
1.0175438596491229
1
1
1
1
1
1.0
1
1
1
1
1
1.0
1
1
1.125
1
1
1.0
1
1
1.0
1
1
1.0
1
1
1.0
1
1
1.0
1
1
1
1
1
1.0
1
1
1
1
1
1.0
1
1
1.0
1
1
1.0535714285714286
1
1
1.0227272727272727
1
1
1.0
1.0
1.0714285714285714
1
1
1.0
1
1
1
1
1
1
1.02
1
1
1.0
1
1
1.0
1
1
1.0
1
1
1.0816326530612246
1
1
1.3333333333333333
1
1
1.0857142857142856
1
1
1.1224489795918366
1
1
1
1
1
1
1
1
1.0625
1
1
1.0526315789473684
1
1
1.0196078431372548
1
1
1.0
1
1.0106382978723405
1
1
1.0888888888888888
1
1
1
1
1
1
1.0
1
1
1.0
1
1
1.1428571428571428
1
1
1.0
1
1
1
1
1
1.0
1
1
1.0
1
1
1.0
1
1
1
1
1
1
1
1
1.0892857142857142
1
1
1.1176470588235294
1
1
1.0
1
1
1.0
1
1
1.0
1
1
1.0
1
1
1.0
1
1
1
1
1
1
1
1
1.0303030303030303
1
1
1.0
1
1
1.1
1
1
1
1
1
1
1
1
1.0
1
1
1.028169014084507
1
1
1.010752688172043
1
1
1.1111111111111112
1
1
1.0434782608695652
1
1
1
1
1
1.0833333333333333
1
1
1
1
1
1.0
1
1
1.011764705882353
1
1
1.0
1
1
1
1
1
1.0
1
1
1
1
1
1.0136986301369864
1
1
1.0
1
1
1.0
1
1
1.02
1
1
1.1666666666666667
1
1
1.3333333333333333
1
1
1.0
1
1
1.0
1.16
1
1.1111111111111112
1
1
1
1
1
1
1
1
1.0769230769230769
1
1
1.0121951219512195
1
1
1.0
1.0
1.0256410256410255
1
1.0
1.0588235294117647
1
1
1
1.0
1
1
1.1111111111111112
1
1
1.0
1
1
1.0
1
1
1.0588235294117647
1
1
1.0266666666666666
1
1
1.0
1
1
1.0
1
1
1
1
1
1.0
1
1
1.0625
1
1
1.0535714285714286
1
1
1.0724637681159421
1
1
1.1046511627906976
1
1
1.0769230769230769
1
1
1.0
1
1
1.0294117647058822
1
1
1.0344827586206897
1
1
1.0
1
1
1.0
1
1
1
1
1
1.0
1
1
1
1
1
1.1818181818181819
1
1
1.0
1
1
1.0
1
1
1.025
1
1
1.1111111111111112
1
1
1.0816326530612246
1
1
1.045045045045045
1
1
1.0
1
1
1.2
1
1
1.1518987341772151
1.0759493670886076
1
1.0638297872340425
1
1.0357142857142858
1
1
1
1.103448275862069
1
1
1.0454545454545454
1
1
1.0
1
1
1.2535211267605635
1
1
1.1666666666666667
1
1
1.0425531914893618
1
1
1.0
1
1
1.025
1
1
1
1
1
1
1
1
1.0
1
1
1.0172413793103448
1
1
1
1
1
1.0
1
1
1.0
1
1
1.0
1
1
1.0
1
1
1.0344827586206897
1
1
1
1
1
1.1764705882352942
1
1
1.0
1.0625
1
1.05
1.0
1
1.0526315789473684
1
1.0
1
1
1.0294117647058822
1
1
1.0
1
1
1.0
1
1
1.0
1
1
1.0217391304347827
1
1
1.0
1
1
1.0
1
1
1.0
1
1
1.1071428571428572
1
1
1
1
1
1.1147540983606556
1
1
1.0571428571428572
1
1
1.074074074074074
1
1
1.0
1
1
1.025
1
1
1.0384615384615385
1
1
1.0307692307692307
1
1
1.0
1
1
1.037037037037037
1
1
1.0508474576271187
1
1
1.054054054054054
1
1
1.0
1
1
1.0
1
1
1.0
1
1
1.1111111111111112
1
1
1.0208333333333333
1
1
1.0
1
1
1.0
1
1
1.0
1
1
1.054054054054054
1
1
1.0
1
1
1.0588235294117647
1
1
1.0333333333333334
1
1
1
1
1
1.2
1
1
1.103448275862069
1
1
1.0
1
1
1.2
1
1
1.0909090909090908
1
1
1
1
1
1
1
1
1.0
1
1
1.0
1
1
1.0
1
1
1.0
1
1
1.0
1
1
1.0
1
1
1.0
1
1
1.0
1
1
1.0
1
1
1
1
1
1.0
1
1
1.0
1
1
1
1
1
1
1
1
1.1
1
1
1.0
1
1
1.1166666666666667
1
1
1.065217391304348
1
1
1.0
1
1
1.0
1.0
1
1.2727272727272727
1
1.0454545454545454
1
1
1.125
1
1
1
1.02
1
1
1.3
1
1
1
1.0
1
1
1.0
1.046875
1
1.0
1
1
1.0
1
1
2.0
1
1
1.0
1
1
1.0701754385964912
1
1
1.3333333333333333
1
1
1
1
1
1.1111111111111112
1
1
1.0
1
1
1.0
1
1
1.0
1
1
1
1
1
1.0096153846153846
1
1
1.0
1
1
1.0
1
1
1
1
1
1.0
1
1
1.0
1
1
1
1
1
1.0
1
1
1
1
1
1
1
1
1.0
1
1
1.0
1
1
1.0227272727272727
1
1
1.0847457627118644
1
1
1.0579710144927537
1
1
2.0
1
1
1.0
1
1
1.0526315789473684
1
1
1.0
1
1
1
1
1
1.0476190476190477
1
1
1
1
1
1.0
1
1
1.0
1
1
1.0384615384615385
1
1
1.0
1
1
1
1.0
1.1395348837209303
1
1.0476190476190477
1
1
1.1860465116279069
1
1
1.0
1
1
1.0
1
1
1.0512820512820513
1
1
1.032258064516129
1
1
1.0
1
1
1.064516129032258
1
1
1.0
1
1
1.024390243902439
1
1
1.0
1
1
1.0
1
1
1.0
1
1
1.0
1
1
1
1
1
1.03125
1
1
1
1
1
1.1071428571428572
1
1
1.1
1
1
1.0
1
1
1.0
1
1
1.0588235294117647
1
1
1.0
1
1
1.0277777777777777
1
1
1.0
1
1
1.0
1
1
1.0
1
1
1.1538461538461537
1
1
1
1
1
1.1333333333333333
1
1
1.0
1
1
1
1
1
1.0
1
1
1.0149253731343284
1
1
1
1
1
1
1
1
1.0
1
1
1.0
1
1
1.0909090909090908
1
1
1.0869565217391304
1
1
1.0
1
1
1.0588235294117647
1
1
1
1
1
1.25
1
1
1.0909090909090908
1
1
1.0434782608695652
1
1
1
1
1
1.0
1
1
1.0
1
1
1.04
1
1
1.0503597122302157
1
1
1.0671641791044777
1
1
1.0
1
1
1.0
1
1
1.0
1
1
1.0
1.0
1
1.0952380952380953
1
1.0
1
1
1.0666666666666667
1
1
1.0
1
1
1
1
1
1
1
1
1
1.0
1
1
1.037037037037037
1
1
1.0864197530864197
1.02
1.0384615384615385
1.0634920634920635
1
1.0655737704918034
1
1.0
1
1.0
1
1
1.0392156862745099
1
1
1.074074074074074
1
1
1.0
1
1
1.0265486725663717
1
1
1.0
1
1
1.0
1
1
1.027027027027027
1
1
1.0714285714285714
1
1
1.0285714285714285
1
1
1.0
1
1
1.0
1
1
1
1
1
1
1
1
1.0
1
1
1.065217391304348
1
1
1
1.1666666666666667
1
1
1
1
1
1
1.0
1
1
1.0
1
1
1
1
1
1.0
1.0
1
1
1
1
1
1
1.0
1
1
1.0
1
1
1
1
1
1.1515151515151516
1
1
1.0422535211267605
1
1
1.05
1
1
1.0833333333333333
1
1
1.0222222222222221
1
1
1
1.04
1
1
1.0
1
1
1.0
1
1
1.0344827586206897
1
1
1.0
1
1
1
1
1
1.0833333333333333
1
1
1.0714285714285714
1
1
1.0375
1
1
1.0
1
1
1.0
1
1
1.0
1
1
1.027027027027027
1
1
1.0263157894736843
1
1
1.0660377358490567
1.0444444444444445
1
1.0136986301369864
1
1
1.0
1
1
1.0
1
1
1.0
1
1
1
1
1
1.0
1
1
1
1
1
1.0
1
1
1.0
1
1
1.0
1
1
1.0
1
1
1.0
1
1
1.0
1
1
1.0
1
1
1.0416666666666667
1
1
1.0
1
1
1.0
1
1
1.0
1
1
1.0
1
1
1.0
1
1
1.0
1
1
1.0526315789473684
1
1
1
1
1
1.0
1
1
1.0
1
1
1.0
1
1
1.0
1
1
1.0
1
1
1
1
1
1
1
1
1.0
1
1
1.0
1
1
1.0
1
1
1.0
1
1
1.0
1.0
1.0
1
1.0
1
1.0
1
1
1.0
1
1
1.0
1
1
1.0
1
1
1.0
1
1
1
1
1
1.0
1
1
1.0
1
1
1.0
1
1
1.0
1
1
1.0
1
1
1.0
1
1
1.0
1
1
1.0
1
1
1.0
1
1
1.0185185185185186
1
1
1.0
1
1
1.0
1
1
1.0
1
1
1.0
1
1
1.0
1
1
1.0
1
1
1.0
1
1.0909090909090908
1
1
1.0
1
1
1
1
1
1.0
1
1
1.0
1
1
1.0
1
1
1.0
1
1
1
1.0625
1
1
1
1
1.0
1
1
1
1
1
1
1
1
1
1.0
1
1
1.0
1
1
1
1
1
1
1
1
1.0
1
1
1.0
1
1
1.0
1
1
1.0
1
1
1
1
1
1.1304347826086956
1
1
1.0
1
1
1.0833333333333333
1
1
1.0
1
1
1.25
1
1
1.0454545454545454
1
1
1.0
1
1
1.0344827586206897
1
1
1.0
1
1
1
1.0
1
1
1.0434782608695652
1
1
1.0
1
1
1
1
1
1.048
1
1
1.074468085106383
1
1
1.0384615384615385
1
1
1.0
1
1
1.0
1
1
1.0
1
1
1.0
1
1
1.0363636363636364
1
1
1
1
1
1
1.0
1
1
1
1
1
1.0
1
1
1.0
1
1
1
1
1
1.0
1
1
1.0
1
1
1.0
1
1
1.0
1
1
1.03125
1
1
1.0
1.0
1
1
1
1
1.025
1
1
1.0
1
1
1.0
1
1
1.0
1
1
1.0
1
1
1.0
1
1
1.0909090909090908
1
1
1.0701754385964912
1.0263157894736843
1
1.0254237288135593
1
1.0
1
1
1.1379310344827587
1
1
1
1.0
1
1
1
1
1
1.0
1
1
1.0
1
1
1.0425531914893618
1
1
1.0
1
1
1.0
1
1
1
1
1
1.0
1
1
1.018181818181818
1
1
1.0
1
1
1.0222222222222221
1
1
1.0
1
1
1.16
1
1
1.0615384615384615
1
1
1.0
1
1
1
1
1
1.0
1
1
1.0217391304347827
1
1
1.0
1.0
1
1.0
1
1.0
1
1
1.0
1
1.0
1
1
1
1
1
1
1
1
1
1
1.0
1
1
1.1020408163265305
1
1
1.0465116279069768
1
1
1.1176470588235294
1
1
1.0327868852459017
1
1
1.0
1
1
1.0
1
1
1
1
1
1.0
1
1
1.065217391304348
1
1
1.0
1
1
1.0198019801980198
1
1
1.0
1
1
1.0
1
1
1.0
1
1
1.0425531914893618
1
1
1.0
1
1
1
1
1
1
1
1
1.0
1
1
1.0454545454545454
1
1
1.0
1
1
1.0294117647058822
1.0
1.0545454545454545
1.0588235294117647
1.0
1
1.027027027027027
1.0
1
1
1
1.04
1
1
1.032258064516129
1
1.1
1
1
1.0
1
1
1
1
1.0238095238095237
1.0
1
1.0
1
1
1.0
1
1
1.0
1
1
1.0
1
1
1.0
1
1
1.0
1
1
1
1
1
1.5
1
1
1.0851063829787233
1
1
1.0
1
1
1.0
1
1
1.0
1
1
1.0
1
1
1.0
1.0833333333333333
1
1.0344827586206897
1
1
1
1
1
1.0588235294117647
1
1
1.0
1
1
1.037037037037037
1.0
1
1.0
1.0408163265306123
1
1.0
1.0
1
1.0869565217391304
1
1.0
1
1
1.0
1
1
1
1
1
1
1
1
1
1.0
1
1
1.0
1
1
1.0
1
1
1
1
1
1
1
1
1
1
1
1
1.0
1
1
1
1
1
1.2
1
1
1
1
1
1.0
1
1
1
1
1.1111111111111112
1.0571428571428572
1.0833333333333333
1
1.0
1
1
1.0
1
1
1.0
1
1
1.0212765957446808
1
1
1.1052631578947367
1
1
1
1
1
1.042857142857143
1
1
1.0
1
1
1.0
1
1
1.0
1
1
1
1
1
1
1
1
1.0454545454545454
1
1
1.0
1
1
1.1
1
1
1.0
1
1
1.0
1
1
1
1
1
1.0
1
1
1.0
1
1
1.0
1
1
1.0
1
1
1.0
1
1
1.0
1
1
1
1
1
1.0
1
1
1.0
1
1
1.0
1
1
1.0
1
1
1.0
1
1
1.0
1
1
1.0
1
1
1.0
1
1
1.0833333333333333
1
1
1.0
1
1
1.0
1
1
1
1
1
1
1.04
1
1
1.0434782608695652
1
1
1.043103448275862
1
1
1.04
1
1
1.0161290322580645
1
1
1.0609756097560976
1
1
1
1
1
1.0
1
1
1.0
1
1
1.0
1
1
1.0545454545454545
1
1
1.050420168067227
1
1
1.0
1
1
1.05
1
1
1.0
1
1
1.037037037037037
1
1
1.0
1
1
1.0
1
1
1.0
1
1
1.0769230769230769
1
1
1.0
1
1
1
1
1
1.0
1
1
1.0
1
1
1.0
1
1
1.1428571428571428
1
1
1.1428571428571428
1
1
1.0666666666666667
1
1
1.1666666666666667
1
1
1.0
1
1
1
1
1
1
1
1
1.0
1
1
1.0217391304347827
1
1
1
1
1
1.0
1
1
1.0
1
1
1.0
1
1
1.088235294117647
1
1
1.0
1
1
1.048780487804878
1
1
1.0
1
1
1.0
1
1
1.0
1
1
1.0
1
1
1
1
1
1.094488188976378
1
1
1.0
1
1
1.0
1
1
1.0769230769230769
1
1
1.0
1
1
1
1
1
1.0
1
1
1.0526315789473684
1
1
1.0
1.0
1.0
1
1.0
1
1.0
1
1
1.0357142857142858
1.0
1.0
1
1.0
1
1
1
1
1.0
1
1
1
1
1
1.1
1
1
1.0
1.0
1
1.0470588235294118
1
1.0
1
1
1
1.0476190476190477
1
1
1.0
1
1
1.0
1
1
1.0
1
1
1
1
1
1
1
1
1.0
1
1
1.0344827586206897
1
1
1.0
1.0571428571428572
1
1.0
1
1.0
1
1
1
1.0
1
1
1
1.1
1
1
1.0
1
1
1.0
1
1
1.0
1
1
1.0
1
1
1.0
1
1
1.0
1
1
1.0
1
1
1.0
1
1
1.0
1
1
1.03125
1
1
1
1
1
1.0
1
1
1.0
1
1
1.0256410256410255
1
1
1.0
1
1
1.0
1
1
1.025
1
1
1.0476190476190477
1
1
1.0625
1
1
1.0
1
1
1
1
1
1.0
1
1
1.1355932203389831
1
1
1.0
1
1
1.0
1
1
1
1
1
1
1
1
1
1
1
1
1.0
1
1
1.0
1
1
1.0
1
1
1.0
1
1
1
1
1
1.0172413793103448
1
1
1
1
1
1.1428571428571428
1
1
1.2058823529411764
1
1
1.0571428571428572
1
1
1.0526315789473684
1
1
1.0
1
1
1.1428571428571428
1
1
1.5
1
1
1.0
1
1
1.0
1
1
1.0
1
1
1
1
1
1.0
1
1
1.0535714285714286
1
1
1.1320754716981132
1
1
2.0
1
1
1
1
1
1.0
1
1
1.095890410958904
1
1
1.0
1
1
1.044776119402985
1
1
1.2523364485981308
1.1015625
1.0422535211267605
1
1
1.0
1
1
1.0
1
1
1.0
1
1
1.0
1
1
1.0
1
1
1
1
1
1.0
1
1
1
1
1
1.0
1
1
1.0119047619047619
1
1
1.02
1
1
2.0
1
1
1.0
1
1
1.0
1
1
1.0
1
1
1.1167883211678833
1
1
1
1
1
1
1
1
1.0
1
1
1
1
1
1.0
1
1
1.0
1
1
1.1666666666666667
1
1
1.0232558139534884
1
1
1.1333333333333333
1
1
1
1
1
1
1
1
1
1
1
1.0
1
1
1
1
1
1.0
1
1
1
1
1
1.375
1
1
1.0185185185185186
1
1
1.08
1
1
1.1538461538461537
1
1
1.0
1
1
1.0
1
1
1.0
1
1
1.0
1
1
1.0
1
1
1.0289855072463767
1
1
1.0
1
1
1.0
1
1
1.0232558139534884
1
1
1.0588235294117647
1
1
1.0
1
1
1.0126582278481013
1
1
1.0
1
1
1.108695652173913
1
1
1.148936170212766
1
1
1.0602409638554218
1
1
1
1
1
1.0
1
1
1.0
1
1
1.0
1
1
1
1
1
1.0416666666666667
1
1
1.0625
1
1
1.0263157894736843
1
1
1
1
1
1.0405405405405406
1
1
1.125
1
1
1.125
1
1
1.0
1
1
1.0769230769230769
1
1
1.0
1
1
1.1
1
1
1.0
1
1
1.0119047619047619
1
1
1
1
1.0
1
1
1.1
1
1
1
1
1
1.0
1
1
1.0
1
1
1
1
1
1.0
1
1
1
1
1
1
1
1
1.1081081081081081
1
1
1.0
1
1
1
1
1
1
1
1
1.0
1
1
1.1041666666666667
1
1
1.0
1
1
1.0
1
1
1.0
1
1
1.0
1
1
1
1
1
1
1
1
1.0
1
1
1.013157894736842
1
1
1.0
1
1
1.0
1
1
1.0555555555555556
1.0
1
1.0
1
1.063157894736842
1
1
1
2.0
1
1
1.1081081081081081
1
1
1.0
1
1
1.0
1
1
1.0
1
1
1.0
1
1
1.0
1
1
1
1
1
1.0
1
1
1
1.2380952380952381
1
1
1.15
1
1
1.0588235294117647
1
1
1.125
1
1
1.0657894736842106
1
1
1.2
1.0
1
1.0
1
1.0769230769230769
1
1
1
1
1
1
1.030612244897959
1
1
1.103448275862069
1
1
1.0
1
1
1.0
1
1
1.04
1
1
1.0
1
1
1.0666666666666667
1
1
1.0
1
1
1.0909090909090908
1
1
1.0526315789473684
1
1
1.0
1
1
1.0
1
1
1.025
1
1
1.0
1
1
1.0
1
1
1.0704225352112675
1
1
1.0545454545454545
1
1
1
1
1
1.0909090909090908
1
1
1.08
1
1
1.0833333333333333
1
1
1.0
1
1
1.0
1
1
1.0
1
1
1.0288461538461537
1
1
1.0
1
1
1.0
1
1
1.0
1
1
1.0337078651685394
1
1
1
1
1
2.0
1
1
1.0298507462686568
1
1
1.013157894736842
1
1
1.0266666666666666
1
1
1
1
1
1.0
1
1
1
1
1
1.0267857142857142
1
1
1.032258064516129
1
1
1
1
1
1.0185185185185186
1
1
1.1111111111111112
1
1
1.0
1
1
1.125
1
1
1.0
1
1
1
1
1
1
1
1
1
1.0
1
1
1.0
1
1
1
1
1
2.0
1
1
1
1
1
1
1
1
1.0185185185185186
1
1
1
1
1
1.0
1
1
1.0
1
1
1.0
1
1
1.0
1
1
1.0
1
1
1.0
1
1
1.0
1
1
1.0
1
1
1.0
1
1
1.0
1
1
1.0217391304347827
1
1
1.1
1
1
1.0535714285714286
1
1
1.0
1
1
1.0
1
1
1
1
1
1.0
1
1
1.0666666666666667
1
1
1.0434782608695652
1
1
1.0
1.021978021978022
1
1.2924528301886793
1
1
1.125
1
1
1.1
1
1
1.0
1
1
1.0
1
1
1
1
1
1.0555555555555556
1
1
1
1
1
1.0555555555555556
1
1
1.0789473684210527
1
1
1
1
1
1.069767441860465
1
1
1.0
1
1.0441176470588236
1
1
1
1.05
1
1
1.0526315789473684
1
1
1.0
1
1
1.0
1
1
1.0
1
1.0
1
1
1.1
1
1.0
1
1
1
1
1
1.0
1
1
1.0
1
1
1.0
1
1
1.0
1
1
1.0
1
1
1.0
1
1
1.0
1.0
1
1
1
1
1.0
1
1
1.0
1
1
1.0
1
1
1
1.0
1
1
1.0
1
1
1.1307692307692307
1
1.0609756097560976
1
1
1.018181818181818
1
1
1.25
1
1
1.0
1
1
1
1
1
1.0
1
1
1
1
1
1.0
1
1
1.054054054054054
1
1
1.0
1
1
1.0
1
1
1.0
1
1
1.0588235294117647
1
1
1.0
1
1
1.0
1
1
1.0188679245283019
1
1
1.0
1
1
1.1016949152542372
1
1
1.096774193548387
1
1
1.0625
1
1
1.0
1
1
1
1
1
1.0731707317073171
1
1
1.0
1
1
1.5
1.0
1
1.3333333333333333
1
1
1.125
1
1
1.1111111111111112
1
1
1.125
1
1
1
1
1
1
1.0
1
1
1.0
1
1
1.0784313725490196
1
1
1.0144927536231885
1
1
1.0
1
1
1.0
1
1
1.0
1
1
1
1
1
1.0
1
1
1.0
1
1
1.0
1
1
1.032258064516129
1
1
1.0333333333333334
1
1
1.0
1
1
1.0833333333333333
1
1
1.0
1
1
1
1
1
1.0
1
1
1.15
1
1
1.0714285714285714
1
1
1.0
1
1
1.0
1
1
2.0
1
1
1.0
1
1
1.0
1
1
1.0
1
1
1
1
1
1.0
1
1
1.0
1
1
1.0
1
1
1.0555555555555556
1
1
1
1
1
1
1.043956043956044
1
1
1.0
1
1
1.0
1.0
1
1.0
1
1.0
1.0
1
1.027027027027027
1
1.0
1
1
1
1
1.0
1
1
1.0
1
1
1
1
1
1.0
1
1
1.0256410256410255
1
1
1.0
1
1
1.1818181818181819
1
1
1.2222222222222223
1
1
1.0714285714285714
1
1
1.1666666666666667
1
1
1.0
1
1
1.1
1
1
1
1
1
1.0
1
1
1.1
1
1
1.1666666666666667
1
1
1
1
1
1.0
1
1
1.0
1
1
1.125
1
1
1.0
1
1
1.0978260869565217
1
1
1.0
1
1
1.0909090909090908
1
1
1.170731707317073
1
1
1
1.0
1
1
1.064516129032258
1
1
1.0
1
1
1.0909090909090908
1
1
1
1.0
1
1
1.0263157894736843
1
1
1.0
1
1
1.0
1
1
1.05
1
1
1.0178571428571428
1
1
1.0
1
1
1.08
1
1
1.0
1
1
1.0
1
1
1
1
1
1.0
1
1
1.1415094339622642
1
1
1.0142857142857142
1
1
1.08
1
1
1.0
1
1
1.1111111111111112
1
1
1.0
1
1
1.0303030303030303
1
1
1.0147058823529411
1
1
1
1
1
1.0
1
1
1.0
1
1
1
1
1
1
1
1
1.0
1
1
1.0
1
1
1.1
1
1
1.25
1
1
1
1
1
1.1384615384615384
1
1
1.0333333333333334
1
1
1.0
1
1
1.0
1
1
1
1
1
1.0
1
1
1.0545454545454545
1
1
1.0
1
1
1.0714285714285714
1
1
1.1129032258064515
1.0952380952380953
1.0864197530864197
1
1.0851063829787233
1
1.0
1
1
1
1.0
1
1
1.0851063829787233
1
1
1
1.088235294117647
1
1
1
1
1
1.0
1
1
1.0754716981132075
1
1
1
1
1
1.0
1
1
1.02803738317757
1
1
1.0163934426229508
1
1
1.025974025974026
1
1
1
1
1
1
1
1
1.0357142857142858
1
1
1.0379746835443038
1
1
1.0
1
1
1.0606060606060606
1
1
1.0166666666666666
1
1
1.048780487804878
1
1
1.0
1
1
1.0
1
1
1.0
1.0
1
1.3333333333333333
1
1
1.0
1
1
1
1
1
1.0
1
1
1
1
1
1.0
1
1
1.0256410256410255
1
1
1
1
1
1.0
1
1
1.0
1
1
1.096774193548387
1
1
1.0
1
1
1
1.0196078431372548
1
1
1.1
1
1
1.0
1
1
1.0
1
1
1.0
1
1
1.0491803278688525
1
1
1
1
1
1.0
1
1
1.0416666666666667
1
1
1
1
1
1.25
1
1
1.0
1
1
1.0441176470588236
1
1
1.1037037037037036
1
1
1.2
1
1
1.0769230769230769
1
1
1.0212765957446808
1
1
1.0416666666666667
1
1
1.032258064516129
1
1
1.0
1
1
1.0
1
1
1.0333333333333334
1
1
1.0833333333333333
1
1
1.0
1
1
1.0
1
1
1.0
1
1
1.0303030303030303
1
1
1.0454545454545454
1
1
1
1
1
1.0
1
1
1.074074074074074
1
1
1.0593220338983051
1
1
1.1111111111111112
1
1
1.0
1
1
1.0
1
1
1.0
1
1
1
1
1
1
1
1
1.0222222222222221
1
1
1.0
1
1
1.0
1.0
1
1.0
1
1
1.0
1
1
1.0
1
1
1.0
1
1
1.0
1
1
1.0
1
1
1.064102564102564
1
1
1.0208333333333333
1
1
1.0
1
1
1
1
1
1
1
1.025
1
1
1.0416666666666667
1
1
1
1
1
1.0
1
1
1.0666666666666667
1
1
1.0
1
1
1.0625
1
1
1.0
1
1
1.0
1
1
1.0
1
1
1.0817307692307692
1
1
1
1
1
1.0
1
1
1.0512820512820513
1
1
1.2
1
1
1.0
1
1
1.0
1
1
1.0
1
1
1
1
1
1
1
1
1.0
1
1
1.0
1
1
1
1
1
1
1
1
1.0
1
1
1.0317460317460316
1
1
1.0
1
1
1.0116279069767442
1
1
1.041237113402062
1
1
1.0
1
1
1.0545454545454545
1.0394736842105263
1
1.0634920634920635
1
1.0
1
1
1
1.0
1
1
1.0
1
1
1
1
1
1.0
1
1
1.125
1
1
1.0
1
1
1.0833333333333333
1
1
1.0
1
1
1.037037037037037
1
1
1.0689655172413792
1
1
1.0
1
1
1.1
1
1
1.04
1
1
1.0
1
1
1.0
1
1
1.0
1
1
1
1
1
1.2
1
1
1
1
1
1.0
1
1
1.0606060606060606
1
1
1
1
1
1.0
1
1
1.0
1.25
1
1.0
1
1
1.0666666666666667
1.0
1
1.5
1
1
1.0
1
1
1.0298507462686568
1
1
1.0
1
1
1.0666666666666667
1
1
1.0
1
1
1.1063829787234043
1
1
1.0
1
1
1.027027027027027
1
1
1.0769230769230769
1
1
1.0
1
1
1.25
1
1
1.1666666666666667
1
1
1.0
1
1
1.05
1
1
1.069767441860465
1
1
1.0
1
1
1.0
1
1
1.0
1
1
1.0303030303030303
1
1
1.0
1
1
1
1
1
1
1
1
1.0
1
1
1.0
1
1
1
1
1
1.0
1
1
1.0
1
1
1.0
1
1
1.0
1
1
1.0
1
1
1
1
1.0
1
1
1.0
1
1
1.0
1
1
1
1
1
1.035294117647059
1
1
1.0
1.0
1
1.0666666666666667
1
1
1
1
1
1.0
1
1
1.0769230769230769
1
1
1
1
1
1.0
1
1
1.0
1
1
1.021505376344086
1
1
1.0526315789473684
1
1
1.0
1
1
1
1
1
1.0
1
1
1.0714285714285714
1
1
1.0
1
1
1.1428571428571428
1
1
1
1
1
1.0
1
1
1.0238095238095237
1
1
1.0119047619047619
1
1
1.1538461538461537
1
1
1.0
1
1
1.0
1
1
1.027027027027027
1
1
1.0123456790123457
1
1
1.0119047619047619
1
1
1.0240963855421688
1
1
1.0
1
1
2.0
1
1
1.0
1
1
1.0
1.0
1
1.0
1
1.0285714285714285
1
1
1
1
1
1
1
1
1
1
1.0
1
1
1.0384615384615385
1
1
1
1
1
1.0408163265306123
1
1
1.0
1
1
1.0
1.0
1
1.0454545454545454
1
1
1.0
1
1
1.0408163265306123
1
1
1.0303030303030303
1.0
1
1
1
1
1.0256410256410255
1
1
1
1
1
1.0
1
1
1.0
1
1.0
1
1
1.0
1
1
1.0
1
1
1.0
1
1
1
1
1
1.0
1
1
1.0686274509803921
1
1
1.0166666666666666
1
1
1.0
1
1
1.0
1
1
1.0
1
1
1
1
1
1.0
1
1
1
1
1
1
1
1
1.0
1
1
1
1
1
1.05
1
1
1.064516129032258
1
1
1.0303030303030303
1
1
1
1.1764705882352942
1
1
1.0
1
1
1.0303030303030303
1
1
1
1
1
1.125
1
1
1
1
1
1
1
1
1.125
1
1
1.0
1
1
1
1
1
1.0
1
1
1.0
1
1
1.0
1
1
1.0
1
1
1.05
1
1
1.0317460317460316
1
1
1.0
1
1
1.0
1
1
1.0
1
1
1
1
1
1.1052631578947367
1
1
1.0
1
1
1.0588235294117647
1
1
1
1
1
1.0666666666666667
1
1
1.0
1
1
1.0476190476190477
1
1
1.0
1
1
1.0
1
1
1.0
1
1
1.0555555555555556
1
1
1.0
1.0
1.0
1
1.2564102564102564
1.0594059405940595
1.1206896551724137
1
1.0769230769230769
1
1.0833333333333333
1
1.0
1
1
1.0
1
1
1.0
1
1
1.0
1
1
1
1
1
1.0
1
1
1
1
1
1.03125
1
1
1.0
1
1
1.0
1
1
1.0344827586206897
1
1
1.010752688172043
1
1
1.0
1
1
1.0
1
1.0
1
1
1
1
1
1
1.0909090909090908
1
1
1.0
1
1
1.0
1
1
1.0
1
1
1.0
1
1
1
1
1
1
1
1
1.0
1
1
1.2
1
1
1.0
1
1
1.0
1
1
1.0
1
1
1.0
1
1
1.0
1
1
1.0350877192982457
1
1
1.0
1
1
1.0175438596491229
1
1
1.0
1
1
1.0
1
1
1.0
1
1
1.0
1
1
1
1
1
1
1
1
1.0
1
1
1.0
1.0
1
1.0
1
1
1.0
1
1
1.0
1
1
1.0
1
1
1.0
1
1
1.0
1
1
1.0555555555555556
1
1
1.0
1
1
1.0833333333333333
1.0588235294117647
1
1.0
1
1.0
1
1
1.0
1
1
1
1
1
1
1.0
1
1
1.0714285714285714
1
1
1.0526315789473684
1
1
1.0
1
1
1.0
1
1
1
1
1
1
1
1
1.0476190476190477
1
1
1
1
1
1.0196078431372548
1
1
1.0120481927710843
1
1
1
1
1
1
1
1
1
1
1
1.05
1
1
1.0625
1
1
1.048780487804878
1
1
1.0
1
1
1.0555555555555556
1.0
1
1.0434782608695652
1
1.0
1
1
1.0
1
1
1.0
1
1
1
1
1
1.1666666666666667
1
1
1
1
1
1.0
1
1
1.1111111111111112
1
1
1
1
1
1.2
1
1
1
1
1
1
1
1
1
1
1
1.0
1
1.0
1
1.010989010989011
1
1
1.0
1
1
1.0
1
1
1
1
1
1
1
1
1.0
1
1
1.0
1
1
1
1
1
1
1
1
1
1
1
1
1.0
1
1
1.0
1
1
1.0
1
1
1.0212765957446808
1
1
1
1
1
1.0833333333333333
1
1
1.0909090909090908
1
1
1.0
1
1
1.0
1
1
1.0
1
1
1.0571428571428572
1.0434782608695652
1
1.0
1
1
1.0512820512820513
1
1
1.0
1
1
1.0
1
1
1.1666666666666667
1
1
1.5
1
1
1
1
1
1.0
1
1.0
1.0
1
1.0
1
1
1
1
1
1.0
1
1
1
1
1
1.0217391304347827
1
1
1.0
1
1
1.3333333333333333
1.0
1
1.0
1.0
1
1.0
1
1
1
1
1.0833333333333333
1
1
1.0384615384615385
1
1
1.0384615384615385
1
1
2.0
1
1
1.0
1
1
1
1
1
1.0
1
1
1.0
1
1
1.0
1
1
1
1
1
1.0
1
1
1
1
1
1.0
1
1
1.0520833333333333
1
1
1.0515463917525774
1
1
1.1764705882352942
1
1
1.036144578313253
1
1
1.0679611650485437
1
1
1.09375
1
1
1.25
1
1
1.0
1
1
1
1
1
1.0357142857142858
1
1
1.0
1
1
1.0
1
1
1
1
1
1.0
1
1
1.0
1
1
1.0
1
1
1.0
1
1
1.0277777777777777
1
1
1.0
1
1
1.0
1
1
1.0576923076923077
1
1
1.0105263157894737
1
1
1.0
1
1
1.2127659574468086
1
1
1.0
1
1
1
1
1
1.0
1
1
1
1
1
1.0
1
1
1.0
1
1
1.0
1
1
1.0
1
1
1.0
1
1
1.0
1
1
1.0
1
1
1.0
1
1
1.0
1
1
1.03125
1
1
1.0
1
1
1.0
1
1
1.0
1
1
1
1
1
1.0
1.0
1
1.0
1
1
1
1
1
1.0
1
1
1.1333333333333333
1
1
1.0
1
1
1
1
1
1.0
1
1
1.0
1
1
1.0
1
1
1.0
1
1
1
1
1
1.0227272727272727
1
1
1.1030927835051547
1
1
1.0526315789473684
1
1
1.0238095238095237
1
1
1.04
1
1
1.0
1
1
1.0476190476190477
1
1
1.0555555555555556
1
1
1.0
1
1
1.0576923076923077
1
1
1.0833333333333333
1
1
1.0
1
1
1.027027027027027
1
1
1.0384615384615385
1
1
1.0232558139534884
1
1
1.205128205128205
1
1
1.0833333333333333
1
1
1.0
1
1
1.0
1
1
1.0
1
1
1.058139534883721
1
1
1.0
1
1
1.0263157894736843
1
1
1.0
1
1
1.0
1
1
1.0
1
1
1
1
1
1.0
1
1
1.05
1
1
1
1
1
1.0
1
1
1.0
1
1
1.0
1
1
1
1
1
1.0909090909090908
1.1666666666666667
1
1.0
1
1
1.0
1
1.0
1
1
1.0
1.0
1
1.0
1
1
1.0476190476190477
1.0377358490566038
1.0
1.0
1.0227272727272727
1.0476190476190477
1.0533333333333332
1
1.0810810810810811
1.0625
1
1.0
1
1
1
1
1
1.0
1
1
1.0
1.0
1
1.0454545454545454
1
1.0357142857142858
1
1
1.0526315789473684
1
1
1.0408163265306123
1
1
1.0
1
1
1.088235294117647
1
1
1
1
1
1.0
1
1
1.0
1
1
1.054054054054054
1
1
1.0
1
1
1.0909090909090908
1
1
1.0
1
1
1
1
1
1.0
1
1
1.0303030303030303
1.06
1
1.1111111111111112
1
1
1
1.0
1
1
1.017094017094017
1
1
1.0573770491803278
1
1
1.0089285714285714
1
1
1
1
1
1.0285714285714285
1.0
1
1.0512820512820513
1
1
1
1
1
1.0909090909090908
1
1
2.0
1
1
1.1219512195121952
1
1
1.0625
1
1
1.0263157894736843
1
1
1.0454545454545454
1
1
1.1
1
1
1
1
1
1
1
1
1.0
1
1
1.0
1
1
1
1.0
1
1
1.0
1
1
1.0784313725490196
1
1
1.0
1
1
1.0
1
1
1.0
1
1
1.0
1
1
1.0
1
1
1.0
1
1
1
1
1
1.0
1
1
1.074074074074074
1
1
1.0833333333333333
1
1
1
1
1
1
1
1
1.0
1
1
1.0
1
1
1.0
1
1
1.0
1
1
1.0
1
1
1
1
1
1.0
1
1
1.0
1
1
1.0555555555555556
1
1
1.0545454545454545
1
1
1.0746268656716418
1
1
1
1
1
1.0
1
1
1.0
1
1
1.0
1
1
1.5
1
1
1.1428571428571428
1
1
1.0363636363636364
1
1
1.0375
1
1
1.0285714285714285
1
1
1.028301886792453
1
1
1.0
1
1
1.0
1
1
1
1
1
1
1.0
1
1
1.0384615384615385
1
1
1.0
1
1
1.0
1
1
1
1
1
1.0
1.0178571428571428
1
1.0
1
1
1
1
1
1.0263157894736843
1
1
1.0
1
1
1.0
1
1
1.0
1
1
1.0
1
1
1.0
1
1
1
1
1
1.0
1.0857142857142856
1
1.0333333333333334
1
1.1
1
1
1.0
1
1
1.0
1
1
1.0
1
1
1
1.0
1
1
1
1
1
1.0
1
1
1.0666666666666667
1
1
1.0
1
1
1.0
1
1
1.0
1
1
1
1
1
1
1
1
1.1206896551724137
1
1
1.0
1
1
1
1
1
1.0232558139534884
1
1
1
1
1
1.0
1
1
1.0442477876106195
1
1
1.0
1
1
1
1
1
1
1
1
1.0
1
1
1
1.0344827586206897
1
1
1.0227272727272727
1
1.1666666666666667
1
1
1
1
1
1
1.0416666666666667
1
1
1
1
1
1.0
1
1
1
1
1
1
1.0
1
1
1
1.0
1
1
1.0
1
1
1.0
1
1
1
1
1
1.0566037735849056
1
1
1.0
1
1
1.05
1
1
1.0714285714285714
1
1
1.0769230769230769
1
1
1.0
1
1
1.0
1
1
1.0
1
1
1.0769230769230769
1
1
1
1
1
1.0
1
1
1.0526315789473684
1
1
1.0263157894736843
1
1
1.0
1
1
1
1
1
1.0227272727272727
1
1
1.0
1
1
1.0769230769230769
1
1
1
1
1
1
1.0
1
1
1.0
1
1
1.0909090909090908
1
1
1.0444444444444445
1
1
1.0588235294117647
1
1
1.0
1
1
1
1
1
1.0
1.0
1
1.0909090909090908
1
1
1.0
1
1
1.0
1
1
1.0
1
1
1.0
1
1
1.096774193548387
1
1
1.0
1
1
1.0
1.0158730158730158
1
1.015625
1
1
1
1
1
1.0476190476190477
1
1
1.069767441860465
1
1
1.0
1
1
1.0357142857142858
1
1
1.0
1
1
1.0
1
1
1.0
1
1
1.0
1
1
1
1
1
1.0
1
1
1
1
1
1.0238095238095237
1
1
1.0
1
1
1
1
1
1.0
1
1
2.0
1
1
1
1
1
1.0
1
1
1.0
1
1
1.1
1
1
1.0666666666666667
1
1
1.0606060606060606
1
1
1
1
1
1.0526315789473684
1
1
1.0
1
1
1.1176470588235294
1
1
1.0
1
1
1.0192307692307692
1
1
1.0555555555555556
1
1
1.0909090909090908
1
1
1.0
1
1
1
1
1
1
1
1
1.0
1
1
1.0
1
1
1
1
1
1.0833333333333333
1
1
1.0
1
1
1.0655737704918034
1
1
1.0
1
1
1.0
1
1
1.0
1
1
1.0
1
1
1.0769230769230769
1
1
1.0344827586206897
1
1
1.1
1
1
1.03125
1
1
1.0
1
1
1.0441176470588236
1
1
1.0
1
1
1.0
1
1
1.0
1
1
1
1
1
1.0
1
1
1
1
1
1.1428571428571428
1
1
1.0434782608695652
1
1
1.0675675675675675
1
1
1.0952380952380953
1
1
1.05
1
1
1.0222222222222221
1
1
1.125
1
1
1.0
1
1
1.04
1
1
1.0689655172413792
1
1
1.0
1
1
1.0
1
1
1.0
1
1
1.0
1
1
1.5
1
1
1
1.0
1
1
1.0
1
1
1.0
1
1
1.0
1
1
1
1
1
1.0
1
1
1.0
1
1
1.0
1
1
1.0
1
1
1.0
1
1
1.0
1
1
1.0
1
1
1.0
1
1
1.0
1
1
1
1
1
1.0
1
1
1.0
1
1
1.0
1
1
1.0
1
1
1.0
1
1
1.2
1
1
1.0
1
1
1.0
1
1
1.0
1
1
1.1176470588235294
1
1
1.0
1
1
1.0
1
1
1
1
1
1.0
1
1
1.0
1
1
1.0
1
1
1.0
1
1
1
1
1
1.0
1
1
1.0
1
1
1
1
1
1
1
1
1.0
1
1
1.0
1
1
1.1176470588235294
1
1
1.0277777777777777
1
1
1.0
1
1
1.0
1
1
1.0
1
1
1.0425531914893618
1
1
1.0975609756097562
1
1
1.0
1
1
1.0909090909090908
1
1
1.0454545454545454
1
1
1
1
1
1.0
1
1
1.0857142857142856
1
1
1
1
1
1.0833333333333333
1
1
1.069767441860465
1
1
1.0
1
1
1.0
1
1
1.0491803278688525
1
1
1.0681818181818181
1
1
1.0
1
1
1.0
1
1
1.0
1
1
1.0
1
1
1.0666666666666667
1
1
1.0
1.0714285714285714
1
1.0
1
1
1.0
1
1
1.0
1
1
1.0
1
1
1.0
1
1
1
1
1
1.0
1
1
1.0
1
1
1
1
1
1
1
1
1.0425531914893618
1
1
1
1
1
1.0
1
1
1
1
1
1
1
1
1
1
1
1.0
1
1
1.0
1
1
1.0
1
1
1
1
1
1.0
1
1
1.0
1
1
1.0
1
1
1.0
1
1
1.0535714285714286
1
1
1
1
1
1
1
1
1
1
1
1.0
1
1
1.1
1
1
1.0
1
1
1.0
1
1
1.0985915492957747
1
1
1.0294117647058822
1
1
1.0
1
1
1.0625
1
1
1.0
1
1
1.0833333333333333
1
1
1
1
1
1
1
1
1.0
1
1
1
1
1
1
1
1
1.0
1
1
1.0526315789473684
1
1
1
1
1
1
1
1
1.02
1
1
1.0
1
1
1.0
1
1
1.0952380952380953
1.0625
1
1.0666666666666667
1
1
1.0
1
1
1.0465116279069768
1
1
1.0
1
1
1.0833333333333333
1
1
1.0
1
1
1.0
1
1
1.0161290322580645
1
1
1.0
1
1
1.1379310344827587
1
1
1.1403508771929824
1
1
1.0
1
1
1.0714285714285714
1
1
1.0
1
1
1.5
1
1
1.0833333333333333
1
1
1
1
1
1.4492753623188406
1
1
1.0
1
1
1
1
1
1.0
1.0
1
1.0
1
1
1.0
1
1
1.0
1
1
1.0252100840336134
1
1
1.037037037037037
1
1
1.0
1
1
1
1
1
1.0
1
1
1.027027027027027
1
1
1.0
1
1
1.0212765957446808
1
1
1.0
1
1
1.0357142857142858
1
1
1.054054054054054
1
1
1.0
1
1
1.2
1
1
1.6666666666666665
1
1
1.1176470588235294
1
1
1.0
1
1
1.0666666666666667
1
1
1.0
1
1
1.1428571428571428
1
1
1.1428571428571428
1
1
1
1
1
1.0
1
1
1.0
1
1
1.0
1
1
1.0714285714285714
1
1
1
1
1
1
1
1
1.0
1
1
1.0
1
1
1.0
1
1
1
1
1
1.0
1
1
1.0
1.0
1
1
1
1
1.0
1
1
1.0
1
1
1.0
1
1
1.0
1
1
1
1
1
1.0666666666666667
1
1
1.0
1
1
1.0
1
1
1
1
1
1.0344827586206897
1
1
1.0
1
1
1
1
1
1
1
1
1.0555555555555556
1
1
1.0
1
1
1.0
1
1
1.0
1
1
1.0
1
1
1.0
1
1
1.0
1
1
1.0
1
1
1.1025641025641026
1
1
1.0434782608695652
1
1
1.15
1
1
1.0
1
1
1.0
1
1
1.0
1
1
1.1111111111111112
1
1
1
1
1
1.0
1
1
1.0
1
1
1.0
1
1
1.0227272727272727
1
1
1.0
1
1
1.0
1
1
1.064102564102564
1
1
1.074074074074074
1
1
1.0
1
1
1
1
1
1
1
1
1.1538461538461537
1
1
1.25
1
1
1.1
1
1
1.0
1
1
1.0
1
1
1.0
1
1
1.1402439024390243
1.124031007751938
1
1.1382113821138211
1
1
1.0724637681159421
1
1
1.0588235294117647
1
1
1.0
1
1
1.0
1
1
1.0
1
1
1
1
1
1.0869565217391304
1
1
1
1
1
1.0
1
1
1.0
1
1
1.0769230769230769
1
1
1.0
1
1
1.0
1
1
1.0
1
1
1.1111111111111112
1
1
1.074074074074074
1
1
1.127659574468085
1
1
1.0294117647058822
1
1
1.0416666666666667
1
1
1.0
1
1
1.0
1
1
1.0638297872340425
1
1
1.077922077922078
1
1
1.0
1
1
1.0408163265306123
1
1
1.05
1
1
1.0
1
1
1.0
1
1
1.1714285714285715
1
1
1.1428571428571428
1
1
1.1111111111111112
1
1
1
1
1
1.0
1
1
1.0
1
1
1.2
1
1
1.1428571428571428
1
1
1.0
1
1
1.1081081081081081
1
1
1.1153846153846154
1
1
1.0689655172413792
1
1
1.0
1
1
1.0
1
1
1.0476190476190477
1
1
1.0
1
1
1.0
1
1
1.0
1
1
1
1
1
1.0
1
1
1.0
1
1
1.0
1
1
1.0
1
1
1.0
1
1
1
1
1
1.0
1
1
1.0819672131147542
1
1
1.0
1
1
1.0714285714285714
1
1
1.0263157894736843
1
1
1.0
1
1
1.0606060606060606
1.027027027027027
1
1.0
1
1
1.0
1
1
1.0
1
1
1.0545454545454545
1
1
1.1904761904761905
1
1
1.24
1
1
1.25
1
1
1.1578947368421053
1
1
1.0476190476190477
1
1
1.0555555555555556
1
1
1
1
1
1.0
1
1
1.0303030303030303
1
1
1.0
1
1
1.0
1
1
1.0
1
1
1.05
1
1
1
1
1
1.0105263157894737
1
1
1.03125
1
1
1.0
1
1
1.0
1
1
1
1
1
1.0
1
1
1.0
1
1
1.0
1
1
1.0
1
1
1
1.0
1
1
1.0
1
1
1.0
1
1
1.0
1
1
1.0
1
1
1.0
1
1
1.0
1
1
1.0
1
1
1.0
1
1
1.0
1
1
1.0
1
1
1.0
1
1
1.0
1
1
1.0
1
1
1.0
1
1
1.0
1
1
1.0
1
1
1.0
1
1
1.0
1
1
1.0
1
1
1.0
1.0
1.0
1
1.0566037735849056
1.05
1
1.0
1.0612244897959184
1
1.0
1
1.0
1
1
1.0
1
1
1.0
1
1
1.0769230769230769
1
1
1
1
1
1.0285714285714285
1
1
1.0
1
1
1.0555555555555556
1
1
1.0
1
1
1.0
1
1
1.0
1
1
1.0526315789473684
1
1
1.0
1
1
1.0909090909090908
1
1
1.05
1
1
1
1
1
1.0434782608695652
1
1
1.2222222222222223
1
1
1.0
1
1
1.0
1
1
1.25
1
1
1.032258064516129
1
1
1.0
1
1
1.0638297872340425
1
1
1.0
1
1
1.0
1
1
1.0
1
1
1.0
1
1
1.0
1
1
1.0
1
1
1
1
1
1.0
1
1
1.0277777777777777
1.0
1
1.0
1
1.0
1
1
1
1.0
1
1
1.027027027027027
1
1
1.0
1
1
1.0
1
1
1.0
1
1
1.0909090909090908
1
1
1
1.0256410256410255
1
1
1.0588235294117647
1
1
1.0476190476190477
1
1
1.0
1
1
2.0
1
1
1.0571428571428572
1
1
1.0416666666666667
1
1
1.0
1
1
1.0277777777777777
1
1
1.0
1
1
1
1.0
1
1
1
1
1
1.0714285714285714
1
1
1.0357142857142858
1
1
1
1
1
1
1.0
1
1
1.074074074074074
1
1
1
1
1
1
1
1
1.0
1
1
1.0617283950617284
1
1
1.3333333333333333
1
1
1.0
1
1
1.0
1
1
1.0
1
1
1.0
1
1
1.0714285714285714
1
1
1.0
1
1
1.0
1
1
1
1
1
1.0
1
1
1.0256410256410255
1.0
1
1.0238095238095237
1
1
1.0
1
1
1.0526315789473684
1
1
1.0
1
1
1.0666666666666667
1
1
1.0
1
1
1.0
1
1
1.0
1
1
1.0384615384615385
1
1
1.108695652173913
1
1
1.0
1
1
1.0
1
1
1.0
1
1
1.0
1
1
1.0
1
1
1.0
1
1
1
1
1
1.0
1
1
1.0588235294117647
1
1
2.0
1
1
1.0769230769230769
1
1
1.0666666666666667
1
1
1.1
1
1
1.0
1
1
1.0909090909090908
1
1
1.0
1
1
1.0
1
1
1
1
1
1.0
1
1
1.0
1
1
1.0
1
1
1.0
1
1
1
1
1
1.0
1
1
1.0
1
1
1.0277777777777777
1
1
1.0895522388059702
1
1
1.0384615384615385
1
1
1.0
1
1
1
1
1
1
1
1
1.0677966101694916
1
1
1.0
1.0392156862745099
1
1.0
1
1
1
1
1
1.0
1
1
1.04
1
1
1.0
1
1
1.0149253731343284
1
1
1.0
1
1
1
1
1
1.0
1
1
1.0
1
1
1
1
1
1.0
1
1
1.0666666666666667
1
1
1.0
1
1
1.2
1
1
1.04
1
1
1.0
1
1
1.0258620689655173
1
1
1.0
1
1
1
1
1
1.0384615384615385
1
1
1.0588235294117647
1
1
1.0
1
1
1.0416666666666667
1
1
1.0
1
1
1.0
1
1
1.0
1
1
1.0
1
1
1.0357142857142858
1
1
1.0952380952380953
1
1
1.0
1
1
1.0
1
1
1.0
1
1
1.0588235294117647
1
1
1.0441176470588236
1
1
1.0
1
1
1.0754716981132075
1
1
1.0810810810810811
1
1
1.0338983050847457
1
1
1.0
1
1
1.0
1
1
1.0714285714285714
1
1
1.0
1
1
1.0
1
1
1.15625
1
1
1.027027027027027
1
1
1.0
1
1
1.0
1
1
1.0
1
1
1.0285714285714285
1
1
1.0
1
1
1.0
1
1
1.0
1
1
1.0384615384615385
1
1
1.0666666666666667
1
1
1.0
1
1
1.0689655172413792
1
1
1.037037037037037
1
1
1.0416666666666667
1
1
1.0869565217391304
1
1
1.0
1
1
1.0
1
1
1.0
1
1
1.0
1
1
1.0869565217391304
1
1
1.0
1
1
1.0
1
1
1.0
1
1
1.0434782608695652
1
1
1.0476190476190477
1
1
1.0
1
1
1.0
1
1
1.0
1
1
1.0
1
1
1.125
1
1
1.0
1
1
1.0136986301369864
1
1
1.0
1
1
1.0
1
1
1.0
1
1
1.0
1
1
1
1
1
1.0277777777777777
1
1
1
1
1
1.0
1
1
1.3225806451612903
1
1
1.1428571428571428
1.4285714285714286
1
1.1428571428571428
1
1
1.2702702702702702
1
1
1.0
1
1
1.4
1.125
1
1.0
1
1
1
1
1
1.0
1
1
1.0
1
1
1.0
1
1
1.0357142857142858
1
1
1.0
1
1
1.0
1
1
1
1
1
1.0555555555555556
1
1
1.0
1
1
1.3703703703703702
1
1
1.0909090909090908
1
1
1.054054054054054
1.1333333333333333
1
1.103448275862069
1
1
1.0
1
1
1.1666666666666667
1
1
1.1538461538461537
1
1
1.0277777777777777
1
1
1.1111111111111112
1
1
1.0
1
1
1.0454545454545454
1
1
1.0151515151515151
1
1
1.0588235294117647
1
1
1.0227272727272727
1
1
1.024390243902439
1
1
1.0
1
1
1.0689655172413792
1
1
1.0434782608695652
1
1
1.0
1
1
1.0
1
1
1.0
1
1
1.1764705882352942
1
1
1.0
1
1
1.0
1
1
1.0
1
1
1.018181818181818
1
1
1
1
1
1.0
1
1
1.0256410256410255
1
1
1.0
1
1
1.0
1
1
1.0
1
1
1.0
1
1
1.0
1
1
1
1
1
1
1
1
1.129032258064516
1
1
1.04
1
1
1.0
1
1
1.1304347826086956
1
1
1.0
1
1
1.0
1
1
1.0
1
1
1.0
1
1
1.0
1
1
1.0265486725663717
1
1
1.0833333333333333
1
1
1.0
1
1
1.0
1
1
1.1136363636363635
1
1
1.0175438596491229
1
1
1
1
1
1.0
1
1
1.1
1
1
1.0
1
1
1.0
1
1
1.0681818181818181
1
1
1.054054054054054
1
1
1.0
1
1
1.0303030303030303
1
1
1.0
1
1
1.1612903225806452
1
1
1.0
1
1
1.0
1
1
1.0
1
1
1.018181818181818
1
1
1.0
1
1
1.0175438596491229
1
1
1.03125
1
1
1.0638297872340425
1
1
1.0
1
1
1.0909090909090908
1
1
1.0
1
1
1.0
1
1
1.3333333333333333
1
1
1.0
1
1
1.0
1
1
1.0
1
1
1.0714285714285714
1
1
1.0
1
1
1.0172413793103448
1
1
1.0196078431372548
1
1
1.0
1
1
1.0
1
1
1.0128205128205128
1
1
1.0
1
1
1.0
1
1
1.0212765957446808
1
1
1.0434782608695652
1
1
1.0
1
1
1.0
1
1
1.0
1
1
1.0
1
1
1.0714285714285714
1.0
1
1.0
1
1
1.0909090909090908
1
1
1.0
1
1
1.0
1
1
1.0
1
1
1.0
1
1
1.0
1
1
2.0
1
1
1
1
1
1
1
1
1
1
1
1
1
1
1
1
1
1
1
1
1
1
1
1
1
1
1
1
1
1
1
1
1
1
1
1
1
1
1
1
1
1
1
1
1
1
1
1
1
1
1
1
1
1
1
1
1
1
1
1
1
1
1
1
1
1
1
1
1
1
1
1
1
1
1
1
1
1
1
1
1
1
1
1
1
1
1
1
1
1
1
1
1
1
1
1
1
1
1
1
1
1
1
1
1
1
1
1
1
1
1
1
1
1
1
1
1
1
1
1
1
1
1
1
1
1
1
1
1
1
1
1
1
1
1
1
1
1
1
1
1
1
1
1
1
1
1
1
1
1
1
1
1
1
1
1
1
1
1
1
1
1
1
1
1
1
1
1
1
1
1
1
1
1
1
1
1
1
1
1
1
1
1
1
1
1
1
1
1
1
1
1
1
1
1
1
1
1
1
1
1
1
1
1
1
1
1
1
1
1
1
1
1
1
1
1
1
1
1
1
1
1
1
1
1
1
1
1
1
1
1
1
1
1
1
1
1
1
1
1
1
1
1
1
1
1
1
1
1
1
1
1
1
1
1
1
1
1
1
1
1
1
1
1
1
1
1
1
1
1
1
1
1
1
1
1
1
1
1
1
1
1
1
1
1
1
1
1
1
1
1
1
1
1
1
1
1
1
1
1
1
1
1
1
1
1
1
1
1
1
1
1
1
1
1
1
1
1
1
1
1
1
1
1
1
1
1
1
1
1
1
1
1
1
1
1
1
1
1
1
1
1
1
1
1
1
1
1
1
1
1
1
1
1
1
1
1
1
1
1
1
1
1
1
1
1
1
1
1
1
1
1
1
1
1
1
1
1
1
1
1
1
1
1
1
1
1
1
1
1
1
1
1
1
1
1
1
1
1
1
1
1
1
1
1
1
1
1
1
1
1
1
1
1
1
1
1
1
1
1
1
1
1
1
1
1
1
1
1
1
1
1
1
1
1
1
1
1
1
1
1
1
1
1
1
1
1
1
1
1
1
1
1
1
1
1
1
1
1
1
1
1
1
1
1
1
1
1
1
1
1
1
1
1
1
1
1
1
1
1
1
1
1
1
1
1
1
1
1
1
1
1
1
1
1
1
1
1
1
1
1
1
1
1
1
1
1
1
1
1
1
1
1
1
1
1
1
1
1
1
1
1
1
1
1
1
1
1
1
1
1
1
1
1
1
1
1
1
1
1
1
1
1
1
1
1
1
1
1
1
1
1
1
1
1
1
1
1
1
1
1
1
1
1
1
1
1
1
1
1
1
1
1
1
1
1
1
1
1
1
1
1
1
1
1
1
1
1
1
1
1
1
1
1
1
1
1
1
1
1
1
1
1
1
1
1
1
1
1
1
1
1
1
1
1
1
1
1
1
1
1
1
1
1
1
1
1
1
1
1
1
1
1
1
1
1
1
1
1
1
1
1
1
1
1
1
1
1
1
1
1
1
1
1
1
1
1
1
1
1
1
1
1
1
1
1
1
1
1
1
1
1
1
1
1
1
1
1
1
1
1
1
1
1
1
1
1
1
1
1
1
1
1
1
1
1
1
1
1
1
1
1
1
1
1
1
1
1
1
1
1
1
1
1
1
1
1
1
1
1
1
1
1
1
1
1
1
1
1
1
1
1
1
1
1
1
1
1
1
1
1
1
1
1
1
1
1
1
1
1
1
1
1
1
1
1
1
1
1
1
1
1
1
1
1
1
1
1
1
1
1
1
1
1
1
1
1
1
1
1
1
1
1
1
1
1
1
1
1
1
1
1
1
1
1
1
1
1
1
1
1
1
1
1
1
1
1
1
1
1
1
1
1
1
1
1
1
1
1
1
1
1
1
1
1
1
1
1
1
1
1
1
1
1
1
1
1
1
1
1
1
1
1
1
1
1
1
1
1
1
1
1
1
1
1
1
1
1
1
1
1
1
1
1
1
1
1
1
1
1
1
1
1
1
1
1
1
1
1
1
1
1
1
1
1
1
1
1
1
1
1
1
1
1
1
1
1
1
1
1
1
1
1
1
1
1
1
1
1
1
1
1
1
1
1
1
1
1
1
1
1
1
1
1
1
1
1
1
1
1
1
1
1
1
1
1
1
1
1
1
1
1
1
1
1
1
1
1
1
1
1
1
1
1
1
1
1
1
1
1
1
1
1
1
1
1
1
1
1
1
1
1
1
1
1
1
1
1
1
1
1
1
1
1
1
1
1
1
1
1
1
1
1
1
1
1
1
1
1
1
1
1
1
1
1
1
1
1
1
1
1
1
1
1
1
1
1
1
1
1
1
1
1
1
1
1
1
1
1
1
1
1
1
1
1
1
1
1
1
1
1
1
1
1
1
1
1
1
1
1
1
1
1
1
1
1
1
1
1
1
1
1
1
1
1
1
1
1
1
1
1
1
1
1
1
1
1
1
1
1
1
1
1
1
1
1
1
1
1
1
1
1
1
1
1
1
1
1
1
1
1
1
1
1
1
1
1
1
1
1
1
1
1
1
1
1
1
1
1
1
1
1
1
1
1
1
1
1
1
1
1
1
1
1
1
1
1
1
1
1
1
1
1
1
1
1
1
1
1
1
1
1
1
1
1
1
1
1
1
1
1
1
1
1
1
1
1
1
1
1
1
1
1
1
1
1
1
1
1
1
1
1
1
1
1
1
1
1
1
1
1
1
1
1
1
1
1
1
1
1
1
1
1
1
1
1
1
1
1
1
1
1
1
1
1
1
1
1
1
1
1
1
1
1
1
1
1
1
1
1
1
1
1
1
1
1
1
1
1
1
1
1
1
1
1
1
1
1
1
1
1
1
1
1
1
1
1
1
1
1
1
1
1
1
1
1
1
1
1
1
1
1
1
1
1
1
1
1
1
1
1
1
1
1
1
1
1
1
1
1
1
1
1
1
1
1
1
1
1
1
1
1
1
1
1
1
1
1
1
1
1
1
1
1
1
1
1
1
1
1
1
1
1
1
1
1
1
1
1
1
1
1
1
1
1
1
1
1
1
1
1
1
1
1
1
1
1
1
1
1
1
1
1
1
1
1
1
1
1
1
1
1
1
1
1
1
1
1
1
1
1
1
1
1
1
1
1
1
1
1
1
1
1
1
1
1
1
1
1
1
1
1
1
1
1
1
1
1
1
1
1
1
1
1
1
1
1
1
1
1
1
1
1
1
1
1
1
1
1
1
1
1
1
1
1
1
1
1
1
1
1
1
1
1
1
1
1
1
1
1
1
1
1
1
1
1
1
1
1
1
1
1
1
1
1
1
1
1
1
1
1
1
1
1
1
1
1
1
1
1
1
1
1
1
1
1
1
1
1
1
1
1
1
1
1
1
1
1
1
1
1
1
1
1
1
1
1
1
1
1
1
1
1
1
1
1
1
1
1
1
1
1
1
1
1
1
1
1
1
1
1
1
1
1
1
1
1
1
1
1
1
1
1
1
1
1
1
1
1
1
1
1
1
1
1
1
1
1
1
1
1
1
1
1
1
1
1
1
1
1
1
1
1
1
1
1
1
1
1
1
1
1
1
1
1
1
1
1
1
1
1
1
1
1
1
1
1
1
1
1
1
1
1
1
1
1
1
1
1
1
1
1
1
1
1
1
1
1
1
1
1
1
1
1
1
1
1
1
1
1
1
1
1
1
1
1
1
1
1
1
1
1
1
1
1
1
1
1
1
1
1
1
1
1
1
1
1
1
1
1
1
1
1
1
1
1
1
1
1
1
1
1
1
1
1
1
1
1
1
1
1
1
1
1
1
1
1
1
1
1
1
1
1
1
1
1
1
1
1
1
1
1
1
1
1
1
1
1
1
1
1
1
1
1
1
1
1
1
1
1
1
1
1
1
1
1
1
1
1
1
1
1
1
1
1
1
1
1
1
1
1
1
1
1
1
1
1
1
1
1
1
1
1
1
1
1
1
1
1
1
1
1
1
1
1
1
1
1
1
1
1
1
1
1
1
1
1
1
1
1
1
1
1
1
1
1
1
1
1
1
1
1
1
1
1
1
1
1
1
1
1
1
1
1
1
1
1
1
1
1
1
1
1
1
1
1
1
1
1
1
1
1
1
1
1
1
1
1
1
1
1
1
1
1
1
1
1
1
1
1
1
1
1
1
1
1
1
1
1
1
1
1
1
1
1
1
1
1
1
1
1
1
1
1
1
1
1
1
1
1
1
1
1
1
1
1
1
1
1
1
1
1
1
1
1
1
1
1
1
1
1
1
1
1
1
1
1
1
1
1
1
1
1
1
1
1
1
1
1
1
1
1
1
1
1
1
1
1
1
1
1
1
1
1
1
1
1
1
1
1
1
1
1
1
1
1
1
1
1
1
1
1
1
1
1
1
1
1
1
1
1
1
1
1
1
1
1
1
1
1
1
1
1
1
1
1
1
1
1
1
1
1
1
1
1
1
1
1
1
1
1
1
1
1
1
1
1
1
1
1
1
1
1
1
1
1
1
1
1
1
1
1
1
1
1
1
1
1
1
1
1
1
1
1
1
1
1
1
1
1
1
1
1
1
1
1
1
1
1
1
1
1
1
1
1
1
1
1
1
1
1
1
1
1
1
1
1
1
1
1
1
1
1
1
1
1
1
1
1
1
1
1
1
1
1
1
1
1
1
1
1
1
1
1
1
1
1
1
1
1
1
1
1
1
1
1
1
1
1
1
1
1
1
1
1
1
1
1
1
1
1
1
1
1
1
1
1
1
1
1
1
1
1
1
1
1
1
1
1
1
1
1
1
1
1
1
1
1
1
1
1
1
1
1
1
1
1
1
1
1
1
1
1
1
1
1
1
1
1
1
1
1
1
1
1
1
1
1
1
1
1
1
1
1
1
1
1
1
1
1
1
1
1
1
1
1
1
1
1
1
1
1
1
1
1
1
1
1
1
1
1
1
1
1
1
1
1
1
1
1
1
1
1
1
1
1
1
1
1
1
1
1
1
1
1
1
1
1
1
1
1
1
1
1
1
1
1
1
1
1
1
1
1
1
1
1
1
1
1
1
1
1
1
1
1
1
1
1
1
1
1
1
1
1
1
1
1
1
1
1
1
1
1
1
1
1
1
1
1
1
1
1
1
1
1
1
1
1
1
1
1
1
1
1
1
1
1
1
1
1
1
1
1
1
1
1
1
1
1
1
1
1
1
1
1
1
1
1
1
1
1
1
1
1
1
1
1
1
1
1
1
1
1
1
1
1
1
1
1
1
1
1
1
1
1
1
1
1
1
1
1
1
1
1
1
1
1
1
1
1
1
1
1
1
1
1
1
1
1
1
1
1
1
1
1
1
1
1
1
1
1
1
1
1
1
1
1
1
1
1
1
1
1
1
1
1
1
1
1
1
1
1
1
1
1
1
1
1
1
1
1
1
1
1
1
1
1
1
1
1
1
1
1
1
1
1
1
1
1
1
1
1
1
1
1
1
1
1
1
1
1
1
1
1
1
1
1
1
1
1
1
1
1
1
1
1
1
1
1
1
1
1
1
1
1
1
1
1
1
1
1
1
1
1
1
1
1
1
1
1
1
1
1
1
1
1
1
1
1
1
1
1
1
1
1
1
1
1
1
1
1
1
1
1
1
1
1
1
1
1
1
1
1
1
1
1
1
1
1
1
1
1
1
1
1
1
1
1
1
1
1
1
1
1
1
1
1
1
1
1
1
1
1
1
1
1
1
1
1
1
1
1
1
1
1
1
1
1
1
1
1
1
1
1
1
1
1
1
1
1
1
1
1
1
1
1
1
1
1
1
1
1
1
1
1
1
1
1
1
1
1
1
1
1
1
1
1
1
1
1
1
1
1
1
1
1
1
1
1
1
1
1
1
1
1
1
1
1
1
1
1
1
1
1
1
1
1
1
1
1
1
1
1
1
1
1
1
1
1
1
1
1
1
1
1
1
1
1
1
1
1
1
1
1
1
1
1
1
1
1
1
1
1
1
1
1
1
1
1
1
1
1
1
1
1
1
1
1
1
1
1
1
1
1
1
1
1
1
1
1
1
1
1
1
1
1
1
1
1
1
1
1
1
1
1
1
1
1
1
1
1
1
1
1
1
1
1
1
1
1
1
1
1
1
1
1
1
1
1
1
1
1
1
1
1
1
1
1
1
1
1
1
1
1
1
1
1
1
1
1
1
1
1
1
1
1
1
1
1
1
1
1
1
1
1
1
1
1
1
1
1
1
1
1
1
1
1
1
1
1
1
1
1
1
1
1
1
1
1
1
1
1
1
1
1
1
1
1
1
1
1
1
1
1
1
1
1
1
1
1
1
1
1
1
1
1
1
1
1
1
1
1
1
1
1
1
1
1
1
1
1
1
1
1
1
1
1
1
1
1
1
1
1
1
1
1
1
1
1
1
1
1
1
1
1
1
1
1
1
1
1
1
1
1
1
1
1
1
1
1
1
1
1
1
1
1
1
1
1
1
1
1
1
1
1
1
1
1
1
1
1
1
1
1
1
1
1
1
1
1
1
1
1
1
1
1
1
1
1
1
1
1
1
1
1
1
1
1
1
1
1
1
1
1
1
1
1
1
1
1
1
1
1
1
1
1
1
1
1
1
1
1
1
1
1
1
1
1
1
1
1
1
1
1
1
1
1
1
1
1
1
1
1
1
1
1
1
1
1
1
1
1
1
1
1
1
1
1
1
1
1
1
1
1
1
1
1
1
1
1
1
1
1
1
1
1
1
1
1
1
1
1
1
1
1
1
1
1
1
1
1
1
1
1
1
1
1
1
1
1
1
1
1
1
1
1
1
1
1
1
1
1
1
1
1
1
1
1
1
1
1
1
1
1
1
1
1
1
1
1
1
1
1
1
1
1
1
1
1
1
1
1
1
1
1
1
1
1
1
1
1
1
1
1
1
1
1
1
1
1
1
1
1
1
1
1
1
1
1
1
1
1
1
1
1
1
1
1
1
1
1
1
1
1
1
1
1
1
1
1
1
1
1
1
1
1
1
1
1
1
1
1
1
1
1
1
1
1
1
1
1
1
1
1
1
1
1
1
1
1
1
1
1
1
1
1
1
1
1
1
1
1
1
1
1
1
1
1
1
1
1
1
1
1
1
1
1
1
1
1
1
1
1
1
1
1
1
1
1
1
1
1
1
1
1
1
1
1
1
1
1
1
1
1
1
1
1
1
1
1
1
1
1
1
1
1
1
1
1
1
1
1
1
1
1
1
1
1
1
1
1
1
1
1
1
1
1
1
1
1
1
1
1
1
1
1
1
1
1
1
1
1
1
1
1
1
1
1
1
1
1
1
1
1
1
1
1
1
1
1
1
1
1
1
1
1
1
1
1
1
1
1
1
1
1
1
1
1
1
1
1
1
1
1
1
1
1
1
1
1
1
1
1
1
1
1
1
1
1
1
1
1
1
1
1
1
1
1
1
1
1
1
1
1
1
1
1
1
1
1
1
1
1
1
1
1
1
1
1
1
1
1
1
1
1
1
1
1
1
1
1
1
1
1
1
1
1
1
1
1
1
1
1
1
1
1
1
1
1
1
1
1
1
1
1
1
1
1
1
1
1
1
1
1
1
1
1
1
1
1
1
1
1
1
1
1
1
1
1
1
1
1
1
1
1
1
1
1
1
1
1
1
1
1
1
1
1
1
1
1
1
1
1
1
1
1
1
1
1
1
1
1
1
1
1
1
1
1
1
1
1
1
1
1
1
1
1
1
1
1
1
1
1
1
1
1
1
1
1
1
1
1
1
1
1
1
1
1
1
1
1
1
1
1
1
1
1
1
1
1
1
1
1
1
1
1
1
1
1
1
1
1
1
1
1
1
1
1
1
1
1
1
1
1
1
1
1
1
1
1
1
1
1
1
1
1
1
1
1
1
1
1
1
1
1
1
1
1
1
1
1
1
1
1
1
1
1
1
1
1
1
1
1
1
1
1
1
1
1
1
1
1
1
1
1
1
1
1
1
1
1
1
1
1
1
1
1
1
1
1
1
1
1
1
1
1
1
1
1
1
1
1
1
1
1
1
1
1
1
1
1
1
1
1
1
1
1
1
1
1
1
1
1
1
1
1
1
1
1
1
1
1
1
1
1
1
1
1
1
1
1
1
1
1
1
1
1
1
1
1
1
1
1
1
1
1
1
1
1
1
1
1
1
1
1
1
1
1
1
1
1
1
1
1
1
1
1
1
1
1
1
1
1
1
1
1
1
1
1
1
1
1
1
1
1
1
1
1
1
1
1
1
1
1
1
1
1
1
1
1
1
1
1
1
1
1
1
1
1
1
1
1
1
1
1
1
1
1
1
1
1
1
1
1
1
1
1
1
1
1
1
1
1
1
1
1
1
1
1
1
1
1
1
1
1
1
X
Common: Mean, Std: 0.8512091815821834, 2.4690727203147236
Nunis: Mean, Std: 20.629867468233364, 28.49276139601797
Center
Common: Mean, Std: 14.138493253373314, 23.68208082184826
Nunis: Mean, Std: 27.24356571714143, 32.279118448857716
using Node2vec walk...
Write walks
Write user_checkins
Write embs_ini
Write neg_user_samples
Write neg_checkins_samples
Num u 16013
Num w 160130
Walk length 80
Num n 29598
Dim_emb 32
table_size_social 999114
table_size_mobility1 1000927
table_size_mobility2 999997
table_size_mobility3 1000996
table_size_mobility4 999999
starting_alpha : 0.001
num_neg : 5
win_size : 10
num_epoch : 1
num_threads : 14
mobility_ratio : 0.2
Current ACC
0.0622|0.1191
0.0432|0.1583
0.0251|0.2250
0.0163|0.2947
0.0101|0.3796
