0,4046
0,4059
0,4062
0,4076
0,4102
0,4138
0,4247
0,4276
0,4285
0,4307
0,4308
0,4319
0,4341
0,4367
0,4470
0,4538
0,4539
0,4653
0,4698
0,4741
0,4954
0,4985
0,5540
0,5668
0,6258
0,7039
0,7162
0,7227
0,7252
0,7292
0,7324
0,7328
0,7366
0,7386
1,4212
1,4367
1,4538
1,4542
1,4762
1,7039
1,7252
1,7328
2,4538
2,5668
3,4222
3,4247
3,4267
3,4319
3,4341
3,4367
3,4538
3,4653
3,4857
3,5668
3,7162
3,7227
3,7252
3,7331
4,4059
4,4076
4,4176
4,4202
4,4307
4,4343
4,4538
4,4542
4,4741
4,4974
4,5668
4,7160
4,7324
4,7386
5,4323
5,4538
5,5763
5,7252
6,4470
6,4538
6,4648
6,4698
6,4838
6,5668
6,6258
6,6562
7,4538
7,5011
7,7252
8,4062
8,4212
8,4222
8,4267
8,4276
8,4285
8,4319
8,4367
8,4470
8,4538
8,4762
8,5011
8,5424
8,5540
8,5763
8,5982
8,6240
8,6960
8,7252
8,7292
8,7331
8,7366
9,4538
10,4470
11,4046
11,4138
11,4343
11,4538
11,5006
11,5505
11,5668
11,7160
12,4131
12,4347
12,4377
12,4460
12,4471
12,4538
12,4539
12,4954
12,5668
12,6364
12,6399
12,6866
12,7039
12,7252
13,4076
13,4102
13,4176
13,4202
13,4307
13,4308
13,4367
13,4470
13,4538
13,4974
13,4985
13,5006
13,5505
13,5668
13,7160
24,4319
31,4319
15,4470
77,4470
362,4470
410,4470
630,4470
796,4470
1003,4470
184,4470
393,4470
306,4470
797,4470
669,4470
802,4470
260,4470
66,4470
1462,4470
138,4470
81,4470
19,4470
56,4470
1064,4470
61,4470
68,4470
83,4470
84,4470
815,4470
3425,4470
716,4470
69,4470
189,4470
608,4470
613,4470
870,4470
519,4470
4327,4470
58,4470
500,4470
395,4470
504,4470
512,4470
516,4470
1477,4470
989,4470
1323,4470
1404,4470
1222,4470
625,4470
869,4470
187,4470
823,4470
430,4470
118,4470
832,4470
31,4470
569,4470
5022,4470
2176,4470
323,4470
62,4470
1677,4470
852,4470
985,4470
1333,4470
865,4470
1697,4470
1700,4470
4296,4470
342,4470
1368,4470
1328,4470
3036,4470
915,4470
1262,4470
558,4470
59,4470
1331,4470
498,4470
1789,4470
1000,4470
147,4470
266,4470
313,4470
2393,4470
1862,4470
1081,4470
397,4470
398,4470
4425,4470
1053,4470
1225,4470
1229,4470
847,4470
899,4470
1960,4470
156,4470
1766,4470
1426,4470
723,4470
1768,4470
525,4470
1770,4470
1772,4470
4384,4470
437,4470
327,4470
328,4470
330,4470
1425,4470
1494,4470
163,4470
1499,4470
1206,4470
762,4470
773,4470
2361,4470
1142,4470
2200,4470
1704,4470
148,4470
4329,4470
742,4470
44,4470
619,4470
620,4470
622,4470
571,4470
572,4470
573,4470
575,4470
1067,4470
4328,4470
1127,4470
1144,4470
6229,4470
736,4470
1587,4470
918,4470
1351,4470
1181,4470
2404,4470
1036,4470
1508,4470
4331,4470
1935,4470
5964,4470
6228,4470
1804,4470
157,4470
972,4470
1509,4470
1039,4470
4174,4470
2178,4470
1405,4470
2032,4470
1373,4470
2362,4470
1170,4470
3039,4470
3037,4470
4009,4470
4008,4470
75,4470
1480,4470
2174,4470
6236,4470
6232,4470
3013,4470
6233,4470
6371,4470
3038,4470
4149,4470
994,4470
3014,4470
1602,4470
4774,4470
5090,4470
1408,4470
2643,4470
1409,4470
1603,4470
14,4538
15,4538
17,4538
273,4538
275,4538
276,4538
24,4538
533,4538
77,4538
475,4538
92,4538
149,4538
1213,4538
668,4538
1416,4538
99,4538
409,4538
376,4538
410,4538
304,4538
78,4538
553,4538
91,4538
554,4538
529,4538
64,4538
555,4538
602,4538
182,4538
320,4538
420,4538
79,4538
183,4538
655,4538
507,4538
455,4538
1003,4538
380,4538
184,4538
552,4538
102,4538
669,4538
40,4538
103,4538
799,4538
146,4538
800,4538
802,4538
65,4538
260,4538
541,4538
52,4538
1996,4538
2890,4538
1997,4538
1019,4538
951,4538
2121,4538
1146,4538
2891,4538
962,4538
2553,4538
605,4538
346,4538
465,4538
562,4538
298,4538
466,4538
66,4538
467,4538
138,4538
472,4538
473,4538
301,4538
1711,4538
81,4538
18,4538
53,4538
54,4538
55,4538
19,4538
1690,4538
1691,4538
534,4538
34,4538
82,4538
23,4538
3304,4538
1718,4538
1068,4538
3552,4538
1624,4538
671,4538
3611,4538
3612,4538
178,4538
3613,4538
150,4538
540,4538
606,4538
32,4538
140,4538
30,4538
155,4538
3105,4538
483,4538
3107,4538
3849,4538
57,4538
61,4538
3150,4538
1833,4538
1999,4538
941,4538
68,4538
83,4538
85,4538
86,4538
50,4538
87,4538
867,4538
191,4538
653,4538
2000,4538
476,4538
477,4538
433,4538
293,4538
3655,4538
2024,4538
2348,4538
542,4538
69,4538
189,4538
607,4538
1322,4538
364,4538
153,4538
613,4538
519,4538
618,4538
672,4538
257,4538
47,4538
500,4538
395,4538
504,4538
297,4538
506,4538
258,4538
106,4538
512,4538
514,4538
517,4538
315,4538
2244,4538
4462,4538
4190,4538
1642,4538
1312,4538
2308,4538
2309,4538
2311,4538
2312,4538
2313,4538
2314,4538
2315,4538
746,4538
365,4538
756,4538
26,4538
760,4538
111,4538
741,4538
4771,4538
141,4538
151,4538
891,4538
2140,4538
2141,4538
2473,4538
1222,4538
154,4538
624,4538
625,4538
869,4538
3019,4538
2155,4538
107,4538
481,4538
118,4538
743,4538
832,4538
31,4538
93,4538
70,4538
4875,4538
569,4538
598,4538
347,4538
1677,4538
2349,4538
2350,4538
610,4538
538,4538
1136,4538
110,4538
236,4538
332,4538
639,4538
2352,4538
324,4538
117,4538
268,4538
1114,4538
441,4538
1121,4538
865,4538
1695,4538
1698,4538
531,4538
657,4538
495,4538
740,4538
1212,4538
342,4538
853,4538
2175,4538
1294,4538
453,4538
2148,4538
563,4538
640,4538
113,4538
2650,4538
704,4538
3680,4538
109,4538
2045,4538
954,4538
142,4538
143,4538
145,4538
646,4538
677,4538
94,4538
296,4538
5624,4538
1339,4538
1915,4538
1916,4538
1917,4538
45,4538
967,4538
2444,4538
2445,4538
2446,4538
1559,4538
647,4538
535,4538
536,4538
39,4538
179,4538
60,4538
147,4538
309,4538
266,4538
313,4538
196,4538
521,4538
25,4538
1081,4538
1187,4538
1417,4538
1418,4538
2157,4538
1004,4538
1959,4538
1225,4538
1229,4538
2317,4538
1502,4538
1678,4538
63,4538
2451,4538
1627,4538
3094,4538
524,4538
549,4538
161,4538
479,4538
2449,4538
1079,4538
1767,4538
1464,4538
723,4538
873,4538
1770,4538
489,4538
3103,4538
1693,4538
6475,4538
539,4538
4561,4538
162,4538
649,4538
46,4538
327,4538
329,4538
335,4538
5178,4538
403,4538
609,4538
1494,4538
163,4538
1498,4538
1499,4538
616,4538
1884,4538
656,4538
1224,4538
158,4538
762,4538
259,4538
846,4538
1514,4538
6820,4538
5318,4538
943,4538
769,4538
771,4538
772,4538
1274,4538
2721,4538
3670,4538
530,4538
738,4538
152,4538
733,4538
344,4538
22,4538
674,4538
6476,4538
2564,4538
868,4538
42,4538
1773,4538
965,4538
1371,4538
651,4538
340,4538
658,4538
659,4538
662,4538
944,4538
1277,4538
1724,4538
1173,4538
378,4538
675,4538
1070,4538
277,4538
1560,4538
1786,4538
44,4538
676,4538
3636,4538
490,4538
620,4538
621,4538
622,4538
623,4538
1511,4538
1223,4538
570,4538
571,4538
861,4538
3739,4538
2050,4538
2892,4538
1888,4538
27,4538
592,4538
224,4538
679,4538
684,4538
1712,4538
3134,4538
1067,4538
2025,4538
401,4538
2016,4538
1115,4538
3137,4538
4307,4538
1117,4538
1162,4538
893,4538
3368,4538
689,4538
1232,4538
1211,4538
705,4538
4579,4538
842,4538
843,4538
1705,4538
4387,4538
2895,4538
681,4538
685,4538
686,4538
688,4538
691,4538
698,4538
702,4538
523,4538
717,4538
721,4538
722,4538
725,4538
727,4538
728,4538
744,4538
747,4538
1564,4538
2322,4538
522,4538
1353,4538
1301,4538
1069,4538
1181,4538
368,4538
2318,4538
115,4538
1395,4538
3677,4538
2404,4538
264,4538
48,4538
1100,4538
2074,4538
2072,4538
1036,4538
1508,4538
959,4538
963,4538
1775,4538
1257,4538
2405,4538
2122,4538
3719,4538
626,4538
2165,4538
1077,4538
528,4538
871,4538
3006,4538
157,4538
3740,4538
6889,4538
1600,4538
2247,4538
2248,4538
1185,4538
3651,4538
3652,4538
1573,4538
1145,4538
582,4538
8475,4538
7962,4538
1752,4538
6660,4538
6661,4538
1137,4538
8254,4538
3008,4538
2731,4538
1902,4538
1776,4538
2723,4538
49,4538
2725,4538
3656,4538
1861,4538
164,4538
872,4538
1291,4538
1292,4538
1295,4538
1296,4538
1782,4538
6466,4538
2267,4538
1777,4538
1694,4538
3007,4538
4772,4538
494,4538
628,4538
2492,4538
1309,4538
2172,4538
1155,4538
1263,4538
1521,4538
2073,4538
7089,4538
2556,4538
3108,4538
4131,4538
1171,4538
2999,4538
6762,4538
6763,4538
1721,4538
595,4538
1889,4538
6566,4538
203,4538
587,4538
4773,4538
7430,4538
6437,4538
4202,4538
1715,4538
51,4538
532,4538
2558,4538
202,4538
5018,4538
4878,4538
5021,4538
6477,4538
2269,4538
76,4538
4018,4538
596,4538
1520,4538
2568,4538
8255,4538
7809,4538
8369,4538
2133,4538
3718,4538
783,4538
3893,4538
2561,4538
6478,4538
3726,4538
2562,4538
2566,4538
1805,4538
3293,4538
1139,4538
6863,4538
994,4538
3297,4538
2730,4538
2916,4538
197,4538
3732,4538
8883,4538
8256,4538
8257,4538
267,4538
3712,4538
3711,4538
7432,4538
1602,4538
8368,4538
4774,4538
5090,4538
5648,4538
3082,4538
3089,4538
1719,4538
3295,4538
4606,4538
5020,4538
1728,4538
3745,4538
4306,4538
7904,4538
2534,4538
43,4539
31,4954
14,5668
15,5668
206,5668
88,5668
89,5668
24,5668
77,5668
287,5668
92,5668
288,5668
149,5668
97,5668
73,5668
321,5668
181,5668
376,5668
410,5668
353,5668
1558,5668
322,5668
631,5668
326,5668
1675,5668
78,5668
553,5668
64,5668
982,5668
320,5668
307,5668
79,5668
796,5668
1075,5668
883,5668
380,5668
102,5668
360,5668
669,5668
798,5668
561,5668
984,5668
802,5668
367,5668
604,5668
806,5668
260,5668
216,5668
885,5668
2929,5668
346,5668
562,5668
298,5668
466,5668
1462,5668
471,5668
53,5668
55,5668
19,5668
1690,5668
1691,5668
207,5668
82,5668
67,5668
2138,5668
188,5668
305,5668
556,5668
557,5668
177,5668
1924,5668
887,5668
178,5668
1064,5668
32,5668
140,5668
280,5668
3105,5668
483,5668
3107,5668
57,5668
61,5668
83,5668
2756,5668
2759,5668
478,5668
293,5668
716,5668
217,5668
1174,5668
379,5668
892,5668
189,5668
1635,5668
914,5668
364,5668
519,5668
500,5668
395,5668
297,5668
505,5668
508,5668
106,5668
513,5668
514,5668
855,5668
1642,5668
1630,5668
746,5668
709,5668
760,5668
1488,5668
741,5668
108,5668
1233,5668
2212,5668
1637,5668
1222,5668
154,5668
624,5668
1063,5668
625,5668
611,5668
824,5668
743,5668
31,5668
93,5668
70,5668
1641,5668
569,5668
757,5668
323,5668
866,5668
4284,5668
62,5668
347,5668
1725,5668
538,5668
110,5668
916,5668
324,5668
457,5668
1029,5668
865,5668
1695,5668
5317,5668
342,5668
853,5668
453,5668
1324,5668
1184,5668
682,5668
683,5668
2213,5668
707,5668
2147,5668
2148,5668
563,5668
5506,5668
5507,5668
645,5668
1034,5668
1330,5668
421,5668
343,5668
849,5668
857,5668
858,5668
859,5668
976,5668
351,5668
142,5668
143,5668
74,5668
677,5668
94,5668
95,5668
296,5668
417,5668
1472,5668
402,5668
116,5668
3087,5668
375,5668
1559,5668
647,5668
1640,5668
39,5668
60,5668
4045,5668
1469,5668
147,5668
312,5668
314,5668
3347,5668
521,5668
1081,5668
1187,5668
1004,5668
1229,5668
63,5668
363,5668
593,5668
1489,5668
847,5668
185,5668
1005,5668
1006,5668
1011,5668
1220,5668
1031,5668
897,5668
1539,5668
527,5668
156,5668
1079,5668
1082,5668
723,5668
873,5668
1770,5668
781,5668
489,5668
3104,5668
211,5668
917,5668
566,5668
492,5668
3106,5668
451,5668
46,5668
764,5668
327,5668
328,5668
336,5668
997,5668
987,5668
1494,5668
1076,5668
163,5668
1497,5668
1499,5668
616,5668
1221,5668
1224,5668
1218,5668
1206,5668
158,5668
559,5668
762,5668
259,5668
846,5668
1514,5668
6820,5668
5318,5668
772,5668
1274,5668
715,5668
894,5668
957,5668
1180,5668
1513,5668
1183,5668
4150,5668
845,5668
22,5668
4129,5668
988,5668
729,5668
658,5668
660,5668
6268,5668
7227,5668
5595,5668
1277,5668
692,5668
1173,5668
378,5668
675,5668
1787,5668
3855,5668
1070,5668
520,5668
1952,5668
1786,5668
44,5668
612,5668
615,5668
2096,5668
1512,5668
345,5668
863,5668
3638,5668
864,5668
564,5668
574,5668
575,5668
4662,5668
2980,5668
862,5668
1802,5668
341,5668
4396,5668
486,5668
176,5668
209,5668
903,5668
2931,5668
1791,5668
1796,5668
968,5668
4157,5668
429,5668
1032,5668
1042,5668
2164,5668
1276,5668
1953,5668
893,5668
1490,5668
3368,5668
1506,5668
1507,5668
427,5668
432,5668
435,5668
443,5668
5319,5668
693,5668
487,5668
842,5668
1463,5668
1465,5668
685,5668
696,5668
701,5668
712,5668
718,5668
719,5668
721,5668
725,5668
734,5668
737,5668
744,5668
748,5668
918,5668
1566,5668
3348,5668
522,5668
895,5668
1301,5668
1033,5668
4130,5668
1181,5668
368,5668
2930,5668
1083,5668
2404,5668
404,5668
896,5668
3737,5668
200,5668
1592,5668
1037,5668
1040,5668
2201,5668
4189,5668
4623,5668
2105,5668
4523,5668
1090,5668
2530,5668
3719,5668
2166,5668
1077,5668
1636,5668
969,5668
907,5668
2247,5668
2248,5668
1185,5668
1676,5668
3651,5668
911,5668
912,5668
920,5668
1632,5668
8475,5668
7962,5668
1567,5668
1035,5668
1041,5668
2214,5668
1902,5668
1776,5668
1292,5668
8206,5668
1377,5668
1638,5668
1639,5668
1643,5668
1644,5668
1647,5668
1777,5668
1485,5668
2493,5668
3661,5668
1583,5668
5564,5668
1263,5668
5446,5668
2977,5668
1954,5668
1803,5668
2203,5668
1714,5668
212,5668
5591,5668
4131,5668
2221,5668
1591,5668
2209,5668
1581,5668
1237,5668
1721,5668
1889,5668
6566,5668
3000,5668
3738,5668
233,5668
3391,5668
1178,5668
6365,5668
597,5668
3713,5668
201,5668
2494,5668
3058,5668
5021,5668
2173,5668
76,5668
1520,5668
3718,5668
2981,5668
3726,5668
994,5668
3297,5668
5592,5668
1516,5668
3732,5668
4524,5668
4525,5668
1661,5668
6568,5668
3001,5668
1518,5668
3069,5668
2640,5668
1602,5668
3089,5668
1236,5668
1515,5668
1593,5668
1594,5668
1595,5668
3044,5668
3742,5668
3741,5668
3745,5668
1659,5668
791,5668
2534,5668
14,7252
15,7252
17,7252
14,4421
14,5123
15,4857
15,5011
15,5424
15,6240
15,6960
31,4762
22,4762
148,4762
19,4151
19,4232
19,4484
19,4737
19,4846
20,4093
20,4315
20,4514
20,4533
20,4974
20,5616
20,5741
20,6002
20,6258
20,6774
20,6799
20,7261
20,7531
20,7613
21,4974
22,4175
22,4222
22,4533
22,4974
22,4992
22,5018
22,5763
22,6199
22,6689
70,4974
23,4131
23,4648
23,4838
23,6562
23,6912
23,6964
24,4452
24,4648
24,5229
24,5763
24,6319
24,6364
24,6689
24,6927
25,4323
26,5682
121,4275
122,4275
64,5763
66,5763
30,5763
74,5763
571,5763
493,5763
497,5763
80,4838
83,4838
50,4838
266,4838
265,4838
50,6562
3550,6562
266,6562
265,6562
267,6562
128,5107
129,5107
30,4076
30,4514
30,4775
30,5254
30,5388
30,5506
30,5982
30,7055
30,7249
30,7443
30,7531
31,4175
31,4702
31,4857
31,5424
31,6111
31,6240
31,6960
31,7162
32,4102
32,4139
32,4175
32,4209
32,4250
32,4471
32,4484
32,4523
32,4702
32,4775
32,4857
32,5622
32,6111
32,6521
32,6830
32,7162
32,7233
32,7613
4285,5424
1806,5424
148,5424
175,4388
175,4460
176,4275
176,4281
176,4322
176,4388
176,4422
176,4460
176,4539
177,4460
40,4460
40,4937
40,4974
40,6399
40,6945
42,4377
42,4471
42,6364
43,4347
43,6866
44,5213
44,6945
45,4131
191,4460
189,4460
608,4460
519,4460
324,4460
437,4460
262,4460
1181,4460
596,4460
196,4471
46,4421
46,4470
46,4768
46,5123
46,5763
46,6228
46,7374
46,7553
200,4421
198,5123
206,4947
213,5767
214,4947
49,4275
49,6228
49,6498
49,7097
49,7225
50,4275
50,4341
50,4869
50,5741
50,6993
50,7184
50,7496
273,4164
273,4314
273,4422
273,4452
273,4464
273,4476
273,4552
273,4595
273,4628
273,4723
273,4769
273,4783
273,4864
273,4940
273,4995
273,5017
273,5126
273,5147
273,5162
273,5165
273,5275
273,5512
273,5588
273,5662
273,5668
273,5746
273,5764
273,6279
273,6302
273,6364
273,6495
273,6612
273,6927
273,7239
273,7252
273,7341
273,7510
274,5668
276,4164
276,4464
276,4476
276,4783
276,4864
276,5668
88,4139
88,4601
88,7607
286,4139
286,4281
286,4324
286,4471
286,5797
286,6137
286,6566
286,6721
302,4028
303,4028
77,4345
77,4974
77,5004
77,6533
77,7229
77,7266
287,4108
92,4254
92,4303
92,4369
92,4415
92,4416
92,4452
92,4460
92,4481
92,4551
92,4790
92,5229
92,5605
92,7591
288,4237
288,4810
288,5465
149,4029
149,4102
149,4267
149,4281
149,4318
149,4319
149,4322
149,4446
149,4539
149,4626
149,4819
149,4875
149,4940
149,4974
149,4995
149,5114
149,5518
149,5715
149,6224
149,6878
149,6942
149,7451
149,7607
290,4601
290,7607
73,4321
73,4389
73,4492
73,5328
73,5632
73,6689
73,6765
73,6964
291,4347
301,4139
156,4139
493,4139
306,6299
389,6299
321,6711
321,7480
181,4250
181,4275
407,4470
90,4029
90,4102
90,4147
90,4237
90,4326
90,4455
90,4460
90,4489
90,4523
90,4649
90,4782
90,4808
90,4893
90,5261
90,5665
90,5751
90,6265
90,6319
90,6364
90,6558
82,4869
82,5588
82,6927
82,6964
82,7385
53,4460
53,4470
53,4471
53,4532
53,5328
53,6142
53,6689
53,7015
91,4164
91,5017
91,5032
91,5147
91,5545
91,6328
91,6364
91,6859
91,6912
91,7266
93,4085
93,4241
93,4593
93,4688
93,4814
93,4940
93,4989
93,5141
93,5154
93,5715
93,6004
93,6251
93,6515
93,6574
94,4241
94,4919
94,4940
94,4989
94,5141
94,5715
94,6251
94,6574
95,6364
66,4053
66,4054
66,4093
66,4234
66,4237
66,4275
66,4327
66,4539
66,4591
66,4626
66,4631
66,4733
66,4761
66,4762
66,4906
66,5213
66,5254
66,5483
66,6199
66,6581
66,6732
66,6931
66,7105
66,7451
66,7467
84,4164
84,5017
84,5032
84,5147
84,6328
84,6859
472,6319
478,6689
67,6927
78,4455
78,4478
78,4712
78,4724
78,4789
78,4857
78,4881
78,4895
78,4956
78,5083
78,5161
78,5369
78,5473
78,6325
78,6721
78,6765
78,6852
78,6931
78,7176
78,7385
78,7459
296,4539
296,5254
296,6859
297,4198
297,4220
297,4237
297,4262
297,4275
297,4280
297,4281
297,4327
297,4328
297,4341
297,4460
297,4539
297,4843
297,5040
297,5092
297,6111
297,6137
297,6566
297,6875
297,6888
297,7023
297,7101
297,7252
298,4153
298,4198
298,4222
298,4237
298,4781
298,4934
298,6137
298,6354
298,6467
298,6875
298,6922
298,6942
298,7252
298,7336
298,7407
299,4237
299,4278
299,4281
299,4321
299,4324
299,4328
299,4341
299,4347
299,4461
299,5208
299,5245
299,6325
299,6464
299,7173
299,7385
300,4262
300,4278
300,4347
300,4808
300,4934
300,6781
300,6931
300,7101
300,7173
300,7407
301,4029
301,4042
301,4053
301,4102
301,4118
301,4131
301,4136
301,4140
301,4179
301,4252
301,4262
301,4292
301,4296
301,4353
301,4379
301,4382
301,4442
301,4471
301,4523
301,4596
301,4631
301,4742
301,4782
301,4783
301,4789
301,4810
301,4974
301,5253
301,5570
301,5600
301,5701
301,5797
301,5900
301,6091
301,6220
301,6747
301,6769
301,6960
301,7101
301,7560
532,4471
529,5797
466,5797
470,5797
557,5797
1693,5797
530,5797
532,5797
138,6566
500,6566
657,6566
1700,6566
523,6566
4360,6566
138,6721
504,6721
419,6721
590,6721
533,4323
533,4628
533,4934
535,4323
535,4628
535,4934
537,4587
305,4131
305,4321
305,4345
305,4957
67,4193
67,4812
67,4869
67,4915
67,4937
67,5588
67,6199
67,6533
67,7060
67,7385
147,4168
147,4556
147,4648
147,4713
147,4752
147,4766
147,4793
147,4869
147,4873
147,4951
147,5648
147,5782
147,6699
147,6813
147,6889
147,6896
147,7548
309,4608
309,5441
309,5991
309,7229
266,4275
266,6993
266,7182
266,7252
138,4222
138,4384
138,4631
138,4734
138,4808
138,4869
138,4956
138,5004
138,5369
138,5665
138,6931
138,7339
191,4321
191,4461
191,4592
191,4974
191,5328
191,6945
189,4974
582,7229
475,4869
364,4461
364,4804
364,4843
364,4869
364,4937
364,5653
364,5724
364,6641
364,6882
364,7570
599,4869
64,4869
802,4869
605,4869
153,4869
613,4869
500,4869
531,4869
1699,4869
109,4869
60,4869
616,4869
622,4869
523,4869
318,6498
320,4061
320,4347
320,4514
320,4589
320,4631
320,4873
320,4976
320,5134
320,6199
320,6300
320,6689
178,4299
178,4415
178,4422
178,4521
178,4539
178,4547
178,4656
178,4722
178,5247
178,5328
178,5335
178,5632
178,6095
178,6350
178,6634
178,6720
324,4028
324,4471
324,4922
324,6224
324,7331
326,4108
326,4278
326,5425
326,5701
326,6498
767,4890
767,5095
768,4890
768,5095
327,4884
327,4937
327,5134
327,5171
327,5245
327,5376
327,5475
327,5620
327,6223
327,6444
327,7449
328,4460
330,4303
330,4587
330,5245
331,4369
331,4415
331,4481
331,4539
331,6350
335,4254
335,4299
335,4338
335,4415
335,4416
335,4551
335,4790
335,4968
335,5605
335,6350
335,6779
335,7104
335,7192
336,4299
336,4338
336,4369
336,4587
336,4620
336,6350
336,6634
336,7591
792,7116
793,7116
337,4790
1718,4415
512,4415
789,4416
790,4416
1991,4460
742,4460
790,5605
512,7591
180,4461
136,7055
136,7443
137,4934
340,4237
340,4345
340,4514
340,4762
340,5465
340,6273
64,4107
64,4189
64,4201
64,4260
64,4345
64,4471
64,4596
64,4626
64,4808
64,4812
64,4931
64,5121
64,5465
64,5518
64,5902
64,6193
64,6521
64,6701
64,6830
64,6957
341,4667
341,4810
341,7341
144,7055
342,4189
342,4759
342,4995
342,5653
342,6632
342,6878
342,6957
343,4029
343,4051
343,4072
343,4248
343,4267
343,4274
343,4275
343,4296
343,4322
343,4372
343,4454
343,4539
343,4858
343,5177
343,5221
343,5552
343,5625
343,5897
343,6332
343,6418
343,6942
343,7154
343,7252
343,7335
343,7337
343,7451
152,4102
152,4193
152,4281
152,4446
152,4808
152,4819
152,5622
152,5715
152,6447
152,7239
346,4321
346,4543
346,4875
346,5715
347,4318
347,4819
347,4940
347,4974
347,5114
153,4250
153,4275
153,4455
153,4521
153,4692
153,4696
153,4781
153,4895
153,4910
153,5132
153,5671
153,5797
153,6521
153,6681
153,6765
153,6874
153,6931
153,7173
153,7231
348,4539
65,4193
65,4234
65,4319
65,4489
65,4523
65,4539
65,4733
65,4761
65,4762
65,4812
65,4864
65,5751
65,6224
65,6258
65,7233
65,7239
65,7252
874,6717
874,6996
875,6717
875,6996
857,4029
157,4102
856,4267
857,4267
106,4322
856,4322
561,4539
673,4539
741,4539
745,4539
860,4539
873,4539
720,4539
674,4539
687,4539
691,4539
695,4539
731,4539
749,4539
494,4539
854,6878
856,6942
183,5662
183,6517
183,7110
217,5608
217,6137
185,4540
185,4708
185,4937
185,5442
185,5678
185,7480
418,4911
418,5026
998,4460
104,4347
189,4278
189,4790
189,5162
189,5326
189,6482
189,6711
189,7087
899,5026
899,5326
999,4460
999,5026
359,4347
360,4347
69,4460
69,4533
69,4864
69,5667
69,5791
69,7570
69,7607
368,4587
103,5213
945,4663
109,4461
1134,6096
1135,6096
117,4846
1003,4461
1003,5653
1003,7480
193,4663
80,4460
80,4484
80,4649
80,4693
374,4389
198,4131
198,4275
198,4781
198,6464
198,7374
198,7553
376,4470
376,6566
377,4262
377,4484
377,4492
377,4698
377,5328
377,5632
377,6566
377,6964
118,4379
118,4585
118,4648
118,4994
118,5389
378,4262
378,5701
378,5797
380,4028
380,4220
380,4323
380,4648
380,4722
380,4775
380,4976
380,5122
380,5741
380,6765
380,6781
596,4321
517,6765
148,6765
605,4731
63,4232
63,4737
1218,4460
1218,5126
1206,4731
409,4250
409,4845
410,5425
410,5667
410,6566
502,4345
502,5162
502,7077
502,7484
655,4262
655,4338
655,4619
507,6325
395,7639
58,4262
58,4471
58,4804
58,4812
58,4843
58,4846
58,5122
58,5142
58,5772
58,5789
58,6931
58,6945
58,7208
58,7234
419,6617
796,6018
796,7639
822,4461
829,4587
260,4055
260,4237
260,4275
260,4484
260,4713
260,5162
260,5301
260,5632
260,6498
832,5466
832,6431
60,4461
527,4461
1795,4461
1416,5104
476,5104
1421,5668
1422,5668
1063,6287
1256,5668
441,4379
421,4078
421,4262
421,4308
421,4455
421,4614
421,4667
421,4846
421,5008
421,5132
421,5142
421,5772
421,6931
421,7105
421,7116
429,4278
437,4278
438,5701
440,7480
458,4461
1257,4250
491,4275
613,4275
141,4275
495,4275
740,4275
2158,4275
492,4275
1163,4275
497,4275
2226,4275
2227,4275
5969,4275
669,4642
669,4845
669,4869
669,5616
669,7144
669,7173
669,7365
669,7651
873,4093
873,4147
873,4362
873,4389
873,4579
873,4762
873,4937
873,6232
625,5508
625,5667
625,6659
917,5149
917,6566
890,4843
561,4543
561,4874
544,4934
565,4266
565,4368
565,5904
116,4236
116,4253
116,4275
116,4300
116,4844
116,5682
116,7031
991,4843
1610,6337
1612,6337
1621,4379
1621,4538
1621,5129
1621,5668
1622,4379
1622,4538
1622,5129
1622,5668
1623,5763
967,4175
967,4237
967,4323
967,4345
967,4347
967,4452
967,4460
967,4836
967,5100
967,5558
967,5584
967,5653
967,5687
967,5763
967,6137
967,6199
967,7274
762,7087
1075,4492
1075,6096
1627,5763
1518,4178
1518,4347
1518,4371
1518,4550
1518,4697
1518,4887
1518,4925
1518,5717
1518,6437
1518,6806
1518,6945
1518,7209
764,4248
764,4383
764,5994
764,6325
764,6816
1478,4278
1036,4278
6602,4278
1480,4278
1479,4278
1675,4040
1675,4059
1675,4107
1675,4539
1675,4722
1675,5424
1675,5682
1675,6342
1675,6488
1675,6666
1675,6778
1675,6835
1675,7006
1675,7193
1675,7208
647,4040
647,4059
647,4107
647,4281
647,4305
647,4539
647,4722
647,5134
647,5424
647,5682
647,6199
647,6342
647,6488
647,6666
647,6778
647,7193
553,4040
553,4281
553,4305
553,4539
553,6778
553,7006
553,7208
553,7484
1676,6835
1678,4040
83,4539
83,5424
1222,5424
1678,6778
1683,4275
1683,4708
1684,4275
1684,4470
1684,4708
529,4036
529,4038
529,4131
529,4140
529,4262
529,4320
529,4392
529,4460
529,4474
529,4494
529,4631
529,4793
529,4796
529,4869
529,4938
529,5221
529,5570
529,5701
529,6224
529,6637
529,6664
529,6960
529,7096
529,7101
529,7116
529,7184
529,7233
529,7249
529,7331
529,7338
529,7504
500,4270
500,4280
500,4323
500,4326
500,4337
500,4879
500,4895
500,4976
500,4992
500,5083
500,5174
500,5558
500,5571
500,5653
500,5701
500,5763
500,5765
500,5809
500,6023
500,6111
500,6849
500,6931
500,6942
500,7107
500,7252
500,7392
500,7459
501,4470
505,4328
505,4470
505,4641
505,7504
465,4175
465,4266
465,7386
81,6945
506,4278
506,4325
506,4692
506,4845
506,7459
506,7570
506,7599
508,4717
468,4712
468,4724
106,4380
106,4858
106,6199
106,6418
106,6488
106,6882
510,4693
511,4407
511,4470
511,4641
511,4725
511,5211
511,6325
511,6852
511,6960
511,7176
511,7594
512,4210
512,4297
512,4299
512,4338
512,4368
512,4450
512,4458
512,4793
512,4857
512,4895
512,4956
512,5083
512,5161
512,6223
512,6350
512,6634
512,6945
512,7242
512,7549
513,5667
514,4874
514,5741
514,6354
514,6875
514,7336
515,4222
515,4521
515,4881
515,6325
471,4047
471,4266
471,4271
471,4428
471,4460
471,4649
471,5119
471,5211
471,5663
471,6085
471,6947
471,6992
516,4407
516,5667
516,7151
472,4153
472,4325
472,4326
472,4478
472,4597
472,4781
472,4789
472,4893
472,5261
472,5473
472,5491
472,6265
472,6467
472,6558
472,6612
472,6730
472,6738
472,6874
472,6942
472,7020
517,4272
517,6455
518,4597
518,4781
518,6612
518,6738
518,6874
518,7020
518,7385
466,4455
157,4857
148,4895
1307,6325
156,6931
526,7176
1635,7459
155,6199
110,4845
110,6517
1678,4327
1678,5891
1081,7484
481,4275
481,4391
481,4434
481,5396
481,5460
481,5545
481,5724
481,6912
481,7550
499,5147
1690,4093
1690,4869
1690,5653
865,4093
865,4147
865,4236
865,4308
865,4321
865,4368
865,4389
865,4543
865,4587
865,4667
865,4804
865,4874
865,4904
865,4937
865,4976
865,5208
865,5905
865,6023
865,6141
865,6485
865,7105
865,7107
865,7116
865,7312
888,4628
888,7116
466,4028
466,4127
466,4140
466,4147
466,4326
466,4328
466,4335
466,4345
466,4348
466,4391
466,4392
466,4452
466,4474
466,4539
466,4632
466,4686
466,4700
466,4796
466,4855
466,4870
466,4938
466,4954
466,4957
466,5008
466,5132
466,5221
466,5570
466,5750
466,5772
466,6224
466,6380
466,6402
466,6521
466,6616
466,6637
466,6664
466,6803
466,6874
466,7105
466,7142
466,7233
466,7331
466,7633
557,4036
557,4107
557,4131
557,4140
557,4321
557,4460
557,4957
557,6521
557,7184
557,7234
557,7338
1691,4038
1691,4093
1691,4392
1691,4494
1691,4631
1691,4869
1691,5653
1691,6839
1691,7085
1691,7116
1691,7233
1691,7249
1691,7594
1692,4140
1692,4320
1692,4460
1692,4631
1692,5221
1692,6637
1692,7096
1692,7338
1692,7504
1693,4085
1693,4436
1693,4484
1693,4532
1693,4556
1693,4568
1693,4974
1693,5106
1693,5164
1693,6095
1693,6652
1693,6880
1776,4140
525,4474
3040,4474
1775,4474
1714,4494
1776,4796
532,5570
531,5701
853,6637
532,6960
532,7101
1079,7116
1780,7116
1779,7184
853,7233
844,4260
844,4345
844,4470
844,4508
844,4539
844,5687
844,6193
844,6333
60,4151
60,4201
60,4262
60,4278
60,4347
60,4379
60,4390
60,4585
60,4648
60,4692
60,4804
60,4994
60,5018
60,5100
60,5123
60,5213
60,6137
60,6809
60,7274
61,4293
61,4759
61,4836
61,5004
61,5584
61,5988
61,6377
61,6511
61,6701
61,6890
61,6947
61,7260
61,7402
61,7407
61,7594
846,4107
846,4345
846,4470
846,4508
846,4539
846,4812
846,5902
846,6333
846,6830
527,4131
527,4321
527,4328
527,4341
527,4587
527,4790
527,4804
527,4974
527,5071
527,5208
527,5245
527,5380
527,5994
527,6816
527,6882
527,7572
70,4315
70,4596
70,5616
70,5685
70,6719
154,4209
154,4345
154,6447
154,6521
74,4074
74,4076
74,4222
74,4379
74,4931
74,5338
74,5367
74,6830
847,4471
847,4836
847,4874
847,5558
847,6199
847,6689
571,4228
571,4262
571,4275
571,4281
571,4380
571,4490
571,5121
571,5424
571,5709
571,5772
571,6199
571,6488
571,7292
148,4250
148,4722
148,4775
148,4896
148,5112
148,5328
148,5671
148,5891
148,6689
848,4931
1625,4345
853,6521
157,6521
262,6830
1802,6830
1803,6830
1817,4845
1818,4845
196,4347
196,6720
1272,6199
1272,6398
1272,7303
1842,5236
1843,5236
652,6199
652,6398
652,7303
55,4873
1274,7077
1851,5824
1852,4269
1852,4389
1852,4400
1852,4460
1852,4470
1852,4507
1852,4539
1852,4734
1852,4918
1852,4974
1852,4999
1852,5088
1852,5180
1852,5263
1852,5574
1852,5594
1852,5639
1852,5668
1852,6036
1852,6199
1852,6802
1852,7376
1852,7506
657,4061
657,4347
657,5075
657,6960
1081,4077
1081,4093
1081,4275
1081,4345
1081,5514
1081,5709
1081,5772
1081,6287
1081,7077
618,4093
618,4648
618,4937
618,4974
618,6641
1854,4269
1854,4389
1854,4400
1854,4507
1854,4734
1854,4918
1854,4974
1854,4999
1854,5088
1854,5180
1854,5263
1854,5574
1854,5594
1854,5668
1854,5824
1854,6199
1854,6802
1854,7376
1854,7506
1855,5824
1868,4845
1868,7207
1869,4845
1869,7207
740,4237
740,4632
1856,5824
3002,7077
1862,7077
650,4347
651,4347
651,4589
651,5075
651,6258
651,6960
563,4470
563,4869
659,6689
660,4349
660,6300
661,4514
662,4349
662,4413
662,4422
662,4432
662,4463
662,4820
662,4976
662,5142
662,6300
662,6350
662,6610
662,6896
662,7249
662,7538
664,4347
664,4631
1677,6199
560,4461
562,4514
562,5071
562,5771
562,6385
562,6488
562,6897
566,4341
102,4275
102,6055
887,7522
531,4147
531,4296
531,4362
531,4579
531,4733
531,6485
531,7560
1112,4845
612,4341
612,4861
1162,7553
1223,6096
1224,5182
1224,6018
1225,4460
1225,6018
1226,5126
1226,5182
1227,6018
742,4328
742,5328
940,4460
941,4138
941,4140
941,4886
941,5991
186,5662
151,7110
540,4587
540,4789
156,4237
156,5483
156,6581
156,7098
156,7113
156,7233
156,7451
156,7467
952,5662
606,4804
954,4142
958,5662
403,5119
2057,5662
1018,4460
1020,4460
524,4460
524,4708
524,4874
1010,4911
463,4460
2553,4460
464,4460
470,4460
473,4460
1720,4460
477,4460
478,4460
1339,4460
732,4460
1005,4460
5595,4460
2563,4460
2571,4460
756,4415
756,4620
141,4804
683,4323
683,4587
1291,4338
705,4656
1149,5386
1293,4619
1298,4030
1301,4857
1301,4913
1302,4262
1303,4587
1633,4492
1350,4492
1350,6096
1331,4796
1635,4025
1635,4460
1635,4539
1635,4915
1635,4992
1635,5473
1635,6023
1635,6942
1635,7039
1635,7182
1635,7301
1636,5685
1636,6719
1638,4796
402,5667
2158,4974
2158,6312
1640,4538
1640,7208
1641,5558
1642,4276
1642,4404
1642,4761
1642,4937
2196,6096
2263,5053
2264,5053
1137,4278
1137,4460
1137,4846
1137,4874
1137,5741
526,4029
526,4407
526,4684
526,4725
526,5211
526,5570
526,6480
526,6847
526,6922
526,6960
526,7336
526,7504
526,7594
1308,4407
1308,4922
1310,4684
1310,4725
2266,5053
519,4077
519,4262
519,4327
519,4937
519,4972
519,5091
519,6641
1312,4452
2340,4601
2341,4601
2346,4234
2347,4234
552,5104
552,7522
2353,5208
2354,5208
2373,4533
2374,4533
143,4028
143,4193
143,4276
143,4323
143,4722
143,4976
143,7249
143,7407
1185,4065
1185,4379
1185,4460
1185,4648
1185,4846
1185,4974
1185,5412
1185,5574
1185,6199
1185,6482
1185,6774
1185,7027
1186,4028
1187,5741
570,4648
691,4648
2247,4648
1333,5122
802,4093
802,4275
802,5424
802,5514
802,6287
2427,5846
2428,5846
1725,4845
2351,5104
913,5104
1924,7522
1925,7522
1916,6055
1590,4275
1592,4275
1550,4934
2518,4470
2519,4470
2524,5086
2524,6474
1493,4869
1494,7144
163,4347
1495,4869
1495,6897
1497,7173
2531,4533
2532,4533
1498,4642
1498,5616
1498,7651
708,7365
1499,4869
1499,7144
2533,4533
2534,4869
2534,7144
1004,4937
1547,4543
1339,5307
1339,5313
1339,5877
1339,6617
263,6228
2604,4207
2605,4207
1169,5389
2404,4275
2404,5424
2406,4187
2406,4275
2406,4368
2406,4647
2406,4937
2406,6274
2406,6445
2406,6718
2406,7117
6227,4275
7790,4275
6234,4275
6245,4275
6229,4275
7791,4275
6235,4275
6232,4275
3013,4275
7792,4275
1863,4275
2627,4275
6239,4275
7794,4275
6246,4275
1079,4648
142,4193
142,4648
142,5967
142,7233
142,7249
2651,5307
2652,5307
872,4547
872,5359
494,4733
493,4762
670,4347
2666,4347
2208,4470
1167,4262
1167,4698
1151,4262
262,4055
262,4237
262,4324
262,4345
262,4391
262,4471
262,4922
262,4972
262,5301
262,5730
262,6258
262,7097
262,7225
262,7611
613,4327
613,5091
613,5632
613,5724
613,6641
1371,4484
575,4413
575,4713
575,4752
575,4766
575,5056
575,5648
575,5782
575,6199
575,6699
575,7249
575,7538
622,4843
622,5653
622,6258
622,7044
622,7252
622,7387
1802,4237
569,4713
1803,5301
5606,5301
2742,5668
2743,5668
2755,5236
2755,7607
2758,4869
2759,5236
257,5653
2236,5772
2236,6107
2236,7208
2236,7337
2835,4460
2836,4460
2830,4278
2686,4470
2686,4587
2686,7337
2681,4470
2682,4587
2683,4328
2683,4341
2684,4537
2693,4587
2831,4384
2831,4538
2239,4538
2833,4328
2833,4341
2833,4384
2833,4460
2833,4538
2833,5772
2833,7337
2834,4278
2834,4384
2834,4587
2834,6107
2837,4537
1997,6566
2553,5313
2553,6617
2904,4379
2904,4675
2905,4379
2905,4675
2892,6566
2908,6566
2909,6566
2895,4275
2895,4845
2922,5668
2923,5668
2936,4056
2937,4056
2571,5313
2556,6617
2570,6617
2563,6617
2566,6617
464,4421
464,4642
464,4843
464,4845
1901,4514
1901,6488
2948,5653
2949,5653
469,5491
469,6839
470,4136
470,4292
470,4532
473,4328
473,4452
474,6839
474,7386
1625,4237
853,4237
493,4237
2033,4237
6332,4237
259,6488
2955,4470
2956,4470
1220,4460
1222,5767
1228,6096
684,4210
684,4338
684,4421
684,4450
684,4458
684,4648
684,4790
684,5247
684,6634
2931,4843
699,4081
699,4642
699,4648
699,4845
699,5766
707,4081
707,4450
707,4587
707,4648
707,4790
707,5766
709,4299
2944,5552
2987,4470
2988,4470
2945,4303
2945,4338
2945,4449
2945,4458
2945,4587
2945,4721
2945,4843
2945,4845
2945,5376
2945,5674
2945,5804
714,4843
2990,4845
2993,4798
2994,4798
2997,4278
2997,4611
2998,4278
2998,4611
1902,5771
1902,6385
1776,4335
1776,4632
1776,4686
1776,4870
1776,6374
1776,6874
1776,7142
1776,7570
1724,6942
1029,7252
1708,7336
3002,4389
3002,6540
3002,7014
3002,7337
3003,4389
3003,7014
1862,4077
1862,4389
1862,6540
1862,7337
853,4127
853,4285
853,4323
853,4452
853,4460
853,4539
853,4759
853,4906
853,4957
853,5132
853,5254
853,5653
853,6258
853,6632
853,6803
853,7565
853,7633
1775,4028
1775,4843
1775,4855
1775,4957
1775,6380
3009,6689
3010,6689
1767,4904
1767,5132
1767,5772
1767,6023
1767,6402
1767,7142
1464,4300
3012,7158
1768,7158
1768,7312
1777,4700
1777,4954
1777,5750
1777,6616
1778,4335
1778,4348
493,4127
1803,4345
3011,6689
3006,6803
3014,7158
493,4053
493,4323
493,4379
493,4906
493,5254
493,7451
494,4054
494,4093
494,4591
494,6199
494,6732
495,4226
495,4323
495,4326
495,4337
495,4517
495,5765
495,5809
495,6285
495,7105
497,6199
3017,4906
2033,7467
624,6287
629,5508
629,6659
1462,4078
1462,5399
1462,5819
1766,4514
915,5399
525,4253
525,4262
525,4368
525,4399
525,4614
525,4843
525,5040
525,5107
525,5201
525,5632
525,5819
525,5905
3037,5819
3045,4950
3045,5657
3045,6744
3046,4950
3046,5657
3046,6744
3049,7454
3050,7454
3051,4171
3051,4749
3051,6738
3051,6926
3051,7237
3052,4171
3052,4749
3052,6738
3052,6926
3052,7237
3053,4819
3053,5293
3054,4819
3054,5293
521,4216
521,4308
521,4318
521,4587
521,4777
521,4873
521,4910
521,5092
521,5098
521,5119
521,5180
521,5209
521,5324
521,5663
521,5752
521,6152
521,6323
521,6453
521,6678
521,6888
521,6947
521,6992
521,7023
521,7116
521,7186
521,7409
521,7507
2950,4635
2950,5035
2950,5652
2950,5779
2950,6316
3064,4714
3065,4714
1714,4635
1714,4717
1714,4937
1714,5035
1714,5219
1714,5652
1714,5779
1714,6316
1714,6839
741,6839
532,4042
532,4118
532,4179
532,4252
532,4296
532,4353
532,4382
532,4442
532,4596
532,4742
532,4783
532,4789
532,4810
532,5253
532,5600
532,5900
532,6091
532,6220
532,6747
532,6769
590,4278
590,4379
590,4696
590,4734
590,6681
591,4384
591,5211
591,7339
594,7151
595,4217
595,4239
595,4684
595,6008
595,6201
595,6922
595,7039
595,7409
3085,5221
2247,4156
2247,4452
2247,4460
2247,4484
2247,4761
2247,4974
2247,5221
2247,6774
2247,7352
2247,7439
528,4692
528,4896
528,5112
528,5132
528,7231
3879,4262
1334,4262
741,4262
727,4262
3880,4262
3037,4262
4340,4262
4341,4262
4768,4262
3742,4262
2248,5221
1720,4047
1720,4161
1720,4271
1720,5196
1720,5563
1720,6453
1720,6839
1720,7023
1721,4670
1721,4829
1721,4880
1721,5119
1721,5389
1721,5584
1721,5925
1721,6091
1721,6677
1721,6704
1721,6832
1721,6852
1721,7101
1721,7231
1721,7515
1721,7574
1721,7633
1722,4428
1723,4577
1723,4642
1723,4648
1723,5324
1723,5389
1723,6085
1723,7597
3087,4271
3058,4271
3055,5119
3057,5663
3055,6947
3055,6992
1724,6730
530,4974
3099,6234
3100,6234
3101,6349
489,4497
489,6399
483,4085
483,4328
483,4355
483,4384
483,4470
483,4497
483,4593
483,4805
483,4874
483,4919
483,5090
483,5153
483,5426
483,5667
483,5708
483,5797
483,6004
483,6515
3102,4470
3102,4497
3102,6349
1710,4284
1710,7236
1711,4284
1711,7236
3121,4937
3122,4937
1028,4845
1712,4175
477,4471
477,6142
477,7015
478,4470
478,5328
3148,6036
3149,6036
57,4484
3153,5258
3155,5258
3166,4537
3167,4537
550,4587
1780,7085
1780,7594
3212,4631
3213,4631
3226,4470
3227,4470
2777,4869
2777,7607
162,4461
83,4131
83,4216
83,4308
83,5767
83,6888
83,7162
85,4131
85,4326
85,4659
85,6165
85,6598
86,6912
87,4072
87,4093
87,4185
87,4470
87,4702
87,4869
87,5667
87,5668
87,6783
87,6901
158,4447
158,4484
158,4523
158,4915
158,4949
158,5473
158,6199
158,6627
158,6855
559,4812
559,4937
559,6199
559,7060
2202,4915
2202,6199
1520,6199
1718,4297
1718,4368
1718,6945
1718,7242
1718,7549
3307,7104
3308,7104
2138,4587
2146,4384
2146,4460
2214,4587
2181,4587
842,4762
842,6273
842,6961
2911,4275
914,4376
2984,5552
1027,5307
3512,4153
3512,4459
3512,6566
3512,6942
3512,7050
3513,4125
3513,4153
3513,4882
3513,5662
3513,6566
3514,4153
3514,4259
3514,4459
3514,4538
3514,4974
3514,5478
3514,6942
3514,7050
3514,7570
177,4275
177,4790
3515,4153
3550,4459
265,4459
3551,4459
3520,4459
1779,4957
3520,6942
3521,7050
3520,7050
3087,4161
3087,4278
3087,4328
3087,5092
3087,5185
3087,5196
3087,5563
3087,6453
3087,6839
3087,7023
3515,4125
3515,4882
3515,5662
3058,6453
3055,7023
3058,7023
3532,6974
3533,6974
3534,4275
3535,4275
265,4974
265,7496
265,7570
3520,4259
3520,4538
3520,5478
3521,4538
3551,7570
1698,4217
1698,4239
1698,4368
1698,4447
1698,4577
1698,4632
1698,4650
1698,4684
1698,5098
1698,6008
1698,6677
1698,6720
1698,6849
1698,6922
1698,7039
1698,7186
1698,7597
1794,5245
1164,6464
3566,4452
3566,5668
3567,4452
3567,5668
676,4869
680,4656
682,4547
682,6350
689,4033
689,4272
689,5594
689,6309
689,6455
691,4156
691,4460
691,6350
691,6634
691,7439
693,4275
693,5904
696,5335
696,5904
698,4327
698,4547
698,4636
698,4972
698,5359
698,5439
701,6095
702,4442
702,5038
703,4379
706,4422
713,5328
714,4295
714,4297
714,4299
714,4303
714,4338
714,4347
714,4422
714,4449
714,4619
714,4845
714,5376
714,5674
714,5804
714,5906
714,6638
717,6634
723,5818
725,4051
725,4084
725,4139
725,4211
725,4321
725,4376
725,4400
725,4450
725,4470
725,4564
725,4587
725,4597
725,4920
725,5142
725,5170
725,5213
725,5374
725,5423
725,5430
725,5621
725,5842
725,6056
725,6224
725,6317
725,6350
725,6431
725,6464
725,6634
725,6648
725,6673
725,6831
725,6957
725,7242
725,7424
725,7549
725,7605
725,7623
726,4303
726,4845
731,4422
739,4656
487,5797
741,4362
741,4605
741,4688
741,4937
741,5219
741,5632
741,6232
741,7002
741,7449
743,4521
743,4874
744,6896
744,7574
747,6874
747,7231
3758,5316
3758,6481
3759,5316
3759,6481
791,4299
1889,6350
790,6350
3710,6634
3726,6634
3772,4470
3773,4470
3775,4470
3775,5763
3778,4470
3779,4470
3780,4470
2024,4587
2024,4789
1333,4804
1794,4804
157,4285
157,6258
157,7565
75,4175
76,4175
2202,4523
3297,4523
144,4775
71,7613
3823,5668
2559,4470
2567,5307
144,5506
145,5388
145,5506
3839,4846
3840,4846
72,4514
3105,4355
3105,4874
3105,5090
3105,5154
3105,7245
3107,4384
3107,4470
3107,4593
3107,4805
3107,5153
3107,5154
3107,5426
3107,5708
3107,5797
3107,7245
3106,5667
3850,4817
3851,4817
3851,5047
3108,6004
3852,4817
488,6515
3853,4987
3853,7324
3854,4987
3854,7324
1787,7407
1788,4293
1788,5004
1788,5988
1788,6377
1788,6511
1788,6890
1788,6947
1788,7260
1788,7402
1789,4759
1789,5004
1789,7260
1789,7594
1999,4138
1999,4140
1999,4306
1999,4341
1999,4886
1999,5137
1999,5275
1999,5671
1999,5991
3862,4306
3862,4341
3862,4886
3862,5137
3862,5275
3862,5671
3862,5991
3871,4131
3871,4347
3871,7337
3872,4131
3872,4347
3872,7337
3879,4420
3879,4527
3879,4868
3879,4895
3880,4420
3880,4527
3880,4868
3880,4895
3881,4371
3881,5452
3882,4371
3882,5452
3885,7273
3886,7273
71,5741
71,6002
71,6774
71,6799
71,7261
113,5668
3058,4216
3058,4308
3057,6888
3059,6888
3293,4326
3293,4659
3293,6165
3293,6598
267,4341
267,5741
267,7184
586,4275
3908,4775
3909,4775
3294,4460
3294,4470
3294,5667
3294,5668
3294,5778
3294,6783
3295,4072
3295,4093
3295,4185
3295,4460
3295,4470
3295,4702
3295,5668
3295,6783
3295,6901
3296,4059
3296,4072
3296,4074
3296,4114
3296,4237
3296,4258
3296,4432
3296,4702
3296,4995
3296,5667
3296,5778
3296,5857
3296,6783
3296,6901
3296,7365
3910,4072
3910,4702
3910,6783
3910,6901
3919,4384
3920,4384
3921,5148
3922,5148
596,4592
3950,4538
3951,4538
3952,4538
3953,4538
3960,4538
3961,4538
3964,4538
3965,4538
3966,4538
1329,7208
3991,7208
3996,5737
3997,5737
1330,7208
1070,4556
969,5608
3655,4033
3655,5594
3655,6309
3656,4033
1153,4587
4097,4928
4097,4943
4097,5381
4097,5959
4098,4928
4098,4943
4098,5381
4098,5959
1037,6482
1430,4460
1430,5668
1430,7133
3130,4460
3130,4845
3130,5668
3130,7133
3131,4845
1181,4077
1181,4937
1181,6871
1181,7105
1067,4328
1067,4460
1067,5667
1067,5791
1067,7570
1067,7607
4149,4460
4149,7570
4149,7607
1029,7392
1036,7087
1041,4790
4172,4144
4173,4144
1372,4379
2201,4376
2199,4460
2202,4025
2202,4193
2202,4460
2202,4471
2202,5473
2202,6127
2202,6855
2202,7039
2202,7174
2202,7182
2202,7301
2203,4539
4190,4460
3297,4460
3297,5473
1697,6023
238,5767
4201,6235
1171,4347
1171,4368
1171,4907
1171,4974
1171,5142
1171,5668
1171,6235
1171,6385
4202,6235
1392,4587
4243,5668
4244,5668
4259,4368
4259,4843
1806,5891
608,4093
608,4262
608,4648
608,4910
870,4781
870,5797
870,6209
4300,4116
4300,4572
4300,5015
4301,4116
4301,4572
4301,5015
620,4262
617,4186
617,5867
617,6908
619,4077
620,4077
621,4603
621,5232
621,6343
623,4186
623,5867
623,6908
868,4214
868,4347
868,4470
868,4669
868,4972
868,4995
868,5006
868,5157
868,5255
868,5629
868,5879
868,6104
868,6257
868,6411
868,6804
868,6841
868,6947
868,7409
871,4642
871,5797
871,6152
4308,6481
4309,6481
4297,5797
4296,6209
1404,5466
4317,4792
4318,4792
1792,4974
4332,4538
4333,4538
1334,5789
1695,4270
1695,4879
1695,5174
1695,5558
1695,5571
1695,5763
1697,5571
1700,5671
3018,5809
1703,5211
1703,6480
1705,4813
4392,4884
4393,4884
486,4688
522,4556
4397,4070
4398,4070
3058,5092
4413,6267
4414,6267
1432,4538
1432,7504
1708,4029
1708,4407
1708,4490
1708,4538
1708,4684
1708,4725
1708,4922
1708,5270
1708,5570
1708,6847
1708,6960
1708,7244
1708,7504
1708,7594
1713,4278
1713,4845
1713,7570
1713,7599
4421,4460
4422,4460
1785,4278
5961,4278
4423,5055
4424,5055
3069,4717
1053,4538
1804,6199
4434,5903
4435,5903
1662,4407
4420,6960
4436,4416
4437,4416
1662,4922
3055,5209
2244,4404
2244,4457
2244,4937
2244,7598
2245,7598
4462,4457
855,4372
855,5552
855,5625
4465,4279
4465,4331
4465,4532
4465,4572
4465,4674
4466,4279
4466,4331
4466,4532
4466,4572
4466,4674
857,4372
4517,4461
4523,4370
4523,4470
4523,4538
4523,5763
4523,6258
4523,6799
4523,7303
4523,7509
4523,7595
4528,4153
4529,4153
4518,4461
4524,4370
4524,4470
4524,4538
4524,6258
4524,7303
4524,7509
4568,5797
4569,4471
4569,5797
4573,4537
4574,4537
4576,4587
2312,4452
4577,4587
4571,5797
4571,4471
4572,4471
2139,4384
2140,4084
2140,4620
2140,6350
2140,6488
2140,6634
2141,4460
2141,6488
2144,4447
2144,4620
2144,5674
2144,6634
2145,4991
2150,4415
2150,4991
2153,4084
2153,4447
2153,4460
2153,4610
2153,4620
2153,5501
2153,5591
2153,5674
2153,6058
2153,6350
2153,6634
2153,6815
4653,4460
2980,4084
2980,6634
4260,4462
4727,4462
4262,4368
4262,4462
4262,4843
4758,5666
4759,5666
3742,4460
3742,4605
3742,4688
3742,4937
3742,7002
3742,7449
1770,4937
1771,4937
3068,4937
6692,4937
6693,4937
3070,4937
2155,4804
4310,5466
4819,5621
4820,5621
4652,6634
4652,4610
4652,5674
4836,4547
4836,4843
4836,5230
4837,4547
4837,4843
4653,5501
4653,5591
4653,6058
4653,6815
4838,4843
4838,5230
2990,6362
4857,4147
4857,4278
4857,5213
4857,6566
4858,4147
4858,4278
4858,5213
4858,6566
4865,4462
4866,4462
3019,5366
4875,5366
4879,4940
4880,4940
4891,4452
4891,5231
4892,4452
4892,5231
1751,5460
1752,4275
1752,4391
1752,4434
1752,5396
1752,5460
1752,5724
1752,7550
1381,5386
4943,4845
4944,4845
4958,6803
4959,6803
4980,5797
4981,5797
1395,5119
1395,6431
4995,5763
4995,5951
4995,6111
4995,6323
4996,5763
4996,5951
4996,6111
4996,6323
3075,4379
2178,4030
2179,4857
2179,4913
1406,4278
1406,4384
1406,6862
1406,7536
488,4814
488,5154
5013,4538
5013,5668
5013,6701
5014,4538
5014,5668
5014,6701
5015,4538
5015,5668
4878,4275
4878,5448
4878,5855
4878,7116
569,4051
569,4057
569,4178
569,4259
569,4460
569,4556
569,4753
569,4766
569,4790
569,4806
569,4951
569,4969
569,5018
569,5205
569,5782
569,6657
569,6699
569,6718
569,6889
569,7101
569,7335
569,7439
569,7570
569,7605
570,4178
570,4753
570,4766
570,4790
570,4793
570,5782
570,6699
570,6718
570,6813
570,6889
570,6896
570,7335
570,7439
570,7548
5021,4051
5021,4057
5021,4178
5021,4259
5021,4275
5021,4797
5021,6718
5021,7605
75,4275
75,4460
75,4753
75,4797
75,4806
75,4969
75,5018
75,5205
75,6657
75,7101
75,7570
572,4556
573,6699
574,6699
5964,6699
5047,5763
5048,5763
5050,5763
4774,4731
4774,5668
5104,4845
5106,4845
1426,4368
1426,4587
1044,5026
2983,4347
2983,4587
2983,4934
2992,4449
2992,4458
2992,5804
2992,6362
3910,4059
3910,4074
3910,4114
3910,4237
3910,4258
3910,4432
3910,4995
3910,5857
3910,7365
5229,5837
5230,5837
1769,5905
1769,6141
5235,4384
5236,4384
3553,4217
3553,4368
3553,4447
3056,4650
3056,6678
3056,7409
2267,4278
2267,4460
3088,4648
3088,6008
3082,6008
5289,6557
5290,6557
1991,4328
5291,5107
5291,6888
5292,5107
5292,6888
3018,4226
3018,4517
3018,6285
4360,5671
5313,4843
5314,4843
5317,4538
5317,7154
1592,4129
1592,4347
1592,4538
1592,4844
1592,5763
1592,6799
1592,7154
1592,7595
3855,4129
3855,4347
1586,4266
1586,4368
1586,4461
5369,4139
5370,4139
1896,4461
3006,4323
1489,4874
5424,4538
5424,4587
5424,4850
5425,4538
5425,4587
5425,4850
5425,5375
5426,4538
5426,5375
5442,4733
5443,4733
2164,4323
5451,5668
5452,5668
5461,4299
5461,5622
5461,6512
5461,6703
5461,6779
5461,6931
5462,4299
5462,5622
5462,6512
5462,6703
5462,6779
5462,6931
5463,4299
5162,4347
5162,4587
5162,4934
5163,4347
5164,4587
5485,4514
5485,4926
3036,4514
3036,4926
1773,4628
1882,6337
1883,4470
1883,4869
5514,6398
5515,6398
3893,5668
2650,5967
856,4274
856,7252
849,4667
849,7341
857,4051
857,4274
857,4454
857,6332
857,7154
5560,4541
5561,4541
858,4072
858,4275
858,4296
858,5221
858,5897
858,7335
859,4274
859,4275
860,4044
860,4072
860,4099
860,4144
860,4191
860,4248
860,4255
860,4327
860,4328
860,4503
860,4513
860,4542
860,4558
860,4569
860,4715
860,5177
860,5268
860,5274
860,5540
860,5646
860,6003
860,6112
860,6280
860,6496
860,6526
860,6955
860,7256
860,7312
860,7324
860,7337
860,7404
4131,4072
4131,4248
4131,5177
1802,4074
1802,4324
1802,4538
1802,4762
1802,4871
1802,5338
1802,5367
1887,5763
1887,6610
1888,4347
1888,4820
1888,5142
1888,5763
1888,7338
5565,6337
5566,4275
5566,4574
5566,4790
5566,5763
5566,6337
5567,5763
5573,5763
5574,5763
1889,6610
5589,4470
5590,4470
4131,4044
4131,4099
4131,4144
4131,4191
4131,4255
4131,4274
4131,4327
4131,4328
4131,4377
4131,4503
4131,4513
4131,4542
4131,4558
4131,4569
4131,4715
4131,5268
4131,5274
4131,5465
4131,5540
4131,5646
4131,5648
4131,6003
4131,6112
4131,6280
4131,6496
4131,6526
4131,6955
4131,7105
4131,7256
4131,7312
4131,7324
4131,7391
4131,7404
4131,7462
5591,4327
2045,4142
1004,4470
1004,4692
1004,4974
1004,5026
1004,5270
1004,5678
1004,7335
1005,5026
1005,5577
1005,6092
1005,7319
5600,6096
5601,6096
5602,4379
5603,4379
1803,4142
1803,4234
1803,4379
1803,4384
1803,4641
1803,4799
1803,5666
1803,5730
1803,6085
1803,6296
1803,7273
1803,7611
5564,5367
5627,4790
5628,4790
5631,6014
5631,6207
5632,4178
5632,4298
5632,5587
5632,5724
5632,6014
5632,6207
5632,6445
5632,7077
5632,7351
5633,6014
5633,6207
2555,5877
2564,4692
2566,4470
2570,4470
5669,4131
5670,4131
2221,5667
2222,5667
1595,7031
3058,4278
3058,4318
3058,4328
3058,4777
3058,4873
3058,5180
3058,5185
3058,5752
3058,6323
3058,7116
3058,7507
1627,4347
5776,5054
5777,5054
5806,4393
5807,4393
1161,5307
5830,4470
5830,4585
5831,4470
5831,4585
5832,4379
5833,4379
5834,4538
5836,4538
5837,4538
5838,4538
5840,4538
5841,4538
5842,4538
5853,4587
5854,4587
5863,6165
5864,6165
5869,4470
5869,6670
5869,6985
5870,4470
5870,6670
5870,6985
5874,4303
5875,4587
5877,4303
5878,4587
5907,4587
5908,4587
2848,4460
2848,4538
2867,4538
6533,4538
8661,4538
8670,4538
5917,4379
5918,4379
5923,4461
5924,4461
5925,4461
5936,4538
5937,4538
5939,5952
5940,5952
2723,5245
1785,4390
1785,4845
1785,5123
1785,6809
1786,5018
572,4869
572,4873
573,4168
199,4781
200,6228
1163,5763
1163,6543
1163,7570
582,4608
582,5441
582,5991
587,7182
5989,5213
5990,5213
5991,4819
5992,4819
6001,7226
6002,7226
3059,4318
6009,4725
6009,4922
6009,6922
6009,6942
6010,4725
6010,4922
6010,6922
6010,6942
6027,5911
6028,5911
6029,5911
6036,4460
6037,4460
6047,4470
6047,4538
6047,5827
6048,4538
6050,4470
6050,4538
6050,5827
6061,4470
6062,4470
1048,5026
1048,5028
1048,6491
1940,4845
1513,4845
1941,4845
4425,4538
6116,4343
6117,4343
6120,4640
6121,4640
2227,4974
2227,6312
5593,4470
5593,4692
5593,4974
5594,4470
5594,5270
5594,7335
1009,4974
1009,5577
1009,6092
1009,7319
6135,6444
6136,6444
5427,5375
6165,4755
6165,4788
6165,4985
6165,7208
6165,7570
6166,4985
6166,7208
6166,7570
6167,4755
6167,4788
6167,7570
6174,5718
6175,5718
3779,5763
1728,4327
1728,5891
6182,4902
6183,4902
6192,4538
6194,4538
6227,6990
6228,4633
6238,4790
6238,5014
6238,5245
5574,4574
5574,4790
5574,5014
5574,5245
6229,4262
6229,4460
6229,4671
6229,4937
6229,5763
6229,6990
6231,5763
6232,4124
6232,4538
6232,5550
6233,4262
6233,4460
5567,4790
1008,4540
1008,5026
1008,5442
1017,5026
6289,4275
6289,4538
6289,4666
6289,5053
6289,5668
6290,4275
6290,4538
6290,4666
6290,5053
6290,5668
6291,4538
6294,4809
6294,6458
6295,4809
6295,6458
2525,5086
2525,6474
6310,4538
6311,4538
1792,4262
1792,5816
1792,6871
1792,7561
1792,7572
1792,7583
1793,4262
1793,5816
1793,6475
1793,6871
1793,7561
6326,5921
6327,5921
1795,5994
1795,6816
1795,7572
1797,4262
1797,5380
1797,6475
1797,7583
2033,7098
2033,7113
3037,5107
3037,5201
6353,4460
6353,6914
6353,7570
6354,4460
6354,6914
6354,7570
2640,4538
2640,5591
3719,5818
3013,4460
3013,4671
3013,5763
3013,6299
6374,5350
6375,5350
3040,4399
6386,4343
6386,5170
6386,5989
6386,6015
6386,6687
6387,4343
6387,5170
6387,5989
6387,6015
6387,6687
1686,4470
6408,4869
6408,4996
6408,5126
6408,6446
6409,4869
6409,4996
6409,5126
6409,6446
6410,4869
3104,6399
1514,5149
6450,4591
6450,6457
6451,4591
6451,6457
4992,6862
5008,6862
1781,4085
1781,4436
1781,4484
1781,4532
1781,4556
1781,4568
1781,4974
1781,5106
1781,5164
1781,6095
1781,6652
1781,6880
1782,4085
1782,4484
6466,4484
1782,4568
6466,4568
1782,4974
6466,4974
1782,4093
1782,4267
1782,4327
1782,4692
1782,4954
3852,5047
6467,4790
6467,4937
6468,4790
6468,4937
6469,4516
6469,4639
6470,4516
6470,4788
6471,4639
6471,4788
6476,4389
6476,4790
6476,5696
6476,5830
6476,5926
6472,4788
6479,4321
6479,4358
6479,5219
6479,7208
6480,4321
6480,4358
6480,5219
6480,7208
6481,4358
6508,4321
6509,4321
6509,4845
6509,5518
6510,4321
6511,4321
6523,4538
6523,4846
6523,4974
6523,5668
6524,4538
6524,4846
6524,4974
6524,5668
6525,4275
6525,6361
6526,4275
6526,6361
6529,5811
6530,5811
201,4697
201,7158
201,7233
6571,4093
6571,4974
6572,4093
6572,4974
203,4318
203,4469
203,4470
203,4648
203,4768
203,4934
203,5671
203,5763
203,6111
203,6452
5318,5763
6567,5763
6575,5174
6576,5174
1480,4461
1480,4539
1661,4248
1661,4383
1459,5668
770,4372
770,4455
770,4469
770,4615
770,4798
770,4811
770,4815
770,4937
770,5171
770,5529
770,5751
770,6105
770,6444
770,6718
770,6723
770,6884
770,7289
770,7495
770,7512
773,4884
773,5134
773,5171
773,5376
773,5475
773,5620
773,7449
6621,5171
6822,5171
6622,5171
6629,4642
6630,4642
6631,4642
789,7192
790,4338
790,4968
790,6779
790,7104
791,4620
6656,5797
5178,6200
6657,5797
6668,4991
6669,4991
6661,6200
6690,6325
6691,6325
6698,4460
6699,4460
6736,4470
6736,4845
6737,4470
6737,4845
6744,4460
6745,4460
6746,4325
6747,4325
6750,4460
6750,5456
6751,4460
6751,5456
1520,4949
3297,4193
3297,4447
3297,4471
3297,6127
3297,6627
3297,7174
6760,4934
6761,4934
2999,4470
6775,4843
6776,4843
6781,5832
6782,5832
6785,5116
6786,5116
6793,4194
6794,5669
6795,4194
6795,5669
6798,5807
6799,5807
6816,4465
6817,4465
4130,6871
6820,6491
5318,4250
5318,4318
5318,4469
5318,4562
5318,4648
5318,4977
5318,6111
5318,6491
5318,6926
5318,7240
6821,4250
6821,4562
6821,4977
6821,6111
6821,6926
6821,7240
6566,4934
6566,6452
6567,4648
6621,4469
6621,4565
6621,4815
6621,5231
6621,6718
6622,4372
6622,4798
6623,4455
6623,4615
6623,5529
6623,7512
6624,4455
6624,4811
6624,4815
6624,6723
6624,6884
6625,4815
6625,6105
6625,6718
6626,5529
6626,5751
6626,6884
6626,7289
6626,7495
6831,4389
6831,5277
6832,4389
6832,5277
6833,4254
6833,5194
6834,4254
6834,5194
6841,5019
6842,5019
6851,4470
6852,4470
1857,4460
1857,5668
1857,6036
1858,4470
1858,4539
1858,5088
1858,5639
1858,5668
1858,6199
3670,4327
3670,4636
3670,4972
3670,5439
3670,7056
6863,7056
6879,4845
6880,4845
4093,4384
5008,4278
5008,4384
5008,7536
2914,4275
2916,4275
6883,4715
6884,4715
6896,4538
6896,5668
6896,5763
6897,4538
6897,5668
6897,5763
6914,7170
6915,7170
6922,4470
6923,4470
6924,4470
6963,4843
6963,5317
6963,5668
6964,4843
6964,5317
6964,5668
6971,5668
6972,4345
6972,5668
6973,5668
6973,4345
6993,4460
6994,4460
6995,4460
5572,6337
7066,5527
7067,5527
7068,4631
7068,5243
7068,6337
7068,6692
7069,4631
7069,5243
7069,6692
76,4992
76,6199
7070,5243
7070,6337
7083,7502
7083,7570
7084,7502
7084,7570
7085,4347
7086,4347
6477,4790
6477,4974
6477,5668
6477,5696
6477,5830
6477,5926
6478,4275
6478,4389
6478,4507
6478,6038
6478,7469
7090,4389
7091,4389
3826,4470
3826,4538
3826,5668
7116,5668
7117,5668
5648,4692
4307,4214
4307,4470
4307,4669
4307,4972
4307,4995
4307,5006
4307,5157
4307,5255
4307,5629
4307,5879
4307,6104
4307,6257
4307,6411
4307,6804
4307,6841
4307,6947
4307,7409
4329,4633
4329,5861
6237,4988
6237,5861
6234,4633
6822,4565
6822,5231
7170,4939
7170,6627
7171,4470
7171,4845
7171,4939
7171,5229
7171,5669
7171,6444
7171,6539
7171,6627
7172,5669
7173,6627
7175,4939
8221,4939
7177,4939
8222,4939
7179,6627
7189,7576
7190,7576
7197,7198
7198,7198
7205,4715
7205,7151
7206,4715
7206,7151
7209,4636
7210,4636
3729,4845
7213,4558
7213,5022
7214,4558
7214,5022
2991,4303
3707,4845
1889,4432
1889,4463
1889,5056
1889,6199
1889,6896
1889,7338
1544,4843
6268,4278
6268,4516
6268,4747
6268,5104
7226,4747
7228,4278
7228,4747
7229,4516
7229,4747
7229,5104
7232,4747
7232,5104
7297,4470
7298,4470
7303,6350
7304,6350
1173,5797
7330,4460
7331,5734
7331,7520
7332,4460
7332,5734
7332,7520
7348,7570
7349,7570
7358,4264
7359,4264
5961,4845
3636,4869
7392,4460
7393,4460
7394,4460
7395,4460
7398,4539
7398,5626
7399,4539
7399,5626
1953,4861
7408,4241
7408,4362
7408,4790
7408,5309
7408,5883
7408,6812
7409,4241
7409,4362
7409,4790
7409,5309
7409,5883
7409,6812
4306,4603
4306,5232
4306,6343
2730,7044
2730,7252
2730,7387
7421,4470
7422,4470
6437,5230
6437,5668
7448,4937
7449,4937
7496,5797
7496,6566
7497,5797
7497,6566
1804,4228
1804,4262
1804,4281
1804,4490
1804,7292
4662,4084
4662,6634
7506,4869
7507,4869
1052,5026
1052,5028
1052,6491
5564,4538
5564,4762
5564,4871
5573,4275
5573,4574
7556,4587
7557,4587
7558,4587
7583,4470
7584,4470
7593,6000
7594,6000
2275,4490
2275,4538
2275,5270
2275,7244
4417,4922
7599,5581
7600,5581
7601,4996
7601,5916
7601,6072
7602,4996
7602,5916
7602,6072
7618,5160
7618,7613
7619,5160
7619,7613
7622,4937
7623,4538
7623,4845
7623,4937
7623,7113
7626,4937
7629,4692
7629,5006
7630,4692
7630,5006
7631,4937
7632,4937
7648,5627
7648,6190
7648,6194
7648,7421
7649,5627
7649,6190
7649,6194
7649,7421
7650,4460
7650,5174
7651,4460
7651,5174
7662,4538
7663,4538
7684,4384
7685,4384
7692,4211
7692,4415
7692,4419
7692,4427
7692,4538
7692,4625
7692,4653
7692,4793
7692,4804
7692,5621
7692,6464
7692,6779
7692,6952
7692,7204
7692,7242
7692,7549
7693,4084
7693,4211
7693,4411
7693,4414
7693,4415
7693,4419
7693,4427
7693,4450
7693,4538
7693,4620
7693,4625
7693,4653
7693,4793
7693,4804
7693,5579
7693,5621
7693,5668
7693,5674
7693,6350
7693,6464
7693,6779
7693,6952
7693,7204
7693,7242
7693,7549
8278,4415
7694,4415
7694,4427
7694,6952
7980,7204
7694,7204
7982,7204
7981,7204
7983,7204
9456,7204
8278,7549
7694,7549
2991,4297
2991,4338
2991,4449
2991,4619
2991,4721
2991,4762
2991,4872
2991,5376
2991,5674
2991,5804
2991,5906
2991,6638
7696,6634
7697,6634
3134,4175
4149,4328
7712,4939
7712,4974
7713,4939
7713,4974
7737,4843
7738,4843
7745,4029
7745,4110
7745,4123
7745,4777
7746,4029
7746,4110
7746,4123
7746,4777
3707,4295
3707,4347
3707,6638
6234,4538
6234,6268
6234,6299
6245,4124
6245,4460
6245,4671
7791,6268
7792,6299
7793,4538
2627,4187
2627,4368
2627,4460
2627,4647
2627,4937
2627,6274
2627,6445
2627,6718
2627,7117
6251,4460
7795,4262
7796,4262
7797,4226
7797,4368
7797,4460
7797,4470
7797,5388
7797,5545
7797,5637
7797,6417
7797,6566
7797,7481
7798,4226
7798,4368
7798,4460
7798,4470
7798,5388
7798,5545
7798,5637
7798,6417
7798,6566
7798,7481
6658,5797
6659,5797
3368,6961
3656,5768
7818,4538
7819,4538
7829,4460
7830,4460
7852,4379
7853,4379
3661,4275
3661,5904
7875,5248
7875,5941
7875,7374
7876,5248
7876,5941
7876,7374
3824,4538
3824,5668
3825,5668
7883,4452
7884,4452
7884,4845
7885,4452
7888,4326
7888,4539
7888,4869
7888,5668
7888,7570
7889,4326
7889,4539
7889,4869
7889,5668
7889,7570
7890,5668
7891,5668
8981,5668
4387,4813
2916,4470
2916,4845
7904,4845
7907,5213
7908,4262
7908,5213
7909,5213
7912,4368
7912,4416
7912,4470
7912,4619
7912,7173
7912,7204
7913,4368
7913,4416
7913,4470
7913,4619
7913,7173
7913,7204
2248,4460
3086,4460
3677,4442
3677,4470
3677,5038
3677,7310
3678,4470
3678,7310
7926,4470
7927,4470
7695,4619
3712,5322
3712,5668
7952,4131
7952,5071
7952,6431
7952,6566
7952,7116
7953,4053
7953,4131
7953,4275
7953,4326
7953,4470
7953,4647
7953,4896
7953,5071
7953,5545
7953,5668
7953,6337
7953,6431
7953,6566
7953,7097
7953,7116
7955,7116
7971,4275
7971,6675
7972,4275
7972,6675
6239,4937
6239,5763
7975,4937
6242,5763
3726,4051
3726,4084
3726,4139
3726,4211
3726,4321
3726,4376
3726,4400
3726,4450
3726,4470
3726,4564
3726,4587
3726,4597
3726,4920
3726,5142
3726,5170
3726,5213
3726,5374
3726,5423
3726,5430
3726,5621
3726,5842
3726,6056
3726,6224
3726,6317
3726,6431
3726,6464
3726,6648
3726,6673
3726,6831
3726,6957
3726,7242
3726,7424
3726,7549
3726,7605
3726,7623
7978,4640
7979,4640
7980,4419
7981,4419
7981,5234
7984,4254
7984,4411
7985,4254
7985,4411
7986,4278
7986,5649
7987,4278
7987,5649
3745,6896
3745,7574
8000,4470
8001,4470
8002,5647
8002,5674
8003,5647
8003,5674
8006,4326
8006,5465
8007,4326
8007,5465
8014,4069
8014,4347
8014,5229
8014,6036
8015,4069
8015,4347
8015,5229
8015,6036
8020,6337
8020,6583
8021,6337
8021,6583
8038,5433
8039,5433
8054,4937
8055,4937
8090,4289
8090,4295
8090,4297
8090,4415
8090,4470
8090,5085
8090,5394
8090,5896
8091,4289
8091,4295
8091,4297
8091,4415
8091,4470
8091,5085
8091,5394
8091,5896
8092,4458
8093,4458
8094,4845
8095,4845
8096,4538
8097,4538
8098,5668
8099,5668
8108,5024
8109,5024
8114,5994
8115,5994
8116,5994
2722,6337
2724,5245
8141,4869
8142,4869
5969,5763
5969,6543
5969,7570
8165,4347
8165,4470
8165,4538
8165,7129
6365,4347
6365,4470
6365,4538
6365,5591
6365,7129
8628,4470
8166,4470
8167,4470
8167,4538
8172,4538
8173,4538
8188,4257
8188,4548
8188,5129
8189,4257
8189,4548
8189,5129
7954,4275
7954,4326
7954,5545
7954,7097
7955,4053
7955,4275
7955,4470
7955,4647
7955,4896
7955,5668
7955,6337
8207,4470
8208,4470
8211,7583
8212,7583
8214,5668
8215,5668
8216,5005
8216,6444
7175,4275
7175,4470
7175,5125
7175,5668
7175,5669
7175,6444
7175,7204
8223,5245
8224,5245
8225,5174
8226,5174
7181,4845
7181,5005
7181,5077
7182,4538
8227,5005
8232,4540
8233,4540
8244,4460
8245,4460
8252,4251
8253,4251
3008,4051
3008,4318
3008,4581
3008,4974
3008,5469
3008,5897
3008,6003
3008,6445
3008,6673
3008,6676
3008,6718
3008,7034
3008,7093
3008,7188
3008,7275
8260,5668
8261,5668
8264,4460
8264,5763
8264,6711
8265,4460
8265,4671
8265,5763
8265,6711
8267,4254
8268,4254
8266,5763
8269,5249
8270,5249
8266,4671
8273,5174
8275,5174
8278,6350
8278,7591
7694,4084
7694,4312
7694,4411
7694,4414
7694,4450
7694,4620
7694,5579
7694,5668
7694,5674
7694,6350
7694,7591
7695,4762
7695,4872
8285,4658
8285,4728
8285,4735
8285,4935
8285,4941
8285,5232
8285,5768
8285,6120
8285,6164
8285,6891
8285,6897
8286,4658
8286,4728
8286,4735
8286,4935
8286,4941
8286,5232
8286,5768
8286,6120
8286,6164
8286,6891
8286,6897
8287,4470
8287,4977
8287,5167
8287,5760
8287,6543
8288,4275
8288,4470
8288,4977
8288,5110
8288,5167
8288,5760
8288,5782
8288,6543
8289,4275
8289,5110
8289,5782
8290,4895
8290,5469
8291,4895
8291,5469
8292,4461
8292,4538
8292,5668
8293,4461
8293,4538
8293,5668
8294,4669
8295,4669
8330,4093
8330,4470
8330,4538
8330,4762
8330,7351
8331,4093
8331,4455
8331,4470
8331,4538
8331,4762
8331,5278
8331,7351
8332,4538
8332,4455
8332,5278
8349,4642
8350,4642
8355,5668
8356,5668
8357,5668
8358,7415
8359,7415
8360,4845
8361,4845
6889,4278
6889,7326
8374,4871
8375,4871
8369,4278
8369,4470
8369,5270
8369,5668
8369,7326
8376,4278
2248,4065
2248,4379
2248,4452
2248,4846
2248,5412
2248,5574
2248,6199
2248,6482
2248,7027
2248,7352
3086,4484
3086,4974
8403,5348
8403,6566
8404,5348
8404,6566
8419,4452
8420,4452
8425,5478
8426,5478
8431,7173
8432,7173
8445,5668
8446,5668
8447,4113
8447,4470
8447,4904
8447,5624
8448,4113
8448,4470
8448,4904
8448,5624
8449,4470
8467,4514
8468,4514
8475,6234
8475,6612
8475,7085
8475,7285
8475,7355
7962,6234
7962,6612
7962,7085
7962,7285
7962,7355
6511,4845
6511,5518
8478,4538
8479,4538
8482,6259
8482,6337
8483,6259
8483,6337
6512,4845
8484,6337
8481,4538
8219,4470
8219,5668
8219,5669
7176,5005
8508,6096
8509,6096
8254,7034
8255,4079
8255,4118
8255,4318
8255,4581
8255,4648
8255,4828
8255,5066
8255,5668
8255,6445
8255,6446
8255,6676
8255,6718
8255,7360
8256,4051
8256,4062
8256,4079
8256,4581
8256,4648
8256,4757
8256,4828
8256,4974
8256,5066
8256,5361
8256,6445
8256,6446
8257,4051
8257,4062
8257,4118
8257,4757
8257,4974
8257,5361
8257,5469
8257,5668
8257,5897
8257,6003
8257,6445
8257,6673
8257,6676
8257,7093
8257,7188
8257,7275
8257,7360
8525,4790
8526,4790
8527,5668
8528,5668
7909,4262
8531,4750
8531,5843
8532,4750
8532,5843
8533,4843
8534,4843
3001,6374
3001,7570
8545,4384
8545,6498
8546,4384
8546,6498
8547,5668
8548,5668
8571,5218
8571,6484
8571,6851
8572,5218
8572,6484
8572,6851
8575,5668
8576,5668
8577,4460
8577,5763
8578,4460
8578,5763
8579,5668
8580,5668
8587,4281
8587,4539
8587,6566
8588,4281
8588,4539
8588,6566
7809,5768
8605,4275
8606,4275
8613,4470
8613,5674
8614,4470
8614,5674
8615,4470
8619,4478
8620,4478
6466,4093
6466,4267
6466,4327
6466,4692
6466,4954
8623,6350
8624,6350
8220,4275
8220,4470
8220,5125
8221,5668
8222,4470
8222,5005
8222,7204
8629,4538
8629,5236
8630,4538
8630,5236
8643,4538
8643,4668
8643,4816
8643,5070
8643,5107
8643,5213
8643,6332
8643,6777
8643,6855
8643,7045
8643,7185
8644,4538
8644,4668
8644,4816
8644,5070
8644,5107
8644,5213
8644,6332
8644,6777
8644,6855
8644,7045
8644,7185
8649,5668
8650,4538
8650,5668
8652,5357
8653,5357
8651,5668
8651,4538
8661,4460
8661,5126
8661,5797
8693,4538
8694,4538
8695,4538
7179,5229
7179,6539
7180,4538
8227,5077
8723,6485
8724,6485
8745,7252
8746,7252
8761,5668
8762,5668
8787,4379
8787,4470
8787,6104
8787,7039
8788,4379
8788,4470
8788,6104
8788,7039
8803,4522
8804,4522
8805,4843
8806,4843
8807,4845
8808,4845
8821,4470
8822,4470
8823,4470
8824,4470
8824,5337
8824,6286
8825,4470
8826,4470
8851,4770
8852,4770
8853,4538
8854,4538
7624,4538
7625,4538
9088,4538
7626,4538
9093,4538
8857,4275
8858,4275
8863,5797
8864,5797
8871,5668
8871,6568
8871,7579
8872,5668
8872,6568
8872,7579
8875,4093
8875,4215
8875,4222
8875,4744
8875,4762
8875,4771
8875,5132
8875,6666
8875,6749
8875,6826
8875,7152
8875,7360
8875,7391
8876,4093
8876,4215
8876,4222
8876,4744
8876,4762
8876,4771
8876,5132
8876,6666
8876,6749
8876,6826
8876,7152
8876,7360
8876,7391
7089,4482
7089,4974
7089,5322
7089,5668
8883,4482
8883,5668
6762,4974
6762,5668
8892,4538
8894,4538
8901,5174
8902,5174
8903,4547
8904,4547
8907,5668
8908,5668
8909,5668
5606,4142
5606,4234
5606,4384
5606,4641
5606,4799
5606,5666
5606,6085
5606,6296
5606,7273
8932,6368
8933,6368
8936,4639
8936,7497
8937,4639
8937,7497
8954,4533
8954,4538
8955,4533
8955,4538
8959,4327
8959,4368
8959,5006
8959,5763
8960,4327
8960,4368
8960,5006
8960,5763
8956,4538
5591,4274
5591,4377
5591,5465
5591,5648
5591,7391
5591,7462
4202,4347
4202,4368
4202,4907
4202,4974
4202,5142
4202,5668
4202,6385
8971,4470
8972,4470
7890,4380
7890,4470
7890,6359
8981,4380
8981,4470
8981,6359
6763,4470
8998,4937
8998,6403
8998,7025
8999,4937
8999,6403
8999,7025
3089,4670
3089,4829
3089,4880
3089,5584
3089,5925
3089,6091
3089,6704
3089,6832
3089,6852
3089,7101
3089,7231
3089,7515
3089,7574
3089,7633
3082,6201
9004,4583
9005,4583
9010,4538
9010,6673
9011,4538
9011,6673
6567,4697
6567,5671
6567,7158
6567,7233
9022,4611
9023,4611
8826,5337
8826,6286
7430,5230
7431,5668
5633,4178
5633,4275
5633,4298
5633,4343
5633,4460
5633,5393
5633,5587
5633,5724
5633,6445
5633,7077
5633,7351
9047,6445
9048,4538
9049,4538
9047,4275
9047,4343
9047,4460
9047,5393
9052,4125
9052,4251
9052,4961
9052,5213
9053,4125
9053,4251
9053,4961
9053,5213
9062,6728
9063,6728
9070,4470
9071,4470
9084,4275
9085,4275
7625,4525
7625,7113
9089,4493
9089,4525
9089,4937
9089,5092
9089,6337
9089,6909
9089,7113
9089,7606
9090,4525
9090,4493
9090,4937
9090,5092
9090,6337
9090,6909
9090,7606
7626,4845
9104,4341
9104,4368
9104,4389
9104,5674
9104,7204
9105,4341
9105,4368
9105,4389
9105,5674
9105,7204
5018,4028
5018,4275
5018,5448
5018,5855
5018,7116
5019,4028
5020,4275
9125,4869
9125,4985
9126,4869
9126,4985
9127,4470
9127,4790
9128,4790
9129,4470
9129,4790
9129,5245
9130,4470
9131,4790
9131,4525
9131,5245
9131,5669
9134,5245
6602,4461
6602,4539
9159,4368
9160,4368
9169,6337
9170,6337
9171,5668
9172,5668
7161,4988
6246,5550
9177,6199
9178,6199
9191,4610
9191,4620
9191,5173
9191,5708
9191,7104
9191,7204
9192,4610
9192,4620
9192,5173
9192,5708
9192,7104
9192,7204
9197,5763
9198,4452
9198,5763
9199,5763
9206,4041
9206,4082
9206,4086
9206,4507
9206,5417
9206,5516
9206,6535
9207,4041
9207,4082
9207,4086
9207,4507
9207,5417
9207,5516
9207,6535
9208,4937
9209,4937
9214,5174
9215,5174
9222,4988
9223,4988
9236,5232
9237,5232
9238,4538
9239,4538
9240,6730
9241,6730
8376,4470
8376,5270
8376,5668
9248,5668
9249,5668
9250,5763
9251,5763
9256,4034
9256,4197
9256,4804
9257,4034
9257,4197
9257,4804
9260,7232
9261,7232
9262,4538
9263,4538
9290,5668
9291,5668
7090,4234
7090,4275
7090,4368
7090,4507
7090,5668
7090,6038
7090,6498
7091,4234
7091,4368
7091,6498
7091,7469
9314,5668
9315,5668
9318,6759
9319,6759
9322,4538
9322,5667
9322,5668
9323,4538
9323,5667
9323,5668
9324,4225
9324,4912
9325,4225
9325,4912
9294,5668
9294,6498
7982,4312
7982,4450
7982,5234
9330,5669
9330,6780
9331,5669
9331,6780
9340,5621
9340,5674
9340,6308
9340,6952
9341,5621
9341,5674
9341,6308
9341,6952
9346,4389
9347,4389
9356,4460
9357,4460
9358,4275
9359,4275
9362,4512
9363,4512
9366,6711
9367,6711
9378,4538
9379,4538
9384,5668
9385,5668
9390,7599
9390,7607
9391,7599
9391,7607
7904,4470
9408,4470
9409,4470
9416,5763
9417,4275
9417,4461
9417,4845
9417,5763
9417,5805
9418,5763
9419,5763
9420,5763
9418,4275
9418,4461
9418,4845
9418,5805
9419,4275
9421,5468
9422,5468
9424,4455
9424,4621
9424,5095
9424,5630
9424,6199
9425,4455
9425,4621
9425,5095
9425,5630
9425,6199
9423,5468
9426,4470
9427,4470
9432,4051
9432,4246
9432,4368
9432,4775
9432,4902
9432,6415
9432,7249
9433,4051
9433,4246
9433,4368
9433,4775
9433,4902
9433,6415
9433,7249
9436,5213
9436,5797
9436,6730
9437,5213
9437,5797
9437,6730
7885,4845
9438,7184
9439,7184
1659,4178
1659,4347
1659,4371
1659,4550
1659,4697
1659,4887
1659,4925
1659,5717
1659,6437
1659,6806
1659,6945
1659,7209
9442,4538
9443,4538
7983,4790
7983,5626
9475,4275
9475,4402
9475,4974
9476,4275
9476,4402
9476,4974
9456,4790
9456,5626
9485,4460
9485,4845
9486,4460
9486,4845
9491,5072
9492,5072
9493,7208
9494,7208
9501,4053
9501,4228
9502,4053
9502,4228
9503,4771
9504,4771
8668,5797
8669,4460
8670,5126
8670,5797
9505,5797
9506,5797
9515,4275
9515,6957
9516,4275
9516,6957
9517,4750
9517,4978
9518,4750
9518,4978
5090,4731
5090,5668
9521,4275
9521,4470
9521,4639
9521,4937
9521,5174
9521,5523
9521,5668
9521,5763
9521,6337
9521,6885
9522,4275
9522,4470
9522,4639
9522,4937
9522,5174
9522,5523
9522,5668
9522,5763
9522,6337
9522,6885
9541,4389
9542,4389
9546,5668
9547,5668
9552,6337
9553,6337
9556,4657
9557,4657
9568,4867
9569,4867
9570,4095
9570,4326
9570,4845
9570,5216
9570,5227
9570,6913
9571,4095
9571,4326
9571,4845
9571,5216
9571,5227
9571,6913
4768,4460
9572,4884
9573,4884
9574,5373
9575,5373
9576,4404
9577,4404
9578,4379
9578,5254
9578,5622
9578,5765
9578,6810
9578,6983
9579,4379
9579,5254
9579,5622
9579,5765
9579,6810
9579,6983
9582,4328
9582,5782
9583,4328
9583,5782
9584,4090
9584,4655
9584,5688
9584,5763
9584,6912
9585,4090
9585,4655
9585,5688
9585,5763
9585,6912
9586,5688
9586,5763
9587,5688
9587,5763
9590,6004
9591,6004
9608,4766
9608,5280
9609,4766
9609,5280
9134,4525
9134,5669
9614,5280
9614,5630
9614,5763
9614,6853
9614,6937
9615,5280
9615,5763
9616,5280
9616,5630
9616,5763
9616,6853
9616,6937
9199,4452
9623,6303
9624,6303
9633,4308
9633,4623
9633,4785
9634,4308
9634,4623
9634,4785
9635,5174
9636,5174
