0,1
1,2
2,24
3,30
4,356
5,462
6,474
7,1005
8,1028
9,1255
10,1279
11,2426
12,2842
13,3079
14,262
15,477
16,1280
17,1505
18,23
19,767
20,93
21,1259
22,1719
23,49
24,142
25,281
26,684
27,780
28,1
29,559
30,139
31,361
32,1602
33,76
34,970
35,1
36,1416
37,1
38,1497
39,166
40,354
41,603
42,1069
43,1132
44,1887
45,3009
46,1554
47,808
48,1061
49,2139
50,2278
51,2778
52,987
53,58
54,350
55,633
56,25
57,45
58,136
59,165
60,404
61,428
62,566
63,752
64,851
65,971
66,1082
67,295
68,133
69,503
70,843
71,1810
72,2564
73,1204
74,1349
75,1895
76,2924
77,171
78,77
79,539
80,81
81,860
82,32
83,318
84,1853
85,2005
86,2113
87,3895
88,4
89,59
90,20
91,224
92,272
93,605
94,693
95,793
96,3888
97,670
98,832
99,437
100,1623
101,83
102,149
103,406
104,912
105,84
106,1466
107,705
108,915
109,1150
110,1243
111,1308
112,1397
113,1871
114,2179
115,2213
116,2723
117,2861
118,2961
119,3670
120,3912
121,462
122,2116
123,3186
124,559
125,522
126,559
127,593
128,559
129,1150
130,559
131,1910
132,559
133,2391
134,559
135,2684
136,465
137,180
138,2571
139,291
140,43
141,193
142,508
143,691
144,1047
145,1085
146,600
147,434
148,2613
149,476
150,40
151,268
152,416
153,811
154,882
155,985
156,1042
157,2300
158,3018
159,1255
160,343
161,286
162,578
163,968
164,1956
165,1279
166,2351
167,1279
168,3625
169,1416
170,96
171,1416
172,1642
173,1416
174,1775
175,1497
176,3596
177,2322
178,626
179,3613
180,91
181,708
182,229
183,744
184,13
185,218
186,247
187,648
188,863
189,916
190,1046
191,3007
192,3100
193,3192
194,3424
195,3915
196,373
197,2219
198,715
199,743
200,877
201,2547
202,3569
203,3855
204,262
205,1853
206,1280
207,63
208,746
209,1469
210,1503
211,1671
212,1706
213,1732
214,1941
215,2190
216,31
217,845
218,478
219,531
220,796
221,1193
222,1210
223,2382
224,2615
225,2634
226,1280
227,756
228,1280
229,982
230,1280
231,984
232,1342
233,1465
234,13
235,902
236,1645
237,1966
238,882
239,2519
240,1280
241,1771
242,1280
243,1797
244,1280
245,2059
246,1280
247,2206
248,1280
249,2261
250,1280
251,3279
252,1505
253,51
254,1505
255,189
256,76
257,220
258,1052
259,1382
260,2807
261,1544
262,1259
263,3597
264,945
265,721
266,1383
267,3721
268,2907
269,1505
270,3050
271,1505
272,3464
273,3
274,215
275,401
276,974
277,432
278,215
279,183
280,663
281,401
282,59
283,401
284,135
285,3630
286,145
287,236
288,465
289,646
290,837
291,1295
292,1424
293,3284
294,4
295,69
296,637
297,645
298,953
299,2214
300,2666
301,3246
302,4
303,162
304,11
305,35
306,183
307,433
308,504
309,875
310,899
311,967
312,1879
313,2529
314,3011
315,3537
316,4
317,234
318,8
319,103
320,380
321,568
322,1007
323,1406
324,2685
325,2944
326,3136
327,314
328,594
329,988
330,1217
331,1307
332,1847
333,1933
334,2202
335,2578
336,3445
337,3765
338,4
339,352
340,618
341,2296
342,111
343,137
344,440
345,598
346,678
347,699
348,907
349,4
350,499
351,1515
352,1680
353,2442
354,4
355,628
356,1069
357,1151
358,2210
359,156
360,208
361,217
362,362
363,383
364,411
365,660
366,694
367,803
368,1727
369,2206
370,2998
371,4
372,832
373,12
374,152
375,647
376,1050
377,2067
378,2988
379,3073
380,3337
381,3342
382,4
383,1231
384,4
385,1417
386,4
387,1688
388,59
389,676
390,59
391,127
392,352
393,83
394,68
395,115
396,191
397,280
398,1002
399,59
400,2321
401,868
402,1717
403,2539
404,2864
405,69
406,7
407,1578
408,12
409,792
410,1546
411,69
412,385
413,69
414,406
415,69
416,433
417,146
418,277
419,329
420,525
421,619
422,719
423,844
424,889
425,1003
426,1015
427,1170
428,1273
429,1663
430,1675
431,1714
432,1859
433,2321
434,2554
435,2938
436,2958
437,3151
438,3185
439,3277
440,3538
441,3628
442,3842
443,3887
444,69
445,570
446,69
447,587
448,2571
449,69
450,610
451,253
452,281
453,548
454,1451
455,1700
456,2124
457,2733
458,3514
459,69
460,1751
461,69
462,3886
463,495
464,496
465,736
466,1031
467,1099
468,1313
469,1372
470,1518
471,2736
472,2989
473,3219
474,3331
475,234
476,187
477,528
478,1795
479,293
480,505
481,905
482,1097
483,1304
484,3594
485,1409
486,1678
487,3188
488,3360
489,241
490,576
491,84
492,1920
493,1937
494,2248
495,2644
496,3384
497,3682
498,1085
499,3084
500,105
501,214
502,322
503,517
504,635
505,732
506,1020
507,1139
508,1274
509,1384
510,1752
511,1973
512,2200
513,2401
514,2598
515,2679
516,2956
517,3065
518,3265
519,1957
520,402
521,1577
522,1805
523,2119
524,2134
525,3107
526,2156
527,500
528,1167
529,759
530,487
531,1451
532,3862
533,162
534,270
535,469
536,629
537,1283
538,521
539,550
540,657
541,14
542,283
543,2442
544,587
545,291
546,684
547,865
548,227
549,248
550,513
551,1408
552,102
553,204
554,625
555,1044
556,1053
557,1634
558,1955
559,3430
560,464
561,495
562,937
563,960
564,1338
565,1740
566,1846
567,3003
568,3508
569,3810
570,1538
571,2000
572,2162
573,2973
574,3384
575,3414
576,171
577,656
578,171
579,715
580,171
581,823
582,2102
583,3208
584,171
585,969
586,1349
587,1441
588,171
589,1672
590,378
591,444
592,1563
593,1720
594,1837
595,3874
596,1749
597,1542
598,98
599,616
600,234
601,94
602,116
603,844
604,1302
605,422
606,1225
607,1364
608,73
609,413
610,489
611,735
612,1239
613,1281
614,1305
615,1351
616,1377
617,2080
618,2146
619,2397
620,2836
621,3506
622,3510
623,3867
624,90
625,737
626,782
627,1342
628,1698
629,2847
630,1696
631,2663
632,236
633,224
634,236
635,270
636,299
637,1099
638,488
639,2514
640,680
641,355
642,543
643,2606
644,31
645,134
646,140
647,161
648,258
649,261
650,386
651,557
652,585
653,609
654,784
655,982
656,1357
657,1797
658,2281
659,2371
660,2425
661,2432
662,2880
663,3120
664,3258
665,236
666,586
667,352
668,2657
669,278
670,1378
671,39
672,74
673,312
674,363
675,392
676,410
677,427
678,435
679,479
680,614
681,788
682,791
683,794
684,820
685,859
686,890
687,929
688,932
689,961
690,975
691,993
692,998
693,1104
694,1108
695,1113
696,1168
697,1206
698,1287
699,1367
700,1462
701,1508
702,1511
703,1606
704,1646
705,1734
706,1741
707,1824
708,1826
709,1903
710,1953
711,2062
712,2088
713,2192
714,2216
715,2229
716,2258
717,2335
718,2373
719,2381
720,2400
721,2481
722,2510
723,2535
724,2630
725,2748
726,2763
727,2840
728,2868
729,2893
730,2945
731,2946
732,2954
733,2985
734,2992
735,3052
736,3066
737,3068
738,3101
739,3155
740,3180
741,3253
742,3258
743,3300
744,3336
745,3382
746,3390
747,3497
748,3552
749,3647
750,236
751,656
752,236
753,742
754,236
755,848
756,122
757,99
758,236
759,2326
760,901
761,424
762,826
763,1083
764,2276
765,236
766,3145
767,272
768,152
769,1021
770,1165
771,1227
772,1914
773,3013
774,742
775,1300
776,272
777,1216
778,272
779,1540
780,1672
781,1154
782,1846
783,2312
784,2755
785,272
786,1967
787,272
788,2058
789,2367
790,2457
791,3838
792,272
793,3468
794,517
795,296
796,542
797,231
798,368
799,529
800,611
801,650
802,768
803,861
804,1148
805,1426
806,1446
807,1680
808,352
809,58
810,628
811,17
812,20
813,29
814,92
815,127
816,231
817,244
818,652
819,654
820,884
821,899
822,1097
823,1155
824,1297
825,1375
826,1765
827,1793
828,2089
829,2261
830,3050
831,3511
832,3702
833,352
834,767
835,352
836,1654
837,352
838,2782
839,352
840,3261
841,88
842,1138
843,2734
844,308
845,353
846,497
847,1526
848,2696
849,453
850,465
851,2644
852,275
853,821
854,1702
855,1427
856,265
857,797
858,2103
859,2695
860,3356
861,2591
862,2923
863,862
864,3425
865,235
866,100
867,588
868,534
869,1095
870,1516
871,3707
872,1975
873,3121
874,476
875,3636
876,478
877,91
878,478
879,139
880,478
881,411
882,824
883,1039
884,526
885,54
886,39
887,310
888,374
889,382
890,389
891,518
892,561
893,599
894,638
895,651
896,709
897,952
898,1003
899,1062
900,1110
901,1178
902,1210
903,1468
904,1493
905,1531
906,1544
907,1593
908,1645
909,1766
910,1886
911,1906
912,2038
913,2166
914,2357
915,2493
916,2514
917,2608
918,3354
919,3438
920,3600
921,3692
922,478
923,1917
924,499
925,139
926,499
927,220
928,499
929,1193
930,531
931,45
932,531
933,387
934,531
935,456
936,531
937,460
938,531
939,606
940,19
941,57
942,184
943,313
944,382
945,500
946,596
947,816
948,861
949,914
950,940
951,1070
952,1097
953,1131
954,1268
955,1355
956,1384
957,1415
958,1882
959,2171
960,2193
961,2386
962,2758
963,2963
964,2979
965,3182
966,1623
967,217
968,501
969,928
970,1210
971,2183
972,2922
973,531
974,1449
975,341
976,138
977,531
978,1594
979,635
980,531
981,1824
982,229
983,506
984,650
985,729
986,1143
987,1355
988,1724
989,1983
990,2343
991,2822
992,3516
993,3585
994,3723
995,531
996,2727
997,445
998,848
999,1326
1000,1998
1001,2109
1002,2859
1003,3164
1004,279
1005,671
1006,839
1007,2006
1008,2155
1009,2204
1010,2775
1011,2952
1012,628
1013,270
1014,340
1015,248
1016,443
1017,1463
1018,600
1019,769
1020,1426
1021,742
1022,180
1023,34
1024,1345
1025,1717
1026,2672
1027,2755
1028,3850
1029,186
1030,243
1031,505
1032,532
1033,658
1034,800
1035,986
1036,1244
1037,1407
1038,2121
1039,3021
1040,3773
1041,3821
1042,3869
1043,1432
1044,2274
1045,349
1046,1222
1047,1817
1048,2464
1049,2738
1050,628
1051,1139
1052,2934
1053,1236
1054,646
1055,385
1056,646
1057,1046
1058,243
1059,1189
1060,1641
1061,670
1062,292
1063,143
1064,1176
1065,1014
1066,587
1067,1954
1068,1676
1069,779
1070,2045
1071,332
1072,337
1073,670
1074,802
1075,1014
1076,760
1077,1230
1078,1319
1079,1474
1080,1509
1081,1963
1082,2391
1083,2804
1084,3475
1085,650
1086,1362
1087,1651
1088,670
1089,1457
1090,934
1091,1322
1092,500
1093,1136
1094,88
1095,580
1096,887
1097,1398
1098,1457
1099,2491
1100,2987
1101,64
1102,1014
1103,832
1104,275
1105,832
1106,374
1107,832
1108,376
1109,397
1110,832
1111,422
1112,2049
1113,2479
1114,3508
1115,3521
1116,863
1117,726
1118,1560
1119,2601
1120,2755
1121,3684
1122,832
1123,802
1124,3977
1125,1688
1126,151
1127,3887
1128,832
1129,1645
1130,712
1131,1435
1132,832
1133,2521
1134,832
1135,2792
1136,920
1137,1013
1138,1717
1139,2036
1140,2392
1141,483
1142,1093
1143,1907
1144,2180
1145,2358
1146,2610
1147,1193
1148,1430
1149,1746
1150,2192
1151,2396
1152,3114
1153,3118
1154,3842
1155,3884
1156,3956
1157,837
1158,501
1159,837
1160,911
1161,1306
1162,1429
1163,2295
1164,2390
1165,1204
1166,2003
1167,2959
1168,3918
1169,694
1170,1172
1171,1541
1172,3041
1173,391
1174,67
1175,687
1176,802
1177,1273
1178,1489
1179,1991
1180,2077
1181,2246
1182,2813
1183,3637
1184,1253
1185,1970
1186,2954
1187,3674
1188,1231
1189,248
1190,1231
1191,270
1192,1231
1193,291
1194,1295
1195,517
1196,1295
1197,548
1198,1295
1199,731
1200,1417
1201,682
1202,1424
1203,1536
1204,1688
1205,454
1206,2565
1207,1688
1208,755
1209,934
1210,565
1211,584
1212,1194
1213,5
1214,1120
1215,1120
1216,583
1217,1443
1218,1491
1219,3114
1220,290
1221,343
1222,643
1223,739
1224,1027
1225,1177
1226,1341
1227,1728
1228,2350
1229,2583
1230,97
1231,205
1232,938
1233,1513
1234,573
1235,814
1236,3270
1237,3678
1238,1120
1239,2993
1240,980
1241,2657
1242,3103
1243,6
1244,1774
1245,6
1246,2160
1247,2160
1248,135
1249,765
1250,7
1251,296
1252,327
1253,7
1254,362
1255,517
1256,3496
1257,766
1258,7
1259,846
1260,7
1261,1074
1262,887
1263,3038
1264,7
1265,3132
1266,7
1267,3316
1268,7
1269,3888
1270,12
1271,229
1272,235
1273,650
1274,686
1275,1325
1276,1915
1277,3282
1278,12
1279,542
1280,12
1281,592
1282,12
1283,824
1284,12
1285,840
1286,12
1287,848
1288,120
1289,275
1290,1017
1291,1266
1292,1617
1293,1798
1294,1951
1295,2016
1296,2041
1297,2828
1298,3050
1299,3222
1300,3453
1301,3531
1302,3538
1303,3667
1304,3917
1305,12
1306,1039
1307,2347
1308,2403
1309,3652
1310,3703
1311,3708
1312,80
1313,571
1314,12
1315,2556
1316,982
1317,86
1318,677
1319,712
1320,1127
1321,1984
1322,3339
1323,3253
1324,1586
1325,840
1326,587
1327,113
1328,1921
1329,187
1330,348
1331,1150
1332,1210
1333,1243
1334,3594
1335,1099
1336,1362
1337,3083
1338,1731
1339,1990
1340,91
1341,385
1342,91
1343,406
1344,91
1345,419
1346,91
1347,554
1348,91
1349,633
1350,1059
1351,1565
1352,1252
1353,1916
1354,2209
1355,91
1356,705
1357,91
1358,735
1359,1099
1360,291
1361,91
1362,905
1363,91
1364,1017
1365,91
1366,1039
1367,818
1368,941
1369,1753
1370,2378
1371,2886
1372,3548
1373,3632
1374,3764
1375,91
1376,1290
1377,1000
1378,1195
1379,3579
1380,742
1381,3367
1382,1189
1383,91
1384,1931
1385,91
1386,2009
1387,91
1388,2055
1389,91
1390,2166
1391,3053
1392,3706
1393,91
1394,2365
1395,2804
1396,1713
1397,91
1398,2961
1399,783
1400,91
1401,3300
1402,665
1403,2552
1404,1457
1405,1798
1406,3388
1407,3679
1408,3858
1409,3875
1410,296
1411,156
1412,296
1413,742
1414,296
1415,1109
1416,327
1417,1607
1418,2629
1419,327
1420,2099
1421,327
1422,2825
1423,362
1424,116
1425,1049
1426,2220
1427,362
1428,433
1429,306
1430,1553
1431,2138
1432,2572
1433,362
1434,1193
1435,362
1436,2364
1437,362
1438,3226
1439,437
1440,94
1441,437
1442,151
1443,437
1444,663
1445,437
1446,729
1447,437
1448,889
1449,437
1450,902
1451,437
1452,976
1453,437
1454,1300
1455,437
1456,1566
1457,437
1458,1680
1459,326
1460,720
1461,3574
1462,1250
1463,1486
1464,2320
1465,3739
1466,568
1467,1189
1468,3192
1469,538
1470,568
1471,1672
1472,1566
1473,568
1474,2044
1475,568
1476,3023
1477,267
1478,3359
1479,2561
1480,2874
1481,568
1482,3438
1483,568
1484,3663
1485,1794
1486,708
1487,224
1488,1202
1489,232
1490,2127
1491,708
1492,836
1493,425
1494,747
1495,972
1496,1342
1497,1613
1498,1822
1499,3910
1500,846
1501,1014
1502,802
1503,1074
1504,228
1505,1057
1506,1352
1507,2857
1508,2889
1509,1267
1510,3594
1511,1411
1512,1830
1513,2132
1514,2749
1515,3805
1516,2231
1517,2326
1518,3693
1519,1207
1520,2031
1521,3937
1522,2442
1523,14
1524,150
1525,1015
1526,1067
1527,1293
1528,206
1529,1029
1530,1346
1531,1654
1532,1715
1533,2245
1534,2899
1535,3611
1536,2442
1537,155
1538,1273
1539,2884
1540,2442
1541,268
1542,827
1543,2755
1544,3787
1545,2442
1546,438
1547,190
1548,2442
1549,529
1550,27
1551,2979
1552,3260
1553,2442
1554,667
1555,2442
1556,769
1557,2968
1558,704
1559,160
1560,579
1561,634
1562,734
1563,764
1564,798
1565,1265
1566,1742
1567,3866
1568,3500
1569,2442
1570,1139
1571,1232
1572,3679
1573,1418
1574,1750
1575,3153
1576,3715
1577,2442
1578,1193
1579,2442
1580,1237
1581,2472
1582,2741
1583,3679
1584,2442
1585,1702
1586,111
1587,3686
1588,2442
1589,2438
1590,442
1591,1958
1592,2306
1593,3140
1594,3266
1595,3814
1596,2442
1597,3221
1598,2442
1599,3359
1600,2183
1601,2161
1602,2421
1603,4001
1604,3132
1605,650
1606,3132
1607,863
1608,3132
1609,2800
1610,3888
1611,844
1612,2569
1613,3888
1614,2355
1615,3888
1616,2635
1617,8
1618,704
1619,8
1620,1087
1621,1087
1622,4005
1623,1696
1624,155
1625,561
1626,328
1627,649
1628,1696
1629,2201
1630,267
1631,323
1632,879
1633,939
1634,1067
1635,1262
1636,1312
1637,1478
1638,1649
1639,1726
1640,2447
1641,2564
1642,2762
1643,3187
1644,3317
1645,3424
1646,3607
1647,3720
1648,1696
1649,1925
1650,1696
1651,2326
1652,1696
1653,2558
1654,1696
1655,2793
1656,2663
1657,586
1658,3492
1659,3394
1660,2352
1661,2415
1662,2619
1663,9
1664,226
1665,9
1666,856
1667,226
1668,132
1669,226
1670,521
1671,226
1672,682
1673,226
1674,1053
1675,856
1676,3820
1677,3014
1678,3592
1679,10
1680,869
1681,869
1682,1227
1683,3145
1684,3477
1685,3750
1686,2611
1687,324
1688,11
1689,746
1690,27
1691,2028
1692,2613
1693,2627
1694,2661
1695,977
1696,1273
1697,1285
1698,1361
1699,2739
1700,3382
1701,77
1702,135
1703,1816
1704,360
1705,624
1706,77
1707,719
1708,1711
1709,3594
1710,22
1711,157
1712,502
1713,2996
1714,3992
1715,2827
1716,77
1717,1644
1718,2084
1719,3470
1720,602
1721,2659
1722,2739
1723,3662
1724,3289
1725,207
1726,204
1727,2554
1728,3134
1729,224
1730,16
1731,224
1732,36
1733,224
1734,82
1735,224
1736,124
1737,224
1738,134
1739,224
1740,147
1741,224
1742,167
1743,224
1744,233
1745,224
1746,290
1747,224
1748,507
1749,224
1750,639
1751,240
1752,2646
1753,224
1754,952
1755,625
1756,182
1757,1054
1758,746
1759,200
1760,746
1761,811
1762,746
1763,1071
1764,746
1765,3137
1766,1475
1767,1808
1768,2641
1769,2678
1770,3138
1771,3311
1772,3997
1773,1603
1774,2678
1775,1071
1776,2650
1777,2704
1778,3392
1779,553
1780,926
1781,245
1782,983
1783,851
1784,255
1785,481
1786,762
1787,398
1788,730
1789,1331
1790,1455
1791,1788
1792,2091
1793,2330
1794,2403
1795,3728
1796,3898
1797,3955
1798,851
1799,668
1800,851
1801,848
1802,1180
1803,3286
1804,1001
1805,3882
1806,1015
1807,851
1808,2658
1809,899
1810,395
1811,899
1812,901
1813,899
1814,951
1815,64
1816,62
1817,64
1818,1048
1819,64
1820,3192
1821,88
1822,62
1823,88
1824,643
1825,116
1826,81
1827,116
1828,231
1829,116
1830,340
1831,116
1832,3856
1833,384
1834,1051
1835,2143
1836,322
1837,218
1838,322
1839,422
1840,322
1841,452
1842,322
1843,461
1844,3668
1845,322
1846,760
1847,322
1848,1173
1849,322
1850,1288
1851,322
1852,1639
1853,2019
1854,2349
1855,2462
1856,3939
1857,1501
1858,2052
1859,322
1860,1662
1861,966
1862,181
1863,2562
1864,322
1865,1965
1866,322
1867,2747
1868,322
1869,2808
1870,322
1871,2891
1872,322
1873,3014
1874,322
1875,3382
1876,322
1877,3560
1878,380
1879,655
1880,380
1881,720
1882,1687
1883,1812
1884,288
1885,380
1886,2763
1887,453
1888,1365
1889,3957
1890,380
1891,2981
1892,380
1893,3706
1894,433
1895,240
1896,1319
1897,433
1898,755
1899,433
1900,903
1901,20
1902,1371
1903,433
1904,1411
1905,433
1906,1755
1907,433
1908,2451
1909,433
1910,2796
1911,433
1912,3914
1913,525
1914,131
1915,1119
1916,2215
1917,4016
1918,525
1919,182
1920,525
1921,207
1922,525
1923,240
1924,36
1925,38
1926,525
1927,383
1928,525
1929,544
1930,525
1931,694
1932,2755
1933,525
1934,1083
1935,999
1936,525
1937,1265
1938,525
1939,1807
1940,1989
1941,3655
1942,525
1943,2220
1944,525
1945,2700
1946,525
1947,2789
1948,525
1949,3461
1950,525
1951,3915
1952,2007
1953,545
1954,3116
1955,539
1956,2034
1957,542
1958,55
1959,196
1960,1662
1961,1545
1962,592
1963,1046
1964,2608
1965,742
1966,187
1967,742
1968,193
1969,742
1970,320
1971,742
1972,342
1973,742
1974,889
1975,742
1976,902
1977,1293
1978,1860
1979,742
1980,980
1981,742
1982,1070
1983,742
1984,2223
1985,742
1986,2245
1987,742
1988,2534
1989,742
1990,3201
1991,1451
1992,742
1993,3964
1994,742
1995,3979
1996,17
1997,451
1998,2441
1999,47
2000,613
2001,744
2002,131
2003,744
2004,232
2005,122
2006,744
2007,338
2008,744
2009,348
2010,744
2011,368
2012,744
2013,435
2014,744
2015,511
2016,2429
2017,744
2018,526
2019,744
2020,530
2021,744
2022,583
2023,863
2024,65
2025,3527
2026,744
2027,667
2028,744
2029,676
2030,744
2031,795
2032,1369
2033,1997
2034,863
2035,744
2036,1100
2037,744
2038,1147
2039,744
2040,1203
2041,744
2042,1232
2043,744
2044,1237
2045,138
2046,744
2047,1300
2048,744
2049,1520
2050,2018
2051,744
2052,1669
2053,744
2054,1702
2055,744
2056,1829
2057,1777
2058,744
2059,1943
2060,744
2061,1987
2062,744
2063,2049
2064,744
2065,2089
2066,744
2067,2179
2068,744
2069,2267
2070,744
2071,2400
2072,711
2073,1212
2074,2718
2075,744
2076,2604
2077,744
2078,2702
2079,744
2080,2953
2081,744
2082,3438
2083,744
2084,3711
2085,816
2086,13
2087,816
2088,616
2089,816
2090,887
2091,824
2092,836
2093,824
2094,957
2095,1643
2096,727
2097,1348
2098,2185
2099,2240
2100,2346
2101,3408
2102,824
2103,1099
2104,3424
2105,2626
2106,2702
2107,840
2108,1595
2109,848
2110,368
2111,1119
2112,848
2113,651
2114,848
2115,657
2116,848
2117,676
2118,848
2119,712
2120,1367
2121,1277
2122,3542
2123,848
2124,1009
2125,848
2126,1202
2127,848
2128,1593
2129,848
2130,1663
2131,848
2132,1859
2133,1811
2134,848
2135,2822
2136,982
2137,94
2138,931
2139,82
2140,85
2141,87
2142,185
2143,504
2144,1621
2145,1710
2146,1883
2147,1944
2148,2013
2149,2169
2150,2277
2151,2552
2152,2771
2153,2875
2154,2983
2155,419
2156,544
2157,1121
2158,1841
2159,982
2160,232
2161,982
2162,647
2163,1431
2164,536
2165,1404
2166,2105
2167,982
2168,825
2169,982
2170,842
2171,1896
2172,3008
2173,3169
2174,1665
2175,113
2176,632
2177,1112
2178,2617
2179,2850
2180,1519
2181,3675
2182,1014
2183,275
2184,1014
2185,321
2186,1014
2187,585
2188,1014
2189,600
2190,1014
2191,796
2192,1014
2193,861
2194,1014
2195,905
2196,537
2197,1014
2198,1129
2199,1926
2200,334
2201,724
2202,2162
2203,3864
2204,1014
2205,1369
2206,1014
2207,1410
2208,164
2209,1336
2210,1014
2211,1464
2212,87
2213,1621
2214,2925
2215,1014
2216,1544
2217,1014
2218,1595
2219,1014
2220,1636
2221,1317
2222,1319
2223,3791
2224,1014
2225,1722
2226,1932
2227,3288
2228,1014
2229,1983
2230,1014
2231,2166
2232,1014
2233,2389
2234,1014
2235,2390
2236,255
2237,463
2238,409
2239,1126
2240,1014
2241,2458
2242,1014
2243,2696
2244,79
2245,1141
2246,328
2247,852
2248,1893
2249,1014
2250,3437
2251,1014
2252,3461
2253,1014
2254,3585
2255,1014
2256,3598
2257,1039
2258,13
2259,1039
2260,876
2261,1039
2262,1595
2263,1139
2264,967
2265,3195
2266,3780
2267,2101
2268,1680
2269,3792
2270,1139
2271,1926
2272,1139
2273,2209
2274,467
2275,1776
2276,1139
2277,3523
2278,1398
2279,521
2280,1398
2281,986
2282,1398
2283,2532
2284,1623
2285,464
2286,1623
2287,776
2288,1623
2289,821
2290,1623
2291,1451
2292,1623
2293,1591
2294,1623
2295,1596
2296,1623
2297,1809
2298,1623
2299,1899
2300,1623
2301,2055
2302,1623
2303,2139
2304,1623
2305,2261
2306,1623
2307,3153
2308,252
2309,267
2310,1188
2311,2916
2312,2929
2313,2984
2314,3045
2315,3214
2316,307
2317,1618
2318,1756
2319,2554
2320,340
2321,2554
2322,642
2323,644
2324,2554
2325,729
2326,2554
2327,769
2328,2554
2329,778
2330,2554
2331,795
2332,2554
2333,826
2334,2554
2335,987
2336,2554
2337,1121
2338,2554
2339,1202
2340,2554
2341,1239
2342,2554
2343,2183
2344,2554
2345,2276
2346,2554
2347,2403
2348,67
2349,213
2350,225
2351,585
2352,2594
2353,3164
2354,189
2355,3164
2356,456
2357,3164
2358,526
2359,3164
2360,667
2361,2229
2362,2513
2363,3164
2364,1841
2365,3164
2366,1886
2367,3164
2368,2520
2369,3164
2370,3359
2371,3164
2372,3553
2373,3164
2374,3647
2375,3164
2376,3818
2377,3164
2378,3842
2379,3337
2380,68
2381,3342
2382,626
2383,3342
2384,705
2385,3342
2386,1260
2387,3342
2388,3240
2389,3342
2390,3734
2391,13
2392,131
2393,174
2394,13
2395,341
2396,13
2397,495
2398,13
2399,526
2400,13
2401,595
2402,13
2403,757
2404,689
2405,864
2406,2182
2407,13
2408,795
2409,13
2410,844
2411,13
2412,947
2413,13
2414,1302
2415,13
2416,1378
2417,13
2418,1747
2419,13
2420,2067
2421,13
2422,3241
2423,13
2424,3903
2425,83
2426,26
2427,83
2428,448
2429,83
2430,561
2431,83
2432,973
2433,83
2434,1202
2435,83
2436,2697
2437,83
2438,3189
2439,102
2440,29
2441,102
2442,70
2443,336
2444,346
2445,1868
2446,2566
2447,2707
2448,3235
2449,285
2450,682
2451,1598
2452,3958
2453,102
2454,240
2455,102
2456,463
2457,102
2458,577
2459,102
2460,915
2461,102
2462,1321
2463,102
2464,1493
2465,102
2466,1590
2467,102
2468,1643
2469,102
2470,1967
2471,102
2472,2393
2473,3489
2474,102
2475,2682
2476,102
2477,3039
2478,102
2479,3433
2480,102
2481,3989
2482,131
2483,291
2484,680
2485,1293
2486,131
2487,887
2488,131
2489,1660
2490,131
2491,2635
2492,1689
2493,1075
2494,1785
2495,149
2496,2214
2497,180
2498,342
2499,180
2500,1253
2501,183
2502,18
2503,183
2504,324
2505,183
2506,1809
2507,183
2508,3674
2509,191
2510,86
2511,191
2512,216
2513,191
2514,426
2515,191
2516,427
2517,191
2518,775
2519,1327
2520,208
2521,958
2522,231
2523,358
2524,2452
2525,1340
2526,231
2527,1237
2528,3987
2529,940
2530,3929
2531,278
2532,1765
2533,1906
2534,3876
2535,341
2536,544
2537,354
2538,758
2539,354
2540,883
2541,354
2542,1077
2543,354
2544,1809
2545,354
2546,3661
2547,406
2548,806
2549,406
2550,1815
2551,406
2552,1857
2553,2894
2554,3120
2555,369
2556,1247
2557,1506
2558,1533
2559,1604
2560,1778
2561,1897
2562,2559
2563,2766
2564,2768
2565,3042
2566,3111
2567,3175
2568,3230
2569,3415
2570,3922
2571,3942
2572,517
2573,1297
2574,526
2575,198
2576,526
2577,324
2578,526
2579,1512
2580,526
2581,3252
2582,595
2583,750
2584,595
2585,3514
2586,600
2587,561
2588,600
2589,580
2590,600
2591,1566
2592,611
2593,1984
2594,611
2595,2148
2596,611
2597,2755
2598,611
2599,3758
2600,650
2601,2706
2602,650
2603,3867
2604,694
2605,61
2606,694
2607,275
2608,694
2609,671
2610,694
2611,701
2612,694
2613,1015
2614,694
2615,1123
2616,694
2617,1969
2618,694
2619,3180
2620,757
2621,1046
2622,2059
2623,768
2624,1185
2625,768
2626,1342
2627,3893
2628,768
2629,2192
2630,795
2631,1265
2632,795
2633,1342
2634,795
2635,3594
2636,803
2637,518
2638,2397
2639,3117
2640,3458
2641,803
2642,2410
2643,4004
2644,861
2645,901
2646,861
2647,1395
2648,947
2649,1575
2650,936
2651,971
2652,1765
2653,1148
2654,329
2655,1148
2656,481
2657,1302
2658,338
2659,1302
2660,540
2661,1302
2662,635
2663,1302
2664,3014
2665,1319
2666,1410
2667,3329
2668,1493
2669,3217
2670,1378
2671,3120
2672,1378
2673,3192
2674,1426
2675,776
2676,1426
2677,3192
2678,15
2679,50
2680,155
2681,223
2682,239
2683,250
2684,450
2685,1100
2686,1522
2687,1961
2688,1980
2689,2177
2690,2237
2691,2459
2692,2557
2693,2821
2694,3793
2695,1446
2696,1160
2697,1446
2698,1780
2699,1680
2700,470
2701,1680
2702,940
2703,1680
2704,1343
2705,1680
2706,2044
2707,1680
2708,2119
2709,1680
2710,2571
2711,1680
2712,2716
2713,1680
2714,2828
2715,1680
2716,3612
2717,1747
2718,238
2719,2067
2720,916
2721,2019
2722,1919
2723,2004
2724,2272
2725,3751
2726,2807
2727,1328
2728,2807
2729,2346
2730,2589
2731,2897
2732,2807
2733,3896
2734,3241
2735,68
2736,3241
2737,189
2738,3241
2739,657
2740,3241
2741,1003
2742,3241
2743,3849
2744,3277
2745,1150
2746,3277
2747,2005
2748,3277
2749,2714
2750,3903
2751,2059
2752,3903
2753,3883
2754,14
2755,894
2756,71
2757,1480
2758,2728
2759,3032
2760,3204
2761,14
2762,76
2763,14
2764,132
2765,14
2766,488
2767,14
2768,583
2769,14
2770,1011
2771,14
2772,1492
2773,14
2774,3604
2775,31
2776,291
2777,988
2778,1946
2779,31
2780,970
2781,54
2782,260
2783,54
2784,312
2785,54
2786,609
2787,54
2788,1869
2789,76
2790,96
2791,136
2792,273
2793,581
2794,3012
2795,132
2796,3024
2797,488
2798,291
2799,488
2800,970
2801,488
2802,1771
2803,583
2804,845
2805,583
2806,1143
2807,987
2808,182
2809,1310
2810,470
2811,987
2812,263
2813,1011
2814,587
2815,1011
2816,1046
2817,1011
2818,1169
2819,1011
2820,2658
2821,1492
2822,301
2823,1492
2824,831
2825,2438
2826,2194
2827,3604
2828,863
2829,28
2830,480
2831,300
2832,1380
2833,2419
2834,2694
2835,15
2836,458
2837,159
2838,2653
2839,2933
2840,28
2841,1256
2842,78
2843,2914
2844,3044
2845,3073
2846,255
2847,3040
2848,3324
2849,164
2850,300
2851,164
2852,394
2853,2592
2854,472
2855,863
2856,164
2857,551
2858,733
2859,164
2860,2243
2861,164
2862,2496
2863,164
2864,2919
2865,255
2866,155
2867,1040
2868,480
2869,370
2870,480
2871,547
2872,480
2873,809
2874,480
2875,882
2876,480
2877,2667
2878,480
2879,2919
2880,480
2881,3228
2882,480
2883,3262
2884,1522
2885,850
2886,16
2887,1055
2888,1055
2889,187
2890,325
2891,2745
2892,838
2893,17
2894,486
2895,2208
2896,17
2897,1008
2898,17
2899,1009
2900,17
2901,1399
2902,325
2903,99
2904,325
2905,3484
2906,486
2907,124
2908,665
2909,1815
2910,1059
2911,2099
2912,1338
2913,1736
2914,1527
2915,1635
2916,3570
2917,3949
2918,769
2919,1560
2920,769
2921,3251
2922,1008
2923,269
2924,2936
2925,3133
2926,981
2927,1009
2928,2441
2929,1399
2930,673
2931,1218
2932,2610
2933,1457
2934,2745
2935,2441
2936,2758
2937,1457
2938,2758
2939,2059
2940,20
2941,200
2942,20
2943,422
2944,2491
2945,3966
2946,20
2947,678
2948,20
2949,1250
2950,1977
2951,20
2952,3261
2953,20
2954,3514
2955,81
2956,660
2957,200
2958,268
2959,200
2960,802
2961,200
2962,1269
2963,200
2964,3418
2965,422
2966,594
2967,422
2968,1037
2969,422
2970,1911
2971,496
2972,613
2973,496
2974,913
2975,496
2976,1097
2977,3905
2978,496
2979,1513
2980,1851
2981,2599
2982,863
2983,2983
2984,2763
2985,496
2986,2555
2987,496
2988,2960
2989,3489
2990,1321
2991,2305
2992,3063
2993,937
2994,265
2995,937
2996,654
2997,937
2998,722
2999,1350
3000,1419
3001,2841
3002,1031
3003,93
3004,1031
3005,753
3006,2117
3007,1938
3008,3001
3009,1031
3010,1475
3011,3512
3012,1031
3013,1705
3014,2837
3015,1031
3016,2678
3017,3157
3018,1047
3019,1162
3020,1099
3021,336
3022,1099
3023,729
3024,1099
3025,731
3026,1099
3027,975
3028,1099
3029,997
3030,1099
3031,1017
3032,1099
3033,1067
3034,1099
3035,1319
3036,374
3037,3238
3038,2097
3039,2980
3040,1365
3041,1250
3042,3231
3043,335
3044,2735
3045,1313
3046,45
3047,1313
3048,417
3049,1313
3050,1594
3051,1313
3052,2025
3053,1313
3054,2695
3055,3265
3056,1940
3057,2760
3058,2947
3059,3602
3060,1372
3061,2156
3062,1372
3063,2739
3064,1372
3065,2961
3066,1372
3067,2988
3068,1822
3069,2356
3070,3919
3071,1672
3072,1573
3073,1672
3074,3333
3075,2994
3076,2571
3077,505
3078,2571
3079,1275
3080,2571
3081,3022
3082,2501
3083,2666
3084,626
3085,2666
3086,2078
3087,3088
3088,3195
3089,2533
3090,2736
3091,2861
3092,2989
3093,1403
3094,839
3095,3261
3096,306
3097,3261
3098,1159
3099,3261
3100,1165
3101,3331
3102,3985
3103,2752
3104,3293
3105,44
3106,251
3107,2490
3108,2540
3109,3331
3110,3711
3111,3514
3112,1717
3113,21
3114,1966
3115,1966
3116,2678
3117,22
3118,306
3119,22
3120,3762
3121,157
3122,449
3123,306
3124,364
3125,306
3126,1012
3127,306
3128,1583
3129,1404
3130,2225
3131,2337
3132,306
3133,3967
3134,754
3135,3762
3136,1018
3137,1839
3138,350
3139,889
3140,350
3141,1221
3142,633
3143,1449
3144,633
3145,2343
3146,633
3147,3776
3148,633
3149,3961
3150,520
3151,25
3152,470
3153,25
3154,741
3155,1153
3156,25
3157,1550
3158,470
3159,915
3160,470
3161,1237
3162,470
3163,1458
3164,741
3165,1111
3166,741
3167,2567
3168,1153
3169,2677
3170,1550
3171,1421
3172,1550
3173,2794
3174,1550
3175,2957
3176,26
3177,92
3178,26
3179,1809
3180,92
3181,3947
3182,1809
3183,518
3184,1809
3185,879
3186,1809
3187,1059
3188,1809
3189,1362
3190,587
3191,545
3192,587
3193,548
3194,587
3195,819
3196,587
3197,845
3198,587
3199,1468
3200,587
3201,1588
3202,587
3203,2065
3204,587
3205,2964
3206,587
3207,3198
3208,587
3209,3489
3210,587
3211,3761
3212,1256
3213,47
3214,1256
3215,78
3216,29
3217,818
3218,29
3219,1026
3220,29
3221,3240
3222,86
3223,836
3224,677
3225,389
3226,677
3227,958
3228,712
3229,82
3230,712
3231,241
3232,712
3233,524
3234,712
3235,698
3236,712
3237,913
3238,712
3239,1205
3240,712
3241,1543
3242,712
3243,1646
3244,712
3245,1717
3246,712
3247,2258
3248,712
3249,2968
3250,712
3251,3365
3252,818
3253,429
3254,818
3255,808
3256,2493
3257,818
3258,1178
3259,818
3260,1616
3261,818
3262,1638
3263,818
3264,2998
3265,818
3266,3284
3267,3240
3268,500
3269,270
3270,1274
3271,270
3272,1581
3273,291
3274,553
3275,291
3276,976
3277,291
3278,1397
3279,291
3280,1716
3281,299
3282,865
3283,894
3284,873
3285,970
3286,1670
3287,970
3288,3163
3289,49
3290,603
3291,49
3292,1296
3293,2628
3294,2621
3295,2746
3296,3034
3297,3174
3298,33
3299,466
3300,33
3301,666
3302,33
3303,931
3304,33
3305,33
3306,2689
3307,666
3308,85
3309,666
3310,1896
3311,666
3312,3667
3313,931
3314,1789
3315,931
3316,2550
3317,2084
3318,289
3319,34
3320,863
3321,34
3322,3243
3323,3319
3324,863
3325,140
3326,863
3327,151
3328,863
3329,284
3330,863
3331,413
3332,2065
3333,863
3334,438
3335,863
3336,440
3337,863
3338,464
3339,863
3340,468
3341,863
3342,573
3343,863
3344,608
3345,863
3346,629
3347,324
3348,874
3349,2033
3350,863
3351,662
3352,863
3353,815
3354,863
3355,855
3356,863
3357,866
3358,863
3359,914
3360,863
3361,939
3362,863
3363,980
3364,863
3365,993
3366,863
3367,1100
3368,3806
3369,863
3370,1147
3371,863
3372,1184
3373,863
3374,1197
3375,863
3376,1226
3377,863
3378,1242
3379,863
3380,1281
3381,863
3382,1288
3383,863
3384,1300
3385,863
3386,1321
3387,863
3388,1418
3389,863
3390,1428
3391,4018
3392,863
3393,1520
3394,863
3395,1534
3396,863
3397,1590
3398,863
3399,1633
3400,863
3401,1659
3402,863
3403,1702
3404,4014
3405,863
3406,1709
3407,863
3408,1755
3409,863
3410,1790
3411,863
3412,1849
3413,863
3414,1867
3415,863
3416,2080
3417,863
3418,2179
3419,863
3420,2199
3421,863
3422,2228
3423,863
3424,2247
3425,60
3426,2023
3427,2545
3428,863
3429,2365
3430,863
3431,2396
3432,863
3433,2418
3434,863
3435,2542
3436,863
3437,2645
3438,863
3439,2718
3440,863
3441,2861
3442,863
3443,2886
3444,863
3445,2965
3446,863
3447,2968
3448,863
3449,3023
3450,863
3451,3065
3452,863
3453,3119
3454,863
3455,3173
3456,863
3457,3176
3458,863
3459,3199
3460,863
3461,3201
3462,863
3463,3217
3464,863
3465,3318
3466,863
3467,3341
3468,2722
3469,863
3470,3450
3471,863
3472,3521
3473,863
3474,3566
3475,863
3476,3572
3477,863
3478,3605
3479,863
3480,3607
3481,863
3482,3633
3483,863
3484,3642
3485,863
3486,3675
3487,863
3488,3737
3489,863
3490,3784
3491,863
3492,3842
3493,863
3494,3983
3495,863
3496,3994
3497,912
3498,608
3499,912
3500,1273
3501,912
3502,1638
3503,831
3504,3243
3505,925
3506,3243
3507,1043
3508,3243
3509,1163
3510,3243
3511,3594
3512,35
3513,602
3514,1913
3515,3154
3516,35
3517,603
3518,35
3519,1676
3520,992
3521,2364
3522,603
3523,715
3524,603
3525,849
3526,3911
3527,3935
3528,603
3529,1020
3530,1053
3531,195
3532,1634
3533,657
3534,1676
3535,148
3536,1676
3537,973
3538,1676
3539,1615
3540,1676
3541,1892
3542,1676
3543,1940
3544,1676
3545,2094
3546,1676
3547,2692
3548,1676
3549,3053
3550,1047
3551,2402
3552,2322
3553,1494
3554,36
3555,552
3556,36
3557,2214
3558,310
3559,1343
3560,37
3561,155
3562,37
3563,615
3564,37
3565,2039
3566,37
3567,2106
3568,37
3569,3584
3570,155
3571,1107
3572,155
3573,1413
3574,155
3575,2458
3576,155
3577,2494
3578,155
3579,2560
3580,155
3581,2687
3582,155
3583,2761
3584,80
3585,155
3586,3124
3587,155
3588,3191
3589,155
3590,3310
3591,155
3592,3724
3593,155
3594,3755
3595,615
3596,302
3597,615
3598,1961
3599,615
3600,2824
3601,615
3602,2940
3603,615
3604,3841
3605,2039
3606,2568
3607,2039
3608,2940
3609,2106
3610,3588
3611,177
3612,209
3613,1176
3614,39
3615,1191
3616,39
3617,1573
3618,156
3619,103
3620,156
3621,193
3622,156
3623,1998
3624,156
3625,3200
3626,177
3627,417
3628,626
3629,148
3630,626
3631,223
3632,626
3633,323
3634,626
3635,393
3636,2133
3637,749
3638,2639
3639,626
3640,473
3641,626
3642,504
3643,626
3644,573
3645,2205
3646,1921
3647,626
3648,610
3649,626
3650,622
3651,909
3652,1532
3653,626
3654,908
3655,1048
3656,3954
3657,626
3658,1023
3659,626
3660,1091
3661,3710
3662,626
3663,1179
3664,626
3665,1186
3666,626
3667,1213
3668,626
3669,1265
3670,2462
3671,626
3672,1321
3673,626
3674,1353
3675,626
3676,1485
3677,688
3678,1190
3679,135
3680,3653
3681,626
3682,1836
3683,626
3684,1843
3685,626
3686,1877
3687,626
3688,1880
3689,626
3690,1892
3691,626
3692,1972
3693,626
3694,2051
3695,626
3696,2086
3697,626
3698,2140
3699,626
3700,2149
3701,626
3702,2180
3703,626
3704,2184
3705,1967
3706,2430
3707,3825
3708,626
3709,2263
3710,1997
3711,2363
3712,3665
3713,1552
3714,626
3715,2374
3716,626
3717,2455
3718,1833
3719,778
3720,626
3721,2541
3722,626
3723,2669
3724,626
3725,2712
3726,1962
3727,626
3728,2751
3729,2133
3730,626
3731,2785
3732,3423
3733,626
3734,2848
3735,626
3736,2892
3737,714
3738,1438
3739,447
3740,831
3741,3539
3742,2920
3743,626
3744,3280
3745,3960
3746,626
3747,3395
3748,626
3749,3418
3750,626
3751,3482
3752,626
3753,3486
3754,626
3755,3615
3756,626
3757,3656
3758,626
3759,3671
3760,626
3761,3686
3762,626
3763,3757
3764,626
3765,3776
3766,626
3767,3807
3768,626
3769,3950
3770,626
3771,3976
3772,1573
3773,870
3774,1145
3775,3208
3776,1573
3777,901
3778,201
3779,3134
3780,3344
3781,40
3782,2792
3783,84
3784,121
3785,84
3786,144
3787,84
3788,175
3789,84
3790,1513
3791,657
3792,1173
3793,657
3794,1368
3795,657
3796,1629
3797,657
3798,2464
3799,657
3800,3192
3801,1225
3802,320
3803,1225
3804,566
3805,1225
3806,662
3807,1225
3808,1189
3809,1225
3810,1591
3811,1602
3812,2029
3813,1602
3814,2450
3815,41
3816,1558
3817,41
3818,3120
3819,3120
3820,187
3821,3120
3822,726
3823,1420
3824,607
3825,1487
3826,1673
3827,3120
3828,1920
3829,3120
3830,2270
3831,42
3832,211
3833,211
3834,641
3835,139
3836,865
3837,139
3838,1265
3839,139
3840,1331
3841,139
3842,2092
3843,139
3844,3670
3845,985
3846,247
3847,985
3848,560
3849,2927
3850,1304
3851,1376
3852,2627
3853,45
3854,223
3855,2700
3856,46
3857,384
3858,46
3859,3422
3860,3422
3861,2974
3862,72
3863,47
3864,89
3865,47
3866,1101
3867,57
3868,202
3869,57
3870,1961
3871,72
3872,3766
3873,89
3874,854
3875,89
3876,882
3877,1101
3878,279
3879,1101
3880,683
3881,1101
3882,2524
3883,48
3884,219
3885,48
3886,370
3887,219
3888,1414
3889,93
3890,605
3891,93
3892,3810
3893,2835
3894,318
3895,1430
3896,1296
3897,217
3898,1296
3899,1704
3900,1853
3901,2598
3902,1853
3903,3009
3904,2005
3905,3589
3906,2278
3907,719
3908,3895
3909,715
3910,1590
3911,51
3912,129
3913,51
3914,588
3915,51
3916,3007
3917,129
3918,684
3919,588
3920,1015
3921,588
3922,1765
3923,3007
3924,3912
3925,52
3926,3518
3927,3518
3928,1273
3929,53
3930,610
3931,53
3932,2765
3933,610
3934,951
3935,610
3936,1789
3937,610
3938,1859
3939,610
3940,2418
3941,2765
3942,2265
3943,3462
3944,2765
3945,3510
3946,260
3947,3940
3948,609
3949,1390
3950,1869
3951,203
3952,412
3953,1854
3954,1869
3955,2107
3956,3032
3957,616
3958,55
3959,690
3960,56
3961,494
3962,627
3963,1066
3964,3783
3965,2112
3966,3075
3967,627
3968,2958
3969,1066
3970,1865
3971,1066
3972,3558
3973,3783
3974,1174
3975,3783
3976,2299
3977,3783
3978,2701
3979,3783
3980,3733
3981,202
3982,3766
3983,613
3984,2217
3985,1961
3986,1220
3987,1961
3988,1489
3989,1961
3990,1875
3991,544
3992,187
3993,648
3994,187
3995,1131
3996,187
3997,1933
3998,187
3999,2049
4000,187
4001,2080
4002,103
4003,329
4004,103
4005,888
4006,103
4007,2733
4008,1514
4009,1666
4010,676
4011,332
4012,676
4013,2530
4014,2321
4015,243
4016,2321
4017,376
4018,1748
4019,3284
4020,1410
4021,3284
4022,3670
4023,2023
4024,965
4025,2023
4026,1521
4027,2023
4028,1712
4029,2023
4030,1832
4031,3252
4032,2023
4033,2482
4034,2023
4035,2998
4036,2258
4037,885
4038,2258
4039,1046
4040,845
4041,2907
4042,3192
4043,521
4044,169
4045,170
4046,2051
4047,3192
4048,726
4049,3192
4050,957
4051,3192
4052,1025
4053,3192
4054,1288
4055,3192
4056,1306
4057,3192
4058,1515
4059,3192
4060,1632
4061,3192
4062,1702
4063,3192
4064,1790
4065,3192
4066,1791
4067,3192
4068,1815
4069,3192
4070,1906
4071,3192
4072,1987
4073,3192
4074,2079
4075,3192
4076,2149
4077,3192
4078,2158
4079,3192
4080,2281
4081,3192
4082,2481
4083,3192
4084,2718
4085,3192
4086,2723
4087,3192
4088,3023
4089,3192
4090,3210
4091,3192
4092,3848
4093,3000
4094,456
4095,3192
4096,3983
4097,66
4098,3320
4099,66
4100,3850
4101,3850
4102,146
4103,3850
4104,381
4105,3850
4106,1216
4107,3850
4108,1288
4109,3850
4110,1552
4111,3850
4112,1932
4113,3850
4114,1971
4115,3850
4116,2070
4117,3850
4118,2105
4119,3850
4120,3112
4121,3850
4122,3127
4123,3850
4124,3216
4125,3073
4126,506
4127,3073
4128,1033
4129,2398
4130,664
4131,3639
4132,3073
4133,2676
4134,3073
4135,3052
4136,68
4137,128
4138,68
4139,503
4140,68
4141,1262
4142,2485
4143,68
4144,1510
4145,68
4146,2770
4147,503
4148,667
4149,3748
4150,1063
4151,561
4152,1457
4153,561
4154,1723
4155,561
4156,3670
4157,3322
4158,916
4159,669
4160,916
4161,1544
4162,916
4163,3612
4164,916
4165,3964
4166,1046
4167,222
4168,1046
4169,725
4170,1046
4171,748
4172,1046
4173,829
4174,2264
4175,1046
4176,1368
4177,1046
4178,1617
4179,1046
4180,1926
4181,1046
4182,1978
4183,1046
4184,2397
4185,1046
4186,2679
4187,1046
4188,2962
4189,1183
4190,1918
4191,1342
4192,189
4193,1342
4194,371
4195,1342
4196,634
4197,1342
4198,706
4199,1342
4200,991
4201,1342
4202,1460
4203,1342
4204,2164
4205,1342
4206,3210
4207,1342
4208,3994
4209,1364
4210,144
4211,1984
4212,500
4213,1984
4214,506
4215,1173
4216,3527
4217,1984
4218,684
4219,1984
4220,2041
4221,1984
4222,2570
4223,1984
4224,2779
4225,2261
4226,2261
4227,1213
4228,2261
4229,1582
4230,2261
4231,1640
4232,2261
4233,1717
4234,2261
4235,1864
4236,2261
4237,2037
4238,2261
4239,3453
4240,2261
4241,3674
4242,2485
4243,2921
4244,3775
4245,2770
4246,1273
4247,2770
4248,3577
4249,1578
4250,638
4251,1578
4252,3801
4253,1751
4254,1017
4255,1751
4256,1094
4257,1751
4258,1300
4259,2935
4260,1189
4261,2329
4262,3299
4263,1751
4264,1643
4265,1751
4266,1790
4267,1901
4268,1751
4269,2148
4270,1751
4271,3036
4272,1751
4273,3758
4274,3886
4275,1483
4276,3886
4277,3461
4278,70
4279,148
4280,148
4281,1589
4282,148
4283,1990
4284,351
4285,2357
4286,2357
4287,1763
4288,2357
4289,1924
4290,2357
4291,3634
4292,3766
4293,685
4294,3766
4295,2440
4296,110
4297,589
4298,73
4299,3271
4300,73
4301,3860
4302,411
4303,729
4304,411
4305,2623
4306,3622
4307,1423
4308,811
4309,3921
4310,2337
4311,1957
4312,1815
4313,1957
4314,2832
4315,1957
4316,3002
4317,1957
4318,3424
4319,3271
4320,2996
4321,3860
4322,3800
4323,75
4324,540
4325,540
4326,749
4327,540
4328,3543
4329,1718
4330,1125
4331,3778
4332,96
4333,1608
4334,96
4335,2048
4336,136
4337,342
4338,136
4339,460
4340,2292
4341,2298
4342,220
4343,2612
4344,273
4345,819
4346,581
4347,590
4348,581
4349,1856
4350,808
4351,464
4352,808
4353,722
4354,808
4355,1380
4356,808
4357,1449
4358,105
4359,141
4360,2390
4361,115
4362,243
4363,135
4364,800
4365,135
4366,936
4367,1582
4368,135
4369,1160
4370,135
4371,1840
4372,135
4373,2576
4374,135
4375,2649
4376,135
4377,2680
4378,135
4379,3135
4380,135
4381,3438
4382,135
4383,3948
4384,687
4385,635
4386,464
4387,1386
4388,635
4389,1306
4390,635
4391,1362
4392,635
4393,2132
4394,635
4395,3689
4396,471
4397,645
4398,2209
4399,645
4400,2791
4401,645
4402,2911
4403,719
4404,532
4405,719
4406,913
4407,719
4408,1244
4409,719
4410,1270
4411,719
4412,1765
4413,719
4414,2284
4415,719
4416,2530
4417,2188
4418,732
4419,444
4420,2269
4421,1020
4422,3643
4423,1274
4424,518
4425,190
4426,1384
4427,1412
4428,1384
4429,3563
4430,1644
4431,1577
4432,1752
4433,699
4434,1973
4435,3802
4436,2200
4437,1388
4438,2200
4439,3058
4440,2401
4441,3064
4442,2679
4443,330
4444,2956
4445,3160
4446,3065
4447,2700
4448,3065
4449,3725
4450,3537
4451,589
4452,3537
4453,3382
4454,3537
4455,3662
4456,78
4457,118
4458,118
4459,1264
4460,3044
4461,3841
4462,1427
4463,79
4464,3594
4465,1427
4466,3429
4467,2762
4468,1455
4469,3594
4470,137
4471,3594
4472,335
4473,3594
4474,373
4475,3594
4476,533
4477,3594
4478,585
4479,3594
4480,817
4481,3594
4482,847
4483,3594
4484,909
4485,3594
4486,1015
4487,3594
4488,1146
4489,3594
4490,1190
4491,3594
4492,1299
4493,3594
4494,1315
4495,3594
4496,1434
4497,3594
4498,1441
4499,3594
4500,1555
4501,3594
4502,1675
4503,3594
4504,1698
4505,3594
4506,1722
4507,3594
4508,1805
4509,3594
4510,1857
4511,3078
4512,3594
4513,1872
4514,3594
4515,2088
4516,3594
4517,2139
4518,2407
4519,1637
4520,3594
4521,2161
4522,3594
4523,2257
4524,2955
4525,3984
4526,3594
4527,2260
4528,3594
4529,2275
4530,3594
4531,2279
4532,3594
4533,2327
4534,3594
4535,2341
4536,3594
4537,2344
4538,3594
4539,2421
4540,3594
4541,2478
4542,3594
4543,2672
4544,3594
4545,2696
4546,3594
4547,2784
4548,3594
4549,3400
4550,3594
4551,3451
4552,3594
4553,3504
4554,3594
4555,3510
4556,3594
4557,3593
4558,3594
4559,3848
4560,336
4561,1587
4562,1568
4563,2581
4564,80
4565,1264
4566,80
4567,2014
4568,80
4569,2853
4570,2018
4571,2754
4572,3156
4573,80
4574,2909
4575,80
4576,2910
4577,3249
4578,3795
4579,2940
4580,944
4581,2574
4582,80
4583,3020
4584,80
4585,3096
4586,80
4587,3343
4588,80
4589,3391
4590,80
4591,3424
4592,80
4593,3536
4594,80
4595,3557
4596,252
4597,702
4598,1188
4599,2958
4600,2910
4601,168
4602,2910
4603,221
4604,2916
4605,1568
4606,3283
4607,2929
4608,1568
4609,3045
4610,2903
4611,3214
4612,2585
4613,3343
4614,3095
4615,3390
4616,1064
4617,1666
4618,3390
4619,2536
4620,1951
4621,3391
4622,2691
4623,995
4624,3424
4625,1175
4626,3424
4627,1395
4628,3424
4629,2538
4630,3424
4631,2899
4632,3424
4633,3189
4634,3536
4635,3304
4636,3557
4637,1884
4638,3557
4639,2500
4640,3795
4641,3275
4642,660
4643,655
4644,660
4645,888
4646,660
4647,2954
4648,660
4649,3166
4650,82
4651,3621
4652,2053
4653,2925
4654,504
4655,896
4656,504
4657,976
4658,504
4659,1137
4660,1883
4661,3980
4662,436
4663,2552
4664,801
4665,2552
4666,2565
4667,2552
4668,3014
4669,2552
4670,3017
4671,2552
4672,3036
4673,2552
4674,3210
4675,3621
4676,2140
4677,3621
4678,2730
4679,243
4680,195
4681,243
4682,564
4683,243
4684,648
4685,243
4686,1095
4687,243
4688,1306
4689,243
4690,1643
4691,243
4692,1671
4693,243
4694,1714
4695,243
4696,1740
4697,243
4698,2608
4699,243
4700,2716
4701,243
4702,3359
4703,684
4704,320
4705,684
4706,924
4707,684
4708,1493
4709,684
4710,1867
4711,901
4712,1038
4713,901
4714,1232
4715,901
4716,1391
4717,901
4718,2451
4719,901
4720,3878
4721,973
4722,94
4723,1189
4724,179
4725,1189
4726,435
4727,745
4728,1189
4729,887
4730,1189
4731,940
4732,1189
4733,963
4734,1189
4735,1239
4736,1189
4737,2151
4738,1189
4739,2800
4740,1202
4741,623
4742,1983
4743,802
4744,1983
4745,814
4746,1983
4747,1619
4748,1983
4749,1886
4750,1983
4751,2174
4752,1983
4753,2374
4754,1983
4755,2381
4756,1983
4757,2469
4758,1983
4759,2539
4760,1983
4761,3413
4762,2697
4763,2123
4764,2697
4765,2551
4766,3189
4767,1150
4768,2781
4769,175
4770,1440
4771,175
4772,1075
4773,1385
4774,2473
4775,193
4776,452
4777,193
4778,679
4779,193
4780,1362
4781,193
4782,2241
4783,193
4784,3503
4785,268
4786,753
4787,518
4788,2755
4789,915
4790,544
4791,915
4792,2622
4793,1457
4794,1131
4795,1457
4796,1294
4797,1457
4798,1430
4799,1457
4800,1797
4801,1457
4802,1808
4803,1457
4804,1846
4805,1457
4806,3994
4807,1513
4808,365
4809,1513
4810,1091
4811,1513
4812,1567
4813,1513
4814,2064
4815,1513
4816,2713
4817,1513
4818,3758
4819,85
4820,1431
4821,87
4822,372
4823,1431
4824,1599
4825,1431
4826,1848
4827,1431
4828,2992
4829,3730
4830,2169
4831,1238
4832,2169
4833,2550
4834,2875
4835,449
4836,2875
4837,2133
4838,3528
4839,2875
4840,3455
4841,2875
4842,3649
4843,3489
4844,1130
4845,3489
4846,2721
4847,3489
4848,3667
4849,836
4850,698
4851,836
4852,1012
4853,836
4854,3252
4855,836
4856,3801
4857,372
4858,2768
4859,372
4860,3667
4861,1478
4862,1166
4863,1478
4864,1240
4865,854
4866,109
4867,756
4868,441
4869,882
4870,199
4871,882
4872,1396
4873,882
4874,2069
4875,2564
4876,1095
4877,776
4878,3376
4879,2847
4880,235
4881,2847
4882,2191
4883,329
4884,141
4885,329
4886,235
4887,329
4888,416
4889,329
4890,3105
4891,554
4892,3806
4893,648
4894,1990
4895,648
4896,2090
4897,648
4898,2943
4899,648
4900,3105
4901,648
4902,3626
4903,648
4904,4014
4905,735
4906,1607
4907,735
4908,1659
4909,884
4910,3699
4911,1097
4912,376
4913,1097
4914,1059
4915,1097
4916,1531
4917,1290
4918,617
4919,1297
4920,396
4921,1297
4922,1273
4923,1297
4924,1975
4925,1297
4926,3408
4927,1375
4928,981
4929,1375
4930,1649
4931,1375
4932,2530
4933,1375
4934,2785
4935,1375
4936,3953
4937,1462
4938,700
4939,1462
4940,1891
4941,1462
4942,3890
4943,1675
4944,986
4945,1765
4946,297
4947,1765
4948,444
4949,1765
4950,484
4951,1765
4952,601
4953,1765
4954,850
4955,1430
4956,1765
4957,995
4958,1765
4959,1320
4960,1765
4961,1524
4962,1765
4963,1699
4964,1765
4965,1797
4966,1765
4967,1858
4968,1765
4969,2170
4970,1765
4971,2337
4972,1765
4973,3245
4974,1765
4975,3386
4976,1793
4977,2097
4978,1793
4979,3912
4980,2009
4981,1024
4982,2089
4983,240
4984,2365
4985,2793
4986,2365
4987,3971
4988,2519
4989,658
4990,2519
4991,1013
4992,687
4993,2519
4994,3064
4995,2961
4996,3786
4997,3050
4998,2403
4999,3511
5000,1898
5001,3702
5002,878
5003,3702
5004,2690
5005,3702
5006,2755
5007,1783
5008,3443
5009,361
5010,323
5011,605
5012,1739
5013,1810
5014,421
5015,1890
5016,2564
5017,328
5018,1574
5019,3274
5020,2975
5021,1584
5022,94
5023,94
5024,2209
5025,632
5026,479
5027,632
5028,2705
5029,632
5030,3548
5031,2209
5032,1356
5033,2209
5034,1459
5035,2209
5036,1500
5037,2209
5038,1921
5039,2209
5040,2352
5041,2209
5042,2690
5043,2209
5044,2988
5045,2209
5046,3612
5047,95
5048,834
5049,1447
5050,1735
5051,834
5052,288
5053,1807
5054,1608
5055,2414
5056,99
5057,459
5058,99
5059,1880
5060,1406
5061,828
5062,100
5063,1232
5064,100
5065,1509
5066,100
5067,3014
5068,1232
5069,1990
5070,1509
5071,1861
5072,1509
5073,2050
5074,2157
5075,3549
5076,1509
5077,2192
5078,1509
5079,2265
5080,1509
5081,3771
5082,3014
5083,715
5084,3014
5085,1047
5086,3014
5087,1468
5088,3014
5089,2093
5090,3658
5091,101
5092,282
5093,101
5094,1137
5095,101
5096,2095
5097,2095
5098,1628
5099,1825
5100,207
5101,1598
5102,240
5103,435
5104,240
5105,1129
5106,3595
5107,240
5108,1154
5109,275
5110,114
5111,463
5112,3609
5113,483
5114,3057
5115,489
5116,360
5117,489
5118,2550
5119,489
5120,2921
5121,521
5122,485
5123,521
5124,733
5125,521
5126,2636
5127,521
5128,2932
5129,521
5130,3151
5131,585
5132,1217
5133,729
5134,1149
5135,729
5136,1362
5137,729
5138,3663
5139,1003
5140,2041
5141,1003
5142,2104
5143,1067
5144,500
5145,1067
5146,1117
5147,1067
5148,2153
5149,1067
5150,2450
5151,957
5152,1067
5153,3107
5154,1293
5155,248
5156,1293
5157,348
5158,1293
5159,1273
5160,1321
5161,1928
5162,1908
5163,2662
5164,2744
5165,3369
5166,1493
5167,1500
5168,1645
5169,3309
5170,1847
5171,1828
5172,1847
5173,2235
5174,1847
5175,2274
5176,1847
5177,2602
5178,913
5179,1847
5180,3736
5181,1847
5182,3962
5183,1967
5184,2856
5185,1967
5186,3899
5187,1967
5188,3915
5189,2393
5190,1935
5191,2393
5192,2433
5193,2393
5194,2467
5195,2514
5196,3471
5197,2594
5198,1379
5199,2594
5200,3259
5201,2682
5202,2595
5203,2861
5204,2603
5205,2861
5206,2649
5207,3185
5208,1470
5209,3508
5210,1566
5211,3516
5212,1717
5213,3628
5214,2776
5215,3628
5216,3386
5217,2733
5218,1679
5219,104
5220,2819
5221,2819
5222,1133
5223,141
5224,427
5225,235
5226,753
5227,235
5228,1530
5229,235
5230,1537
5231,235
5232,1605
5233,235
5234,1695
5235,977
5236,3482
5237,1273
5238,140
5239,1273
5240,150
5241,1273
5242,242
5243,1273
5244,913
5245,1273
5246,1143
5247,1273
5248,1154
5249,1273
5250,1306
5251,1273
5252,1374
5253,1273
5254,1565
5255,1273
5256,1632
5257,1273
5258,1702
5259,1273
5260,1815
5261,1273
5262,1940
5263,1273
5264,2311
5265,1273
5266,2718
5267,1273
5268,2723
5269,1273
5270,2793
5271,1273
5272,3100
5273,1273
5274,3131
5275,1273
5276,3475
5277,1273
5278,3600
5279,1273
5280,3997
5281,1361
5282,475
5283,1361
5284,3208
5285,1451
5286,519
5287,1451
5288,2180
5289,1451
5290,2959
5291,2644
5292,776
5293,3180
5294,687
5295,3180
5296,907
5297,3180
5298,1362
5299,106
5300,1059
5301,1059
5302,195
5303,1059
5304,940
5305,1059
5306,2575
5307,1059
5308,2934
5309,1059
5310,3089
5311,1059
5312,3983
5313,1059
5314,4002
5315,107
5316,718
5317,718
5318,1381
5319,591
5320,108
5321,1056
5322,108
5323,1194
5324,1056
5325,1278
5326,1194
5327,1859
5328,1194
5329,3842
5330,109
5331,112
5332,109
5333,257
5334,109
5335,359
5336,109
5337,418
5338,1787
5339,717
5340,109
5341,1022
5342,109
5343,1453
5344,1380
5345,109
5346,3278
5347,109
5348,3566
5349,109
5350,3853
5351,257
5352,1245
5353,441
5354,1245
5355,441
5356,2958
5357,756
5358,254
5359,756
5360,2755
5361,1022
5362,717
5363,1022
5364,1245
5365,1022
5366,2958
5367,3278
5368,1499
5369,111
5370,682
5371,682
5372,2606
5373,821
5374,1842
5375,1702
5376,805
5377,1498
5378,1702
5379,2755
5380,1702
5381,3901
5382,1740
5383,2866
5384,1740
5385,2885
5386,1740
5387,3678
5388,113
5389,222
5390,113
5391,941
5392,222
5393,1662
5394,941
5395,1181
5396,1921
5397,608
5398,1921
5399,906
5400,1921
5401,1549
5402,1921
5403,1769
5404,1951
5405,1843
5406,1951
5407,2430
5408,1951
5409,2655
5410,548
5411,596
5412,548
5413,1192
5414,784
5415,968
5416,1341
5417,475
5418,1341
5419,544
5420,340
5421,1722
5422,117
5423,2283
5424,2283
5425,1209
5426,3568
5427,1725
5428,119
5429,1253
5430,1253
5431,3667
5432,185
5433,1345
5434,185
5435,1820
5436,185
5437,2232
5438,247
5439,1846
5440,247
5441,2830
5442,791
5443,1081
5444,794
5445,1337
5446,1208
5447,1621
5448,2491
5449,1621
5450,3619
5451,1710
5452,3654
5453,1824
5454,1118
5455,1886
5456,580
5457,1886
5458,2193
5459,1886
5460,3411
5461,2013
5462,2528
5463,3392
5464,2771
5465,1465
5466,2771
5467,1677
5468,2771
5469,2491
5470,2771
5471,2849
5472,2983
5473,1630
5474,3494
5475,2983
5476,2051
5477,2983
5478,2732
5479,2983
5480,2849
5481,2983
5482,3698
5483,2983
5484,3991
5485,123
5486,123
5487,2493
5488,374
5489,1219
5490,374
5491,3182
5492,2493
5493,2059
5494,2493
5495,2616
5496,2493
5497,2755
5498,2493
5499,3003
5500,125
5501,960
5502,126
5503,1433
5504,1433
5505,1730
5506,130
5507,376
5508,376
5509,1718
5510,376
5511,2046
5512,887
5513,1121
5514,887
5515,1415
5516,1660
5517,248
5518,1871
5519,1766
5520,1160
5521,2665
5522,1160
5523,3931
5524,1582
5525,2600
5526,1646
5527,1218
5528,2576
5529,1753
5530,3438
5531,1479
5532,3653
5533,589
5534,3653
5535,1054
5536,3653
5537,2352
5538,165
5539,506
5540,165
5541,813
5542,348
5543,287
5544,460
5545,399
5546,460
5547,2763
5548,460
5549,3620
5550,619
5551,2436
5552,1150
5553,934
5554,1210
5555,3239
5556,1210
5557,3498
5558,1210
5559,3670
5560,137
5561,935
5562,265
5563,1863
5564,1402
5565,3844
5566,4019
5567,2825
5568,453
5569,1822
5570,453
5571,2018
5572,3915
5573,1979
5574,2668
5575,797
5576,1763
5577,935
5578,217
5579,935
5580,298
5581,935
5582,2059
5583,935
5584,2400
5585,935
5586,2950
5587,2695
5588,2741
5589,3356
5590,2731
5591,1309
5592,2168
5593,892
5594,1852
5595,2152
5596,865
5597,2606
5598,1265
5599,1600
5600,1265
5601,2798
5602,1265
5603,3130
5604,1265
5605,3353
5606,3298
5607,3670
5608,166
5609,3670
5610,1133
5611,3670
5612,1180
5613,3359
5614,3670
5615,3258
5616,427
5617,280
5618,637
5619,889
5620,146
5621,1755
5622,1755
5623,298
5624,1755
5625,1755
5626,1362
5627,147
5628,1373
5629,147
5630,3267
5631,3267
5632,1473
5633,1572
5634,1990
5635,271
5636,1990
5637,580
5638,1990
5639,1714
5640,1990
5641,2022
5642,1990
5643,2461
5644,1990
5645,2548
5646,1990
5647,2669
5648,2487
5649,1990
5650,2863
5651,1990
5652,3217
5653,1990
5654,3603
5655,1990
5656,3646
5657,1990
5658,4020
5659,1990
5660,4022
5661,1119
5662,501
5663,1119
5664,1709
5665,1566
5666,796
5667,1566
5668,2183
5669,1717
5670,179
5671,1717
5672,212
5673,1717
5674,823
5675,1717
5676,930
5677,1717
5678,1015
5679,1717
5680,1244
5681,3226
5682,3946
5683,1717
5684,1757
5685,1717
5686,1872
5687,1717
5688,1994
5689,1717
5690,2228
5691,1717
5692,2403
5693,1717
5694,2623
5695,1717
5696,2656
5697,1717
5698,2905
5699,1717
5700,2953
5701,1717
5702,2964
5703,1717
5704,3028
5705,1717
5706,3052
5707,1717
5708,3131
5709,1717
5710,3551
5711,1717
5712,3623
5713,1717
5714,3718
5715,4016
5716,1701
5717,150
5718,1986
5719,150
5720,3129
5721,1654
5722,1631
5723,2245
5724,3398
5725,2899
5726,2304
5727,151
5728,379
5729,151
5730,2202
5731,2202
5732,2503
5733,152
5734,3009
5735,152
5736,3088
5737,3009
5738,1397
5739,3088
5740,1892
5741,153
5742,297
5743,297
5744,279
5745,297
5746,826
5747,297
5748,955
5749,297
5750,1930
5751,297
5752,2377
5753,154
5754,199
5755,199
5756,1209
5757,336
5758,309
5759,336
5760,558
5761,336
5762,1209
5763,336
5764,1329
5765,336
5766,2057
5767,336
5768,2495
5769,336
5770,2958
5771,1107
5772,1425
5773,3142
5774,1455
5775,1138
5776,1455
5777,1526
5778,1868
5779,2406
5780,2177
5781,1693
5782,2177
5783,3677
5784,2458
5785,959
5786,2458
5787,1209
5788,2458
5789,2495
5790,2494
5791,2247
5792,2560
5793,3449
5794,2566
5795,1592
5796,2566
5797,2833
5798,2707
5799,3254
5800,2761
5801,1245
5802,2761
5803,1568
5804,2761
5805,2497
5806,3755
5807,2405
5808,647
5809,2631
5810,647
5811,3118
5812,1641
5813,2755
5814,1641
5815,3003
5816,1641
5817,3469
5818,1998
5819,194
5820,1998
5821,2293
5822,1998
5823,3100
5824,1998
5825,3938
5826,3200
5827,2093
5828,3200
5829,2714
5830,449
5831,1625
5832,158
5833,316
5834,158
5835,563
5836,612
5837,1773
5838,2307
5839,3941
5840,2918
5841,2906
5842,3227
5843,158
5844,2905
5845,158
5846,2942
5847,316
5848,1802
5849,563
5850,3627
5851,1773
5852,1802
5853,1773
5854,3495
5855,2307
5856,2675
5857,2905
5858,2455
5859,2905
5860,2525
5861,160
5862,1762
5863,161
5864,3517
5865,3517
5866,2903
5867,629
5868,323
5869,629
5870,3819
5871,1283
5872,723
5873,163
5874,331
5875,420
5876,567
5877,1084
5878,2715
5879,3547
5880,3880
5881,3963
5882,163
5883,631
5884,163
5885,3491
5886,331
5887,188
5888,331
5889,498
5890,1881
5891,331
5892,956
5893,331
5894,1792
5895,331
5896,2671
5897,331
5898,2772
5899,331
5900,3999
5901,567
5902,315
5903,567
5904,2674
5905,3491
5906,1147
5907,3880
5908,2809
5909,239
5910,850
5911,250
5912,2531
5913,300
5914,367
5915,300
5916,740
5917,551
5918,822
5919,1100
5920,3262
5921,1100
5922,3324
5923,1100
5924,3487
5925,3194
5926,1980
5927,3056
5928,3061
5929,3324
5930,2459
5931,1380
5932,2557
5933,367
5934,2557
5935,3673
5936,3793
5937,2110
5938,3754
5939,3793
5940,2549
5941,506
5942,1615
5943,166
5944,1544
5945,166
5946,2727
5947,1544
5948,1477
5949,1544
5950,1538
5951,1544
5952,3179
5953,1544
5954,3384
5955,2727
5956,324
5957,2727
5958,715
5959,167
5960,404
5961,2179
5962,434
5963,2158
5964,770
5965,715
5966,1180
5967,715
5968,1909
5969,2515
5970,715
5971,3183
5972,967
5973,3215
5974,969
5975,1396
5976,969
5977,2652
5978,172
5979,535
5980,3272
5981,172
5982,3302
5983,535
5984,2471
5985,3272
5986,2755
5987,173
5988,373
5989,373
5990,980
5991,373
5992,3890
5993,1440
5994,2444
5995,176
5996,324
5997,324
5998,1196
5999,178
6000,1577
6001,178
6002,1977
6003,178
6004,3092
6005,1977
6006,1968
6007,3092
6008,1043
6009,3092
6010,3372
6011,179
6012,1389
6013,179
6014,2954
6015,179
6016,3450
6017,2954
6018,218
6019,2954
6020,3225
6021,2954
6022,3447
6023,3450
6024,831
6025,281
6026,189
6027,181
6028,675
6029,1318
6030,1963
6031,2431
6032,182
6033,1173
6034,1002
6035,1430
6036,1002
6037,1826
6038,2979
6039,248
6040,2979
6041,1448
6042,2979
6043,3378
6044,1345
6045,1043
6046,1345
6047,1079
6048,1088
6049,1272
6050,2624
6051,1345
6052,1927
6053,1345
6054,2714
6055,1345
6056,2797
6057,544
6058,423
6059,544
6060,616
6061,544
6062,725
6063,1131
6064,1404
6065,1131
6066,1874
6067,1131
6068,3187
6069,1131
6070,3680
6071,1933
6072,475
6073,2049
6074,3679
6075,188
6076,263
6077,188
6078,1354
6079,188
6080,2227
6081,263
6082,630
6083,2227
6084,956
6085,3428
6086,2227
6087,2506
6088,189
6089,674
6090,189
6091,1122
6092,674
6093,3892
6094,1236
6095,879
6096,1236
6097,1619
6098,216
6099,904
6100,216
6101,2141
6102,216
6103,2995
6104,1327
6105,269
6106,192
6107,984
6108,452
6109,1239
6110,679
6111,2755
6112,679
6113,2953
6114,1362
6115,1968
6116,1362
6117,2139
6118,1362
6119,2197
6120,1841
6121,1223
6122,1841
6123,1850
6124,3503
6125,1454
6126,194
6127,279
6128,194
6129,1930
6130,279
6131,2851
6132,279
6133,3403
6134,196
6135,1311
6136,3729
6137,196
6138,3421
6139,2583
6140,1374
6141,197
6142,509
6143,197
6144,1857
6145,1857
6146,1547
6147,1857
6148,3545
6149,198
6150,981
6151,198
6152,1618
6153,981
6154,1134
6155,981
6156,1205
6157,1618
6158,218
6159,1209
6160,2069
6161,802
6162,594
6163,802
6164,2197
6165,201
6166,1481
6167,3863
6168,201
6169,1713
6170,201
6171,3544
6172,1481
6173,1226
6174,1481
6175,2443
6176,1713
6177,1850
6178,3592
6179,1251
6180,3592
6181,1359
6182,3592
6183,3872
6184,205
6185,3799
6186,752
6187,1701
6188,752
6189,2154
6190,3799
6191,751
6192,3799
6193,1701
6194,2254
6195,2475
6196,958
6197,924
6198,210
6199,562
6200,210
6201,1697
6202,210
6203,1826
6204,1826
6205,2107
6206,641
6207,1778
6208,212
6209,623
6210,1393
6211,1393
6212,274
6213,1720
6214,763
6215,1720
6216,1229
6217,1720
6218,2872
6219,904
6220,3397
6221,904
6222,3846
6223,2141
6224,1246
6225,2141
6226,1822
6227,2141
6228,2379
6229,2712
6230,2756
6231,3016
6232,3149
6233,3829
6234,3476
6235,1683
6236,2221
6237,2593
6238,2141
6239,3178
6240,1799
6241,2805
6242,2820
6243,2141
6244,3100
6245,3695
6246,3664
6247,2141
6248,3223
6249,2141
6250,3659
6251,3779
6252,232
6253,957
6254,308
6255,2749
6256,328
6257,487
6258,328
6259,3101
6260,1526
6261,487
6262,277
6263,913
6264,277
6265,1083
6266,277
6267,3292
6268,388
6269,2775
6270,1078
6271,2775
6272,1244
6273,248
6274,1316
6275,248
6276,1985
6277,1662
6278,2303
6279,505
6280,1684
6281,505
6282,3160
6283,285
6284,3633
6285,2343
6286,1568
6287,2343
6288,2385
6289,230
6290,3582
6291,3325
6292,3582
6293,439
6294,3582
6295,3465
6296,358
6297,989
6298,1237
6299,1789
6300,1237
6301,1846
6302,2452
6303,2504
6304,957
6305,1016
6306,957
6307,1132
6308,957
6309,1428
6310,957
6311,1796
6312,957
6313,2634
6314,616
6315,1496
6316,500
6317,723
6318,500
6319,988
6320,500
6321,1142
6322,500
6323,1388
6324,500
6325,2346
6326,500
6327,3597
6328,753
6329,402
6330,753
6331,1603
6332,3533
6333,1042
6334,2880
6335,1042
6336,3392
6337,1042
6338,3614
6339,1475
6340,2147
6341,1475
6342,2518
6343,1530
6344,1267
6345,1530
6346,2481
6347,1537
6348,2937
6349,1605
6350,1033
6351,1695
6352,3313
6353,1808
6354,3872
6355,1808
6356,3907
6357,2220
6358,1166
6359,2391
6360,1292
6361,2391
6362,1861
6363,2391
6364,2375
6365,3117
6366,2535
6367,564
6368,2641
6369,728
6370,1741
6371,3926
6372,2641
6373,2470
6374,2641
6375,4021
6376,2678
6377,907
6378,3107
6379,1083
6380,3107
6381,1207
6382,3107
6383,1772
6384,3107
6385,3233
6386,3138
6387,3970
6388,3311
6389,555
6390,2326
6391,695
6392,2326
6393,1960
6394,2326
6395,2059
6396,2326
6397,2780
6398,2944
6399,3242
6400,3145
6401,1452
6402,3145
6403,1557
6404,3145
6405,2212
6406,3145
6407,3851
6408,237
6409,2330
6410,3474
6411,238
6412,3865
6413,850
6414,3440
6415,850
6416,3519
6417,435
6418,1846
6419,435
6420,3359
6421,1083
6422,1025
6423,1083
6424,2075
6425,1083
6426,2316
6427,1306
6428,1988
6429,1306
6430,3003
6431,1306
6432,3151
6433,1306
6434,3900
6435,1714
6436,2059
6437,3683
6438,2608
6439,2881
6440,2608
6441,3920
6442,3359
6443,1615
6444,3359
6445,2065
6446,3359
6447,2305
6448,3359
6449,2491
6450,3359
6451,2826
6452,3359
6453,3384
6454,3359
6455,3541
6456,687
6457,440
6458,687
6459,954
6460,687
6461,1234
6462,687
6463,1456
6464,3083
6465,3217
6466,994
6467,2627
6468,3033
6469,246
6470,366
6471,1976
6472,1949
6473,246
6474,703
6475,366
6476,1934
6477,1668
6478,3691
6479,366
6480,3256
6481,2253
6482,1846
6483,608
6484,1846
6485,1108
6486,1846
6487,1288
6488,1846
6489,3541
6490,1920
6491,3177
6492,1920
6493,3648
6494,2830
6495,1263
6496,2830
6497,2336
6498,2830
6499,3688
6500,355
6501,1169
6502,355
6503,2380
6504,1316
6505,2878
6506,2491
6507,618
6508,2491
6509,1360
6510,3528
6511,1442
6512,2167
6513,2491
6514,2062
6515,2491
6516,2753
6517,2491
6518,2755
6519,2491
6520,2986
6521,2491
6522,3789
6523,249
6524,3084
6525,2419
6526,1693
6527,2419
6528,2928
6529,2531
6530,2915
6531,3040
6532,3754
6533,2703
6534,1380
6535,1286
6536,1380
6537,1614
6538,1380
6539,2042
6540,1380
6541,2585
6542,1380
6543,2903
6544,1380
6545,3315
6546,256
6547,578
6548,256
6549,2597
6550,256
6551,2904
6552,578
6553,546
6554,578
6555,569
6556,578
6557,858
6558,2597
6559,858
6560,2597
6561,3826
6562,1245
6563,2345
6564,259
6565,725
6566,2175
6567,1561
6568,2515
6569,1554
6570,3808
6571,1554
6572,3830
6573,264
6574,1564
6575,1564
6576,1187
6577,1564
6578,2543
6579,266
6580,1169
6581,1781
6582,266
6583,2096
6584,1169
6585,918
6586,1169
6587,1783
6588,3151
6589,438
6590,3151
6591,524
6592,3151
6593,1025
6594,3151
6595,1556
6596,3151
6597,1571
6598,3151
6599,1897
6600,3151
6601,2810
6602,1647
6603,3151
6604,3221
6605,3151
6606,3469
6607,3151
6608,3966
6609,2276
6610,1892
6611,2276
6612,1923
6613,2276
6614,3160
6615,2936
6616,827
6617,271
6618,276
6619,271
6620,326
6621,377
6622,414
6623,697
6624,1371
6625,2439
6626,3008
6627,594
6628,2367
6629,988
6630,2319
6631,2841
6632,1216
6633,1045
6634,1216
6635,2763
6636,1217
6637,1271
6638,1217
6639,2085
6640,2578
6641,1248
6642,3445
6643,1734
6644,1049
6645,2418
6646,2828
6647,1947
6648,3222
6649,390
6650,445
6651,556
6652,913
6653,414
6654,913
6655,1096
6656,1185
6657,2203
6658,549
6659,3439
6660,2437
6661,3794
6662,913
6663,1545
6664,913
6665,1560
6666,913
6667,1766
6668,913
6669,2763
6670,913
6671,3554
6672,1355
6673,2082
6674,1463
6675,2334
6676,2539
6677,3436
6678,413
6679,897
6680,425
6681,1043
6682,425
6683,3812
6684,760
6685,2541
6686,760
6687,3612
6688,1613
6689,1073
6690,1613
6691,1699
6692,1152
6693,1733
6694,1822
6695,1741
6696,1822
6697,3141
6698,284
6699,1377
6700,3633
6701,2207
6702,287
6703,604
6704,289
6705,621
6706,621
6707,530
6708,621
6709,763
6710,343
6711,2256
6712,1027
6713,1576
6714,2565
6715,2059
6716,3114
6717,1133
6718,3114
6719,2423
6720,2192
6721,2408
6722,2192
6723,3638
6724,2192
6725,3820
6726,292
6727,738
6728,292
6729,773
6730,292
6731,1627
6732,292
6733,3329
6734,738
6735,1759
6736,738
6737,1819
6738,1627
6739,2773
6740,1627
6741,3969
6742,3329
6743,1015
6744,3329
6745,3202
6746,294
6747,3400
6748,3400
6749,515
6750,3400
6751,2705
6752,826
6753,2524
6754,955
6755,2488
6756,2377
6757,2596
6758,2377
6759,2837
6760,298
6761,1382
6762,2288
6763,3601
6764,740
6765,510
6766,301
6767,872
6768,301
6769,1214
6770,1370
6771,1681
6772,2081
6773,301
6774,3347
6775,301
6776,3809
6777,872
6778,3803
6779,1214
6780,457
6781,1370
6782,1982
6783,1370
6784,3644
6785,1681
6786,1911
6787,2081
6788,1226
6789,3809
6790,454
6791,3809
6792,2763
6793,302
6794,3551
6795,3713
6796,3713
6797,1410
6798,3713
6799,3047
6800,303
6801,309
6802,304
6803,2495
6804,2495
6805,3312
6806,305
6807,2190
6808,2190
6809,1815
6810,2190
6811,2135
6812,2190
6813,2379
6814,2190
6815,3806
6816,307
6817,2142
6818,2749
6819,1899
6820,311
6821,400
6822,1784
6823,1165
6824,975
6825,1165
6826,1529
6827,1165
6828,3383
6829,1227
6830,1201
6831,3013
6832,2520
6833,3013
6834,3769
6835,317
6836,3651
6837,3651
6838,1171
6839,3651
6840,3824
6841,1430
6842,1013
6843,1430
6844,1488
6845,1430
6846,2804
6847,319
6848,672
6849,672
6850,3946
6851,320
6852,2380
6853,2380
6854,1164
6855,1288
6856,2631
6857,1325
6858,658
6859,1325
6860,3248
6861,2019
6862,3025
6863,2144
6864,2747
6865,3529
6866,2747
6867,3742
6868,2891
6869,3847
6870,3560
6871,3796
6872,3750
6873,1103
6874,3750
6875,1922
6876,3750
6877,2223
6878,720
6879,408
6880,1374
6881,3496
6882,3210
6883,2825
6884,2087
6885,487
6886,1806
6887,487
6888,2700
6889,2422
6890,3101
6891,1866
6892,3101
6893,3559
6894,1731
6895,1105
6896,1731
6897,2757
6898,3105
6899,1157
6900,3105
6901,3968
6902,3105
6903,3977
6904,330
6905,1768
6906,332
6907,2683
6908,332
6909,2985
6910,332
6911,3687
6912,337
6913,3102
6914,1093
6915,890
6916,1093
6917,1969
6918,1093
6919,3305
6920,1093
6921,3722
6922,2985
6923,2317
6924,1402
6925,333
6926,1642
6927,335
6928,2077
6929,335
6930,3485
6931,2132
6932,1580
6933,2132
6934,2526
6935,3637
6936,2412
6937,3637
6938,2777
6939,2057
6940,3019
6941,2958
6942,3705
6943,2958
6944,4011
6945,3102
6946,1294
6947,338
6948,1215
6949,338
6950,1444
6951,1215
6952,1482
6953,1215
6954,1559
6955,1215
6956,1601
6957,1215
6958,2206
6959,1215
6960,2287
6961,1215
6962,2543
6963,339
6964,771
6965,771
6966,1242
6967,771
6968,3612
6969,796
6970,3239
6971,344
6972,713
6973,3357
6974,344
6975,806
6976,713
6977,2498
6978,713
6979,3700
6980,806
6981,788
6982,806
6983,1523
6984,2342
6985,345
6986,1447
6987,345
6988,1862
6989,347
6990,2059
6991,347
6992,3100
6993,347
6994,3297
6995,475
6996,2059
6997,537
6998,2059
6999,716
7000,2059
7001,1170
7002,2059
7003,1347
7004,2059
7005,1552
7006,2059
7007,2011
7008,2059
7009,2289
7010,2059
7011,2615
7012,2059
7013,2790
7014,2059
7015,2988
7016,2059
7017,3119
7018,2059
7019,3268
7020,2059
7021,3768
7022,2059
7023,3922
7024,2059
7025,3924
7026,3100
7027,1116
7028,3100
7029,1741
7030,3100
7031,1836
7032,3100
7033,2313
7034,3100
7035,2812
7036,3100
7037,2913
7038,3100
7039,3178
7040,3100
7041,3257
7042,3297
7043,1953
7044,3297
7045,2274
7046,1063
7047,1597
7048,349
7049,3052
7050,440
7051,2098
7052,440
7053,3434
7054,2782
7055,2834
7056,883
7057,3063
7058,883
7059,3410
7060,3661
7061,3118
7062,3915
7063,3679
7064,1259
7065,2306
7066,1719
7067,516
7068,1719
7069,1284
7070,3327
7071,357
7072,1461
7073,1461
7074,395
7075,989
7076,2504
7077,989
7078,2844
7079,989
7080,2845
7081,989
7082,3987
7083,360
7084,1015
7085,1015
7086,3289
7087,365
7088,3306
7089,2287
7090,2325
7091,3973
7092,3256
7093,2759
7094,369
7095,1959
7096,1959
7097,804
7098,3042
7099,3873
7100,371
7101,415
7102,1156
7103,1622
7104,2136
7105,3540
7106,371
7107,1228
7108,371
7109,1422
7110,371
7111,2411
7112,371
7113,2461
7114,1622
7115,2372
7116,1622
7117,2468
7118,1622
7119,3507
7120,3745
7121,2461
7122,514
7123,2461
7124,537
7125,3667
7126,410
7127,3667
7128,707
7129,3667
7130,828
7131,3667
7132,1353
7133,3667
7134,1677
7135,3667
7136,2186
7137,3667
7138,2755
7139,3667
7140,3094
7141,3667
7142,3273
7143,3667
7144,3369
7145,980
7146,636
7147,980
7148,1168
7149,980
7150,2271
7151,3890
7152,2418
7153,3182
7154,3003
7155,375
7156,1019
7157,1019
7158,1458
7159,1718
7160,900
7161,3583
7162,2046
7163,3533
7164,377
7165,1724
7166,377
7167,2750
7168,377
7169,2893
7170,1724
7171,1072
7172,1894
7173,2751
7174,2969
7175,1344
7176,1571
7177,1888
7178,2010
7179,2348
7180,2896
7181,3058
7182,3726
7183,1724
7184,2416
7185,1724
7186,2555
7187,1724
7188,2755
7189,2439
7190,1201
7191,2439
7192,1813
7193,2439
7194,2590
7195,378
7196,1585
7197,378
7198,2886
7199,1585
7200,961
7201,1585
7202,2688
7203,1606
7204,2274
7205,1606
7206,2390
7207,618
7208,446
7209,618
7210,1086
7211,2281
7212,2093
7213,2763
7214,2198
7215,2763
7216,2309
7217,2763
7218,3817
7219,389
7220,3282
7221,389
7222,3289
7223,389
7224,3837
7225,841
7226,1098
7227,1439
7228,1445
7229,2522
7230,388
7231,1135
7232,1450
7233,1098
7234,2586
7235,2152
7236,3938
7237,2522
7238,1657
7239,2522
7240,2639
7241,2755
7242,438
7243,2755
7244,1025
7245,2755
7246,1170
7247,2755
7248,1555
7249,2755
7250,1632
7251,2755
7252,1866
7253,2755
7254,1948
7255,2755
7256,2199
7257,2755
7258,2385
7259,2755
7260,2396
7261,2755
7262,2718
7263,2755
7264,2786
7265,2755
7266,2917
7267,2755
7268,2968
7269,2755
7270,3131
7271,2755
7272,3167
7273,2755
7274,3176
7275,2755
7276,3201
7277,2755
7278,3291
7279,2755
7280,3791
7281,2755
7282,3792
7283,2755
7284,3840
7285,2755
7286,3991
7287,2755
7288,3992
7289,390
7290,731
7291,390
7292,998
7293,390
7294,1206
7295,390
7296,1936
7297,390
7298,2129
7299,390
7300,2218
7301,390
7302,3789
7303,390
7304,3917
7305,3980
7306,731
7307,2492
7308,731
7309,3015
7310,731
7311,3641
7312,731
7313,3763
7314,731
7315,3959
7316,998
7317,1248
7318,998
7319,2329
7320,1206
7321,1653
7322,1206
7323,1827
7324,1936
7325,2056
7326,1936
7327,3326
7328,3917
7329,2776
7330,393
7331,3798
7332,3923
7333,1620
7334,3798
7335,3987
7336,395
7337,1772
7338,395
7339,2293
7340,730
7341,1661
7342,2700
7343,2369
7344,399
7345,2045
7346,2045
7347,835
7348,2045
7349,2829
7350,402
7351,1128
7352,403
7353,579
7354,403
7355,662
7356,662
7357,893
7358,662
7359,1570
7360,481
7361,1664
7362,405
7363,3558
7364,3558
7365,949
7366,3558
7367,3389
7368,1815
7369,1043
7370,1815
7371,2323
7372,1815
7373,2527
7374,1815
7375,3922
7376,2672
7377,492
7378,407
7379,1872
7380,407
7381,2767
7382,407
7383,3982
7384,1872
7385,1133
7386,3982
7387,3455
7388,1374
7389,1140
7390,2592
7391,2110
7392,410
7393,2604
7394,3524
7395,3697
7396,410
7397,2737
7398,3697
7399,1708
7400,1239
7401,919
7402,1239
7403,2189
7404,1351
7405,1674
7406,1351
7407,3255
7408,2397
7409,2966
7410,2397
7411,3597
7412,2623
7413,2125
7414,2717
7415,2836
7416,2982
7417,727
7418,2451
7419,897
7420,1767
7421,897
7422,2407
7423,1348
7424,431
7425,1348
7426,880
7427,1348
7428,2702
7429,1405
7430,3666
7431,3435
7432,3617
7433,3408
7434,778
7435,739
7436,457
7437,2350
7438,2708
7439,1043
7440,917
7441,1043
7442,1203
7443,1043
7444,3930
7445,598
7446,833
7447,749
7448,565
7449,925
7450,749
7451,1953
7452,749
7453,3269
7454,749
7455,3778
7456,862
7457,2484
7458,2639
7459,763
7460,430
7461,2500
7462,430
7463,3363
7464,2500
7465,790
7466,2500
7467,2854
7468,431
7469,4014
7470,4014
7471,2273
7472,4014
7473,3054
7474,755
7475,2787
7476,903
7477,996
7478,903
7479,1470
7480,903
7481,1894
7482,903
7483,2150
7484,903
7485,3416
7486,1338
7487,1753
7488,2998
7489,1610
7490,2998
7491,2224
7492,3003
7493,1157
7494,3003
7495,1484
7496,1538
7497,799
7498,2158
7499,2114
7500,3384
7501,572
7502,436
7503,867
7504,436
7505,2047
7506,902
7507,1260
7508,2124
7509,1753
7510,439
7511,2637
7512,439
7513,3380
7514,2098
7515,475
7516,2098
7517,1539
7518,2923
7519,3884
7520,556
7521,3125
7522,1326
7523,1885
7524,2018
7525,3176
7526,2018
7527,3291
7528,2018
7529,3815
7530,3844
7531,3731
7532,454
7533,1195
7534,454
7535,2862
7536,1195
7537,1521
7538,455
7539,2137
7540,2137
7541,948
7542,2137
7543,3280
7544,456
7545,1656
7546,456
7547,2873
7548,456
7549,3585
7550,2873
7551,546
7552,3585
7553,868
7554,3585
7555,1418
7556,3585
7557,1981
7558,2786
7559,3585
7560,2236
7561,3585
7562,2291
7563,3585
7564,2718
7565,3585
7566,3176
7567,3585
7568,3276
7569,3585
7570,3355
7571,3585
7572,3420
7573,3585
7574,3520
7575,3585
7576,3705
7577,3585
7578,3740
7579,3956
7580,3759
7581,457
7582,491
7583,457
7584,1834
7585,491
7586,786
7587,491
7588,2359
7589,1834
7590,2817
7591,1319
7592,1541
7593,2403
7594,1235
7595,2403
7596,3548
7597,2403
7598,3714
7599,475
7600,1655
7601,475
7602,2285
7603,475
7604,3086
7605,1655
7606,512
7607,1655
7608,1764
7609,1782
7610,1655
7611,2799
7612,2285
7613,2071
7614,2285
7615,2865
7616,2285
7617,3168
7618,907
7619,2748
7620,3596
7621,2394
7622,3596
7623,2784
7624,2511
7625,1542
7626,3714
7627,3636
7628,582
7629,3636
7630,774
7631,3636
7632,3629
7633,3636
7634,3662
7635,2615
7636,3672
7637,479
7638,707
7639,479
7640,1258
7641,479
7642,1971
7643,479
7644,3190
7645,479
7646,3455
7647,3824
7648,1258
7649,777
7650,1258
7651,3098
7652,1971
7653,1837
7654,3455
7655,3402
7656,809
7657,3754
7658,3262
7659,2054
7660,3262
7661,3315
7662,482
7663,871
7664,871
7665,2206
7666,2550
7667,2262
7668,2550
7669,2263
7670,2550
7671,3074
7672,2550
7673,3432
7674,2550
7675,3817
7676,490
7677,2573
7678,490
7679,3534
7680,2573
7681,1568
7682,3534
7683,1298
7684,3534
7685,1878
7686,786
7687,924
7688,493
7689,1468
7690,1218
7691,961
7692,2960
7693,2026
7694,2017
7695,2259
7696,3966
7697,2548
7698,1388
7699,1894
7700,2091
7701,1612
7702,2346
7703,1060
7704,2346
7705,1437
7706,2346
7707,1948
7708,667
7709,1898
7710,667
7711,3612
7712,896
7713,575
7714,1615
7715,1845
7716,1615
7717,3201
7718,1615
7719,3469
7720,510
7721,3426
7722,510
7723,3841
7724,3426
7725,3247
7726,3426
7727,3690
7728,3841
7729,910
7730,3841
7731,1257
7732,3841
7733,2509
7734,511
7735,1261
7736,511
7737,1663
7738,2908
7739,868
7740,3035
7741,914
7742,1912
7743,914
7744,3953
7745,523
7746,3825
7747,524
7748,1591
7749,1807
7750,1659
7751,1807
7752,3719
7753,2479
7754,664
7755,2479
7756,1549
7757,2856
7758,2479
7759,2449
7760,2479
7761,3072
7762,3252
7763,975
7764,3252
7765,1205
7766,3252
7767,1624
7768,3252
7769,3715
7770,527
7771,1476
7772,3449
7773,3197
7774,3449
7775,3224
7776,1839
7777,2382
7778,1449
7779,1185
7780,537
7781,946
7782,537
7783,1579
7784,537
7785,3745
7786,2034
7787,2303
7788,2034
7789,3234
7790,541
7791,1314
7792,1924
7793,1995
7794,2839
7795,2127
7796,923
7797,2127
7798,3501
7799,822
7800,2480
7801,3806
7802,2633
7803,555
7804,961
7805,555
7806,1359
7807,555
7808,3338
7809,1786
7810,1359
7811,1548
7812,1359
7813,3069
7814,1359
7815,3635
7816,3338
7817,1610
7818,593
7819,922
7820,2030
7821,1910
7822,2157
7823,3627
7824,3833
7825,925
7826,1125
7827,1170
7828,2222
7829,3538
7830,2507
7831,3887
7832,584
7833,573
7834,942
7835,2713
7836,942
7837,2584
7838,1545
7839,3717
7840,2713
7841,3717
7842,574
7843,1690
7844,1690
7845,1114
7846,1690
7847,3341
7848,764
7849,999
7850,764
7851,2159
7852,590
7853,597
7854,1856
7855,3889
7856,1143
7857,2100
7858,1143
7859,3334
7860,3260
7861,3712
7862,589
7863,1801
7864,2367
7865,2017
7866,750
7867,978
7868,750
7869,2257
7870,849
7871,2838
7872,1409
7873,1233
7874,2226
7875,3360
7876,2456
7877,2418
7878,2726
7879,2148
7880,2173
7881,3758
7882,3879
7883,2940
7884,2315
7885,3694
7886,2940
7887,2660
7888,2734
7889,1339
7890,2976
7891,3481
7892,2436
7893,2486
7894,620
7895,1904
7896,620
7897,3490
7898,3490
7899,1743
7900,624
7901,3657
7902,2208
7903,2642
7904,3681
7905,2208
7906,3679
7907,929
7908,3209
7909,1692
7910,975
7911,698
7912,993
7913,2986
7914,1108
7915,1604
7916,1168
7917,2753
7918,1186
7919,3460
7920,1213
7921,3587
7922,1353
7923,2725
7924,1741
7925,1885
7926,1843
7927,1899
7928,1892
7929,1968
7930,1892
7931,3714
7932,1892
7933,3992
7934,1953
7935,2849
7936,2062
7937,886
7938,2062
7939,1703
7940,2062
7941,1996
7942,2088
7943,3616
7944,2149
7945,1754
7946,2180
7947,2454
7948,2216
7949,3769
7950,2263
7951,2382
7952,2455
7953,1661
7954,3232
7955,3782
7956,2455
7957,1844
7958,2455
7959,1968
7960,2455
7961,2230
7962,2249
7963,2510
7964,3172
7965,2510
7966,3599
7967,2541
7968,2064
7969,2541
7970,2709
7971,2669
7972,3578
7973,2712
7974,1058
7975,3926
7976,2868
7977,1495
7978,2892
7979,3348
7980,2945
7981,2508
7982,2362
7983,2428
7984,2945
7985,2704
7986,2946
7987,787
7988,3155
7989,1490
7990,3395
7991,2271
7992,3395
7993,3494
7994,3552
7995,688
7996,3552
7997,3478
7998,3615
7999,2520
8000,3615
8001,2704
8002,3615
8003,3576
8004,3656
8005,3149
8006,3671
8007,3134
8008,3686
8009,1975
8010,3686
8011,2640
8012,3686
8013,3925
8014,3757
8015,3580
8016,3807
8017,1159
8018,2859
8019,1454
8020,2705
8021,1494
8022,2705
8023,3377
8024,3354
8025,681
8026,3354
8027,3854
8028,3548
8029,2083
8030,734
8031,3144
8032,798
8033,999
8034,636
8035,1130
8036,640
8037,1376
8038,1376
8039,1030
8040,1376
8041,1224
8042,1778
8043,891
8044,642
8045,3295
8046,2791
8047,1829
8048,2631
8049,1333
8050,3118
8051,3139
8052,1565
8053,2126
8054,653
8055,3466
8056,3466
8057,3839
8058,1252
8059,1034
8060,1252
8061,3811
8062,1746
8063,689
8064,1746
8065,1392
8066,1746
8067,3472
8068,1916
8069,1068
8070,1916
8071,1178
8072,3453
8073,2172
8074,3531
8075,924
8076,1368
8077,2718
8078,1629
8079,785
8080,1629
8081,1089
8082,658
8083,776
8084,658
8085,2029
8086,2029
8087,2021
8088,659
8089,855
8090,661
8091,3245
8092,661
8093,3532
8094,3245
8095,1303
8096,3532
8097,2815
8098,893
8099,3090
8100,2246
8101,3974
8102,3612
8103,1685
8104,3612
8105,3242
8106,668
8107,3048
8108,2206
8109,1889
8110,2206
8111,2002
8112,2206
8113,3181
8114,3946
8115,2423
8116,3943
8117,2530
8118,1635
8119,924
8120,1254
8121,924
8122,3367
8123,924
8124,3916
8125,3912
8126,2778
8127,3912
8128,2959
8129,954
8130,1525
8131,954
8132,2015
8133,2804
8134,2093
8135,692
8136,945
8137,945
8138,1332
8139,945
8140,3760
8141,1969
8142,2659
8143,1969
8144,3707
8145,3041
8146,2139
8147,696
8148,3301
8149,3301
8150,1889
8151,697
8152,1061
8153,710
8154,2718
8155,710
8156,3431
8157,1205
8158,1249
8159,2968
8160,2412
8161,2498
8162,2466
8163,3357
8164,1246
8165,2295
8166,2375
8167,3479
8168,2295
8169,3456
8170,2295
8171,3770
8172,3183
8173,1200
8174,3692
8175,1437
8176,2306
8177,2154
8178,1244
8179,2093
8180,1270
8181,2108
8182,1651
8183,3346
8184,2138
8185,3364
8186,2138
8187,3641
8188,721
8189,1144
8190,721
8191,3077
8192,722
8193,828
8194,828
8195,1035
8196,828
8197,1271
8198,828
8199,2720
8200,828
8201,2877
8202,828
8203,2888
8204,828
8205,3055
8206,2041
8207,2492
8208,3444
8209,3015
8210,3087
8211,3015
8212,3526
8213,3641
8214,3170
8215,3352
8216,3763
8217,3326
8218,996
8219,1813
8220,1873
8221,1938
8222,2388
8223,3763
8224,2588
8225,3763
8226,2614
8227,2505
8228,3763
8229,3328
8230,3959
8231,3965
8232,1711
8233,2489
8234,3703
8235,3928
8236,1860
8237,1080
8238,2223
8239,3851
8240,3964
8241,1072
8242,1147
8243,3330
8244,1829
8245,3446
8246,1829
8247,4005
8248,1987
8249,1575
8250,2963
8251,1437
8252,745
8253,857
8254,921
8255,2252
8256,2308
8257,3152
8258,1071
8259,3026
8260,2382
8261,2395
8262,934
8263,3213
8264,761
8265,1624
8266,1899
8267,761
8268,2259
8269,1624
8270,1864
8271,1876
8272,1624
8273,2115
8274,2596
8275,2655
8276,1624
8277,3927
8278,2259
8279,2182
8280,1366
8281,772
8282,2379
8283,781
8284,2996
8285,2996
8286,2219
8287,783
8288,926
8289,2898
8290,783
8291,3220
8292,2898
8293,3031
8294,789
8295,1001
8296,790
8297,1124
8298,1081
8299,3559
8300,1230
8301,3396
8302,3475
8303,3148
8304,804
8305,1276
8306,805
8307,1611
8308,1523
8309,1650
8310,807
8311,2895
8312,2895
8313,2867
8314,2895
8315,3108
8316,810
8317,2242
8318,810
8319,2331
8320,810
8321,3081
8322,810
8323,3586
8324,810
8325,3608
8326,810
8327,3962
8328,1937
8329,1811
8330,812
8331,3891
8332,2025
8333,1178
8334,1891
8335,1178
8336,2076
8337,1638
8338,2438
8339,2480
8340,2110
8341,825
8342,1694
8343,2524
8344,2164
8345,1271
8346,1036
8347,2877
8348,1894
8349,2877
8350,3933
8351,2888
8352,2896
8353,2888
8354,2969
8355,2888
8356,3328
8357,2366
8358,3055
8359,3902
8360,830
8361,3451
8362,831
8363,979
8364,831
8365,1531
8366,831
8367,2153
8368,2538
8369,3781
8370,831
8371,3951
8372,979
8373,3184
8374,2422
8375,3559
8376,1800
8377,2521
8378,3907
8379,835
8380,2686
8381,835
8382,3368
8383,3801
8384,1648
8385,1595
8386,1437
8387,2183
8388,3836
8389,2922
8390,990
8391,2922
8392,1006
8393,2922
8394,2474
8395,3440
8396,3095
8397,853
8398,2926
8399,2926
8400,2703
8401,1532
8402,1619
8403,1184
8404,3097
8405,1197
8406,2250
8407,1226
8408,1323
8409,1226
8410,1947
8411,1226
8412,2890
8413,1226
8414,2982
8415,1428
8416,1158
8417,2228
8418,1691
8419,2228
8420,1758
8421,2645
8422,3573
8423,2645
8424,3816
8425,2645
8426,4017
8427,3176
8428,3093
8429,3176
8430,3823
8431,3199
8432,2024
8433,3341
8434,3150
8435,3341
8436,3546
8437,3341
8438,3606
8439,3675
8440,2329
8441,3994
8442,1358
8443,870
8444,2075
8445,881
8446,1823
8447,1823
8448,1730
8449,4006
8450,1732
8451,1964
8452,3063
8453,3237
8454,3699
8455,2238
8456,3699
8457,3452
8458,1267
8459,1831
8460,2172
8461,1267
8462,2779
8463,891
8464,1471
8465,1471
8466,2053
8467,895
8468,2742
8469,2742
8470,3559
8471,2742
8472,4010
8473,1767
8474,1401
8475,898
8476,900
8477,1360
8478,1360
8479,1626
8480,2163
8481,3098
8482,1360
8483,1803
8484,2282
8485,1360
8486,2537
8487,1360
8488,2729
8489,1360
8490,3902
8491,1391
8492,2876
8493,3866
8494,3353
8495,1894
8496,1437
8497,1894
8498,3738
8499,3416
8500,2333
8501,3416
8502,3738
8503,3846
8504,1952
8505,2234
8506,3846
8507,2628
8508,1096
8509,1825
8510,3871
8511,3953
8512,2060
8513,3953
8514,2163
8515,3953
8516,2900
8517,3953
8518,3571
8519,919
8520,2290
8521,1013
8522,1729
8523,3916
8524,2012
8525,927
8526,2286
8527,927
8528,3467
8529,3467
8530,2544
8531,933
8532,1989
8533,1989
8534,2338
8535,2897
8536,3835
8537,1181
8538,2083
8539,1181
8540,3131
8541,2264
8542,3854
8543,2584
8544,2593
8545,2584
8546,3141
8547,943
8548,3987
8549,944
8550,3387
8551,1568
8552,2440
8553,1568
8554,2585
8555,1568
8556,2740
8557,1568
8558,2860
8559,1568
8560,2930
8561,1568
8562,3030
8563,1568
8564,3123
8565,1568
8566,3358
8567,1568
8568,3515
8569,1568
8570,3749
8571,1332
8572,3709
8573,1919
8574,3234
8575,2004
8576,1658
8577,2004
8578,1733
8579,3751
8580,3934
8581,3760
8582,3248
8583,950
8584,1725
8585,1725
8586,2769
8587,1725
8588,3483
8589,1525
8590,2118
8591,3428
8592,2651
8593,3428
8594,3211
8595,959
8596,3727
8597,962
8598,2262
8599,964
8600,1628
8601,1670
8602,1737
8603,1975
8604,2196
8605,1975
8606,2478
8607,3184
8608,2122
8609,3184
8610,3834
8611,1134
8612,2609
8613,1266
8614,2073
8615,2353
8616,1617
8617,1094
8618,3236
8619,1617
8620,3610
8621,1798
8622,2776
8623,2319
8624,2516
8625,1004
8626,3412
8627,3640
8628,3412
8629,1010
8630,2003
8631,2003
8632,2883
8633,1729
8634,2499
8635,1369
8636,3333
8637,1410
8638,2714
8639,1649
8640,3162
8641,1726
8642,2248
8643,2201
8644,2074
8645,3598
8646,1092
8647,1025
8648,1804
8649,1032
8650,1855
8651,3159
8652,1032
8653,2698
8654,2698
8655,3381
8656,1033
8657,1794
8658,1040
8659,2638
8660,2903
8661,2463
8662,2638
8663,2803
8664,2703
8665,2345
8666,2703
8667,2361
8668,2803
8669,3027
8670,3043
8671,2703
8672,3463
8673,2903
8674,2647
8675,1041
8676,1640
8677,1753
8678,3234
8679,1753
8680,3767
8681,1978
8682,1818
8683,1058
8684,1076
8685,2579
8686,1758
8687,2575
8688,3361
8689,3089
8690,2870
8691,3089
8692,3469
8693,1065
8694,3106
8695,3379
8696,3106
8697,3828
8698,1938
8699,1507
8700,2523
8701,1072
8702,2366
8703,1571
8704,2744
8705,2010
8706,1974
8707,2010
8708,4008
8709,2348
8710,3797
8711,2366
8712,2588
8713,2366
8714,3738
8715,2969
8716,2516
8717,3726
8718,3236
8719,1758
8720,2360
8721,1079
8722,1652
8723,3559
8724,1275
8725,3559
8726,2676
8727,3559
8728,3743
8729,1272
8730,1387
8731,1272
8732,1667
8733,1090
8734,3735
8735,3735
8736,3529
8737,1094
8738,1324
8739,1094
8740,3406
8741,3871
8742,3146
8743,3487
8744,3059
8745,3487
8746,3325
8747,3487
8748,3459
8749,1102
8750,3413
8751,3413
8752,1866
8753,3413
8754,2676
8755,1106
8756,1291
8757,1106
8758,2798
8759,1106
8760,3452
8761,2798
8762,1928
8763,1114
8764,2234
8765,1114
8766,2820
8767,2234
8768,3590
8769,2234
8770,3629
8771,1115
8772,2423
8773,1689
8774,2093
8775,1133
8776,3085
8777,3523
8778,3407
8779,3780
8780,2093
8781,1140
8782,1502
8783,1140
8784,3229
8785,1140
8786,3716
8787,3229
8788,1814
8789,3229
8790,4003
8791,3716
8792,1821
8793,3716
8794,2912
8795,3716
8796,3499
8797,3679
8798,2061
8799,3679
8800,2114
8801,1159
8802,1828
8803,1161
8804,1394
8805,1161
8806,1421
8807,1161
8808,2502
8809,1161
8810,2794
8811,1394
8812,3108
8813,1421
8814,3108
8815,2502
8816,3193
8817,2794
8818,1363
8819,2794
8820,2867
8821,1163
8822,3857
8823,1529
8824,1403
8825,3827
8826,3813
8827,3383
8828,2076
8829,3383
8830,2187
8831,3383
8832,2445
8833,3383
8834,2544
8835,3383
8836,3845
8837,1166
8838,2020
8839,2020
8840,2324
8841,1174
8842,2340
8843,1174
8844,3205
8845,1174
8846,3345
8847,1174
8848,3831
8849,1182
8850,1436
8851,1436
8852,3407
8853,1187
8854,2068
8855,1521
8856,1838
8857,1198
8858,2525
8859,1199
8860,2860
8861,1199
8862,2970
8863,2860
8864,2743
8865,2860
8866,2949
8867,1200
8868,2647
8869,1827
8870,3472
8871,1211
8872,1315
8873,1315
8874,2125
8875,1315
8876,3091
8877,1482
8878,3062
8879,1482
8880,3212
8881,1482
8882,3756
8883,2251
8884,2543
8885,3624
8886,1220
8887,1592
8888,1323
8889,1905
8890,2890
8891,2301
8892,1229
8893,2376
8894,2967
8895,2376
8896,1504
8897,2376
8898,2648
8899,2376
8900,3263
8901,2376
8902,3290
8903,1233
8904,1848
8905,2226
8906,3435
8907,1238
8908,2035
8909,3335
8910,2035
8911,3868
8912,1241
8913,2878
8914,2345
8915,2846
8916,1246
8917,3996
8918,3996
8919,3669
8920,1251
8921,1472
8922,3098
8923,3744
8924,3130
8925,3634
8926,2172
8927,3004
8928,1632
8929,1437
8930,2793
8931,1330
8932,3992
8933,1467
8934,2351
8935,1835
8936,3279
8937,3998
8938,1282
8939,2788
8940,2788
8941,2294
8942,1289
8943,3417
8944,3417
8945,2440
8946,1294
8947,2818
8948,1301
8949,3122
8950,1301
8951,3247
8952,3247
8953,2710
8954,3900
8955,2870
8956,3037
8957,3900
8958,3307
8959,3900
8960,3308
8961,1309
8962,2795
8963,1317
8964,2297
8965,1317
8966,2546
8967,1885
8968,1993
8969,1885
8970,2404
8971,1885
8972,2871
8973,1885
8974,2876
8975,1334
8976,1958
8977,1335
8978,2337
8979,2337
8980,3907
8981,1950
8982,2714
8983,3502
8984,1347
8985,2643
8986,2643
8987,3464
8988,1350
8989,1528
8990,1350
8991,2187
8992,1350
8993,2384
8994,2187
8995,2131
8996,1674
8997,2255
8998,1674
8999,3535
9000,3902
9001,1609
9002,2659
9003,3629
9004,1968
9005,2632
9006,3333
9007,1535
9008,3333
9009,3493
9010,1614
9011,2021
9012,2585
9013,1760
9014,3650
9015,1412
9016,2181
9017,1400
9018,1939
9019,3349
9020,1939
9021,2651
9022,2317
9023,2310
9024,1536
9025,1878
9026,1536
9027,2233
9028,1536
9029,2483
9030,1599
9031,3505
9032,1730
9033,2336
9034,1434
9035,3385
9036,3407
9037,3631
9038,1438
9039,3747
9040,2959
9041,3629
9042,1465
9043,3676
9044,2827
9045,3868
9046,3877
9047,4007
9048,1572
9049,3264
9050,2147
9051,2008
9052,3238
9053,2339
9054,3197
9055,4015
9056,2443
9057,2195
9058,2443
9059,2280
9060,2443
9061,3565
9062,3212
9063,2625
9064,1501
9065,3025
9066,3025
9067,1569
9068,3771
9069,2589
9070,3771
9071,3296
9072,2722
9073,3717
9074,2722
9075,3723
9076,1517
9077,1745
9078,1517
9079,1870
9080,1517
9081,2195
9082,1517
9083,2544
9084,1870
9085,2887
9086,1527
9087,3828
9088,2370
9089,2633
9090,3944
9091,2633
9092,1902
9093,2823
9094,3717
9095,2536
9096,1551
9097,2011
9098,3569
9099,1895
9100,3569
9101,3897
9102,1555
9103,2211
9104,1562
9105,2417
9106,1562
9107,3991
9108,3991
9109,2270
9110,3991
9111,2413
9112,3981
9113,2126
9114,3049
9115,2930
9116,3427
9117,3123
9118,3060
9119,2744
9120,2505
9121,2744
9122,3441
9123,1574
9124,2111
9125,2760
9126,2858
9127,1609
9128,2066
9129,3685
9130,3972
9131,3859
9132,3685
9133,3742
9134,2977
9135,1612
9136,2783
9137,1845
9138,2352
9139,3469
9140,3936
9141,1899
9142,3006
9143,1864
9144,3800
9145,2115
9146,2268
9147,2115
9148,3480
9149,1630
9150,3005
9151,1637
9152,3904
9153,2799
9154,1994
9155,2303
9156,2165
9157,2303
9158,3294
9159,1668
9160,3564
9161,3564
9162,3178
9163,3564
9164,3779
9165,1682
9166,3561
9167,3561
9168,2881
9169,1683
9170,3590
9171,2221
9172,2273
9173,3149
9174,3375
9175,1686
9176,3800
9177,1925
9178,2948
9179,1705
9180,2273
9181,1705
9182,2427
9183,1705
9184,3158
9185,2427
9186,2664
9187,1707
9188,3650
9189,3650
9190,2941
9191,3654
9192,3237
9193,2619
9194,1837
9195,2619
9196,2582
9197,3028
9198,3281
9199,3051
9200,3028
9201,3373
9202,3028
9203,3513
9204,3028
9205,3785
9206,3623
9207,3777
9208,3327
9209,2001
9210,2352
9211,3843
9212,1721
9213,2344
9214,1738
9215,2699
9216,2699
9217,2654
9218,2699
9219,4013
9220,1743
9221,3995
9222,3995
9223,2654
9224,1744
9225,1945
9226,1744
9227,2693
9228,1744
9229,3128
9230,1945
9231,2409
9232,3128
9233,2664
9234,1760
9235,2681
9236,1761
9237,3616
9238,2170
9239,3555
9240,1770
9241,2031
9242,2031
9243,3575
9244,1779
9245,2252
9246,3907
9247,3788
9248,2107
9249,2774
9250,2817
9251,3099
9252,1932
9253,3244
9254,3541
9255,2802
9256,3078
9257,1992
9258,1866
9259,4000
9260,2887
9261,3986
9262,1884
9263,2032
9264,3411
9265,3509
9266,2523
9267,2435
9268,3714
9269,2368
9270,3714
9271,3257
9272,3714
9273,3350
9274,3714
9275,3742
9276,3738
9277,2764
9278,1900
9279,3381
9280,1900
9281,3701
9282,1900
9283,3817
9284,3701
9285,2383
9286,1923
9287,2843
9288,1923
9289,3645
9290,1929
9291,2071
9292,2071
9293,2900
9294,3589
9295,3326
9296,2063
9297,1942
9298,2520
9299,1948
9300,3567
9301,2430
9302,2176
9303,3323
9304,4023
9305,2849
9306,2503
9307,2526
9308,2849
9309,2553
9310,2478
9311,3161
9312,1981
9313,3370
9314,2338
9315,2812
9316,3646
9317,2670
9318,1992
9319,3952
9320,3938
9321,2239
9322,1999
9323,2191
9324,2001
9325,2387
9326,3589
9327,2507
9328,4008
9329,3110
9330,2362
9331,3618
9332,2545
9333,2605
9334,2545
9335,3104
9336,2027
9337,3054
9338,3054
9339,4013
9340,3868
9341,2806
9342,2040
9343,3375
9344,2043
9345,2551
9346,3655
9347,2476
9348,3019
9349,2354
9350,3019
9351,3010
9352,3019
9353,3473
9354,2063
9355,2563
9356,2900
9357,3076
9358,2900
9359,3839
9360,2072
9361,3103
9362,2072
9363,4009
9364,2353
9365,3285
9366,2353
9367,3399
9368,2110
9369,3351
9370,3480
9371,3206
9372,2120
9373,2901
9374,2901
9375,2446
9376,2123
9377,3990
9378,2128
9379,2339
9380,2130
9381,3583
9382,2131
9383,2399
9384,2131
9385,3332
9386,3223
9387,2448
9388,3659
9389,2855
9390,2145
9391,3308
9392,3549
9393,3456
9394,2178
9395,2855
9396,2855
9397,2869
9398,3893
9399,3314
9400,2589
9401,3804
9402,2589
9403,3832
9404,3836
9405,4010
9406,2503
9407,3082
9408,2236
9409,3861
9410,2244
9411,3303
9412,3303
9413,2463
9414,3152
9415,2332
9416,2266
9417,2990
9418,3573
9419,3816
9420,2814
9421,2294
9422,2801
9423,3525
9424,2294
9425,3202
9426,2298
9427,3790
9428,3790
9429,2318
9430,2302
9431,2709
9432,2310
9433,3147
9434,2313
9435,2587
9436,2314
9437,2327
9438,3973
9439,3067
9440,3973
9441,3894
9442,2328
9443,2711
9444,2328
9445,3172
9446,2333
9447,3746
9448,3285
9449,4012
9450,3399
9451,4012
9452,2361
9453,2446
9454,2361
9455,3932
9456,2553
9457,3971
9458,2383
9459,2588
9460,3374
9461,2588
9462,3488
9463,2375
9464,3522
9465,2405
9466,3143
9467,3143
9468,2999
9469,2420
9470,3617
9471,2421
9472,2577
9473,2421
9474,3852
9475,2538
9476,3562
9477,2424
9478,3401
9479,3401
9480,3224
9481,2428
9482,2620
9483,2428
9484,3203
9485,2553
9486,3442
9487,2553
9488,3978
9489,2434
9490,3225
9491,3225
9492,3822
9493,3225
9494,3993
9495,3221
9496,3405
9497,2448
9498,2465
9499,2453
9500,3366
9501,3366
9502,3017
9503,2460
9504,3688
9505,2673
9506,3404
9507,2803
9508,3080
9509,3027
9510,3287
9511,3027
9512,3885
9513,3043
9514,2972
9515,2470
9516,2517
9517,2517
9518,2724
9519,2477
9520,2487
9521,3528
9522,3165
9523,2616
9524,3550
9525,2854
9526,2811
9527,2854
9528,3393
9529,2512
9530,3139
9531,2512
9532,3870
9533,2536
9534,2997
9535,2605
9536,3752
9537,2561
9538,2882
9539,2580
9540,2939
9541,2939
9542,2607
9543,3909
9544,2939
9545,3093
9546,3488
9547,3732
9548,3909
9549,3340
9550,3920
9551,3115
9552,2618
9553,3447
9554,3447
9555,3457
9556,2625
9557,2831
9558,2625
9559,2931
9560,2625
9561,3704
9562,3178
9563,3660
9564,2719
9565,3571
9566,4010
9567,3774
9568,3742
9569,3881
9570,3167
9571,3698
9572,2816
9573,3504
9574,2823
9575,4024
9576,2852
9577,3362
9578,2852
9579,3459
9580,3393
9581,3109
9582,2879
9583,3669
9584,2902
9585,3113
9586,3321
9587,3945
9588,3321
9589,3419
9590,3945
9591,3126
9592,3093
9593,3350
9594,2951
9595,3419
9596,3419
9597,2991
9598,3419
9599,3071
9600,3419
9601,3126
9602,3419
9603,3171
9604,3419
9605,3194
9606,3419
9607,3581
9608,2971
9609,3171
9610,3859
9611,3731
9612,2978
9613,3224
9614,2991
9615,3218
9616,3988
9617,3513
9618,3753
9619,3029
9620,3530
9621,3530
9622,3206
9623,3046
9624,3350
9625,3059
9626,3070
9627,3060
9628,3454
9629,3150
9630,3207
9631,3170
9632,3975
9633,3660
9634,3908
9635,3196
9636,3546
9637,3405
9638,3556
9639,3250
9640,3325
9641,3307
9642,3409
9643,3307
9644,3448
9645,3307
9646,3696
9647,3371
9648,3879
9649,3845
9650,3906
9651,3845
9652,3913
9653,3690
9654,3741
9655,3779
9656,3772
9657,3591
9658,3881
