0,1
1,21
2,48
3,55
4,66
5,67
6,68
7,84
8,85
9,109
10,128
11,1
12,134
13,152
14,162
15,218
16,1
17,240
18,267
19,1
20,341
21,387
22,398
23,466
24,552
25,641
26,734
27,811
28,869
29,929
30,1141
31,1209
32,1307
33,1378
34,1656
35,1681
36,1978
37,1
38,3531
39,3716
40,5
41,7
42,18
43,37
44,38
45,49
46,51
47,58
48,75
49,96
50,108
51,119
52,122
53,146
54,177
55,21
56,263
57,21
58,334
59,385
60,21
61,455
62,625
63,673
64,829
65,21
66,888
67,976
68,21
69,1063
70,1676
71,3008
72,3120
73,3239
74,21
75,3261
76,3344
77,3521
78,48
79,17
80,20
81,100
82,115
83,173
84,265
85,940
86,1486
87,2056
88,3725
89,272
90,55
91,776
92,60
93,80
94,136
95,394
96,465
97,1852
98,2419
99,2572
100,2970
101,3576
102,4
103,71
104,67
105,201
106,380
107,546
108,561
109,697
110,765
111,776
112,922
113,941
114,1051
115,1198
116,1236
117,1324
118,1406
119,1589
120,1950
121,2074
122,2094
123,2128
124,2139
125,2219
126,2292
127,2689
128,67
129,2756
130,3204
131,3316
132,101
133,269
134,68
135,505
136,845
137,969
138,999
139,1173
140,1700
141,2746
142,2952
143,3330
144,551
145,1581
146,2498
147,3379
148,14
149,39
150,53
151,216
152,331
153,664
154,722
155,836
156,1577
157,3117
158,3664
159,43
160,107
161,128
162,273
163,134
164,91
165,93
166,138
167,393
168,645
169,134
170,673
171,134
172,1171
173,2640
174,200
175,152
176,212
177,252
178,346
179,399
180,661
181,817
182,1348
183,1575
184,2100
185,152
186,2108
187,2995
188,3268
189,3772
190,3773
191,162
192,161
193,277
194,437
195,853
196,1411
197,1550
198,1667
199,218
200,218
201,101
202,218
203,240
204,240
205,92
206,240
207,116
208,240
209,273
210,571
211,804
212,240
213,968
214,994
215,1316
216,240
217,1745
218,1782
219,240
220,1988
221,240
222,2376
223,240
224,2570
225,2730
226,240
227,2891
228,267
229,435
230,267
231,601
232,267
233,955
234,1145
235,1429
236,267
237,1716
238,2233
239,267
240,2660
241,267
242,3789
243,267
244,3902
245,341
246,16
247,341
248,154
249,426
250,626
251,1166
252,1187
253,341
254,1649
255,2012
256,361
257,387
258,1769
259,30
260,398
261,405
262,466
263,339
264,466
265,450
266,552
267,456
268,1193
269,3522
270,3897
271,641
272,992
273,1376
274,2819
275,3678
276,2084
277,3349
278,3754
279,50
280,135
281,151
282,205
283,213
284,355
285,361
286,397
287,413
288,479
289,761
290,781
291,825
292,1065
293,1848
294,1874
295,1971
296,2030
297,2175
298,2802
299,2919
300,2920
301,869
302,507
303,543
304,869
305,2549
306,3534
307,929
308,63
309,1858
310,1141
311,1334
312,1141
313,1361
314,1209
315,919
316,1307
317,115
318,732
319,1307
320,2306
321,1378
322,768
323,1378
324,1121
325,1775
326,1656
327,46
328,1656
329,455
330,1656
331,2253
332,787
333,1681
334,1429
335,2320
336,224
337,464
338,896
339,1631
340,2963
341,3531
342,511
343,3716
344,3716
345,10
346,103
347,248
348,428
349,443
350,557
351,3716
352,705
353,3716
354,831
355,1122
356,1538
357,2506
358,2776
359,2999
360,3268
361,2
362,29
363,29
364,32
365,172
366,29
367,351
368,1022
369,3
370,3
371,2385
372,59
373,435
374,252
375,440
376,442
377,461
378,468
379,549
380,683
381,2944
382,3568
383,3666
384,3680
385,661
386,270
387,2385
388,1685
389,4
390,8
391,362
392,363
393,4
394,492
395,992
396,1179
397,2976
398,3432
399,12
400,33
401,41
402,42
403,94
404,120
405,129
406,212
407,238
408,260
409,338
410,343
411,345
412,444
413,454
414,538
415,582
416,603
417,654
418,687
419,700
420,701
421,715
422,762
423,764
424,771
425,807
426,827
427,5
428,1093
429,1223
430,1764
431,1788
432,2743
433,3048
434,3188
435,3458
436,3699
437,8
438,9
439,98
440,8
441,122
442,157
443,160
444,8
445,185
446,232
447,241
448,287
449,8
450,668
451,782
452,784
453,915
454,1840
455,2025
456,3522
457,3687
458,127
459,196
460,217
461,516
462,14
463,714
464,870
465,14
466,880
467,1027
468,1395
469,14
470,2025
471,3847
472,15
473,92
474,113
475,156
476,179
477,187
478,364
479,448
480,733
481,805
482,919
483,1114
484,1195
485,1780
486,2013
487,177
488,2041
489,2256
490,2653
491,2660
492,2668
493,177
494,2844
495,177
496,3234
497,333
498,1085
499,1129
500,1723
501,31
502,79
503,210
504,424
505,624
506,904
507,1397
508,3066
509,3860
510,125
511,724
512,224
513,730
514,224
515,895
516,913
517,1409
518,1494
519,1844
520,2046
521,2105
522,2204
523,224
524,2486
525,2584
526,3163
527,54
528,331
529,207
530,392
531,402
532,440
533,471
534,545
535,716
536,718
537,757
538,777
539,331
540,933
541,1062
542,1292
543,331
544,2106
545,2339
546,2444
547,62
548,90
549,362
550,284
551,303
552,502
553,362
554,667
555,750
556,963
557,1029
558,1037
559,1127
560,1264
561,1300
562,362
563,1358
564,1526
565,1652
566,3148
567,3398
568,3645
569,417
570,420
571,427
572,363
573,2570
574,492
575,99
576,492
577,127
578,436
579,492
580,1200
581,81
582,105
583,368
584,697
585,418
586,556
587,688
588,828
589,1170
590,1238
591,697
592,1316
593,1418
594,1650
595,1683
596,1733
597,2092
598,2326
599,2407
600,2529
601,2575
602,2609
603,3030
604,697
605,3129
606,3162
607,3332
608,3682
609,3730
610,3919
611,672
612,1799
613,722
614,2807
615,34
616,836
617,186
618,296
619,456
620,484
621,717
622,889
623,836
624,1018
625,1044
626,1392
627,2193
628,3009
629,3715
630,713
631,992
632,903
633,1660
634,1948
635,2344
636,2757
637,2782
638,992
639,3516
640,1179
641,1696
642,132
643,192
644,302
645,327
646,350
647,1042
648,1125
649,1301
650,1314
651,1236
652,1333
653,1348
654,1400
655,1236
656,1412
657,1419
658,1583
659,1619
660,1745
661,1867
662,1883
663,2154
664,2258
665,2310
666,3523
667,1406
668,744
669,143
670,2689
671,685
672,706
673,742
674,751
675,2689
676,995
677,1278
678,1456
679,2689
680,2123
681,2314
682,2383
683,2689
684,2513
685,2839
686,3814
687,2976
688,1322
689,685
690,852
691,1005
692,2897
693,703
694,36
695,3664
696,581
697,3664
698,1322
699,1429
700,3664
701,1843
702,40
703,123
704,139
705,12
706,663
707,669
708,12
709,763
710,1009
711,1516
712,1737
713,12
714,2500
715,12
716,2690
717,3045
718,12
719,3605
720,20
721,215
722,649
723,20
724,663
725,727
726,1164
727,1295
728,1808
729,20
730,1893
731,2491
732,20
733,2624
734,3064
735,3235
736,20
737,3589
738,20
739,3720
740,306
741,1659
742,1972
743,2018
744,2987
745,3786
746,33
747,195
748,349
749,1857
750,3371
751,792
752,1133
753,305
754,679
755,1168
756,42
757,2162
758,42
759,3192
760,42
761,3398
762,602
763,1308
764,94
765,167
766,421
767,94
768,455
769,525
770,94
771,716
772,978
773,1009
774,94
775,1746
776,94
777,1923
778,3750
779,96
780,59
781,180
782,317
783,358
784,96
785,478
786,520
787,810
788,1174
789,1953
790,111
791,166
792,307
793,634
794,919
795,2005
796,129
797,129
798,247
799,129
800,2431
801,534
802,636
803,1053
804,1109
805,1309
806,1388
807,203
808,1150
809,3314
810,265
811,215
812,831
813,265
814,893
815,3736
816,329
817,888
818,1231
819,1369
820,1449
821,1666
822,2972
823,3271
824,3792
825,343
826,1009
827,3303
828,3876
829,293
830,483
831,2226
832,538
833,433
834,493
835,168
836,290
837,594
838,1094
839,1630
840,582
841,2263
842,301
843,270
844,386
845,654
846,1354
847,1426
848,654
849,1483
850,1652
851,234
852,700
853,271
854,431
855,1385
856,1773
857,2581
858,3069
859,3206
860,3265
861,204
862,701
863,237
864,1621
865,3253
866,715
867,745
868,1311
869,2434
870,2847
871,715
872,3645
873,762
874,337
875,762
876,861
877,2048
878,2598
879,711
880,1612
881,3072
882,623
883,749
884,976
885,674
886,976
887,3522
888,994
889,69
890,994
891,219
892,1391
893,2042
894,1093
895,1992
896,1093
897,2558
898,2586
899,1223
900,196
901,56
902,1486
903,425
904,1393
905,1509
906,1486
907,1801
908,1764
909,510
910,846
911,3409
912,1443
913,506
914,1874
915,636
916,70
917,452
918,805
919,1770
920,1983
921,2489
922,2666
923,2717
924,1971
925,3009
926,2743
927,151
928,2743
929,1350
930,2802
931,714
932,1446
933,1524
934,2802
935,1773
936,3048
937,474
938,3048
939,1464
940,3048
941,1700
942,3188
943,239
944,194
945,451
946,501
947,676
948,3458
949,1354
950,1428
951,3458
952,2624
953,3572
954,3521
955,72
956,3521
957,446
958,533
959,3521
960,539
961,1213
962,3521
963,1861
964,3521
965,2133
966,2673
967,2843
968,2884
969,3031
970,3260
971,3590
972,6
973,542
974,544
975,755
976,1178
977,52
978,7
979,184
980,186
981,7
982,214
983,285
984,1258
985,1520
986,7
987,1901
988,2596
989,11
990,531
991,711
992,51
993,747
994,2779
995,3216
996,28
997,81
998,268
999,279
1000,340
1001,58
1002,382
1003,58
1004,438
1005,590
1006,747
1007,748
1008,821
1009,1470
1010,1521
1011,58
1012,1836
1013,58
1014,3059
1015,58
1016,3218
1017,3390
1018,22
1019,77
1020,225
1021,1559
1022,137
1023,100
1024,1309
1025,2306
1026,27
1027,330
1028,739
1029,1066
1030,1819
1031,2799
1032,2942
1033,3202
1034,107
1035,3290
1036,151
1037,525
1038,151
1039,529
1040,573
1041,151
1042,619
1043,151
1044,1390
1045,1829
1046,3412
1047,151
1048,3637
1049,184
1050,184
1051,229
1052,686
1053,184
1054,184
1055,1548
1056,3505
1057,593
1058,2302
1059,285
1060,656
1061,1855
1062,285
1063,2463
1064,285
1065,2677
1066,227
1067,329
1068,2356
1069,118
1070,393
1071,430
1072,393
1073,2841
1074,393
1075,3736
1076,426
1077,171
1078,426
1079,188
1080,222
1081,261
1082,519
1083,1528
1084,426
1085,2747
1086,3144
1087,426
1088,3392
1089,558
1090,730
1091,1115
1092,1169
1093,443
1094,1277
1095,3226
1096,660
1097,927
1098,673
1099,3310
1100,394
1101,772
1102,810
1103,1355
1104,2928
1105,1258
1106,188
1107,282
1108,678
1109,1386
1110,142
1111,1332
1112,2596
1113,3724
1114,155
1115,585
1116,1364
1117,1715
1118,2217
1119,2405
1120,2794
1121,3182
1122,3597
1123,9
1124,292
1125,567
1126,576
1127,9
1128,9
1129,795
1130,882
1131,892
1132,9
1133,1740
1134,1916
1135,2122
1136,9
1137,2263
1138,9
1139,2426
1140,2446
1141,2786
1142,9
1143,2913
1144,2974
1145,3152
1146,9
1147,3406
1148,3535
1149,3703
1150,3913
1151,18
1152,80
1153,193
1154,18
1155,199
1156,18
1157,258
1158,18
1159,406
1160,18
1161,545
1162,18
1163,1129
1164,18
1165,1181
1166,18
1167,1190
1168,1327
1169,18
1170,1543
1171,18
1172,1639
1173,18
1174,1640
1175,18
1176,1715
1177,18
1178,1797
1179,18
1180,2359
1181,18
1182,2844
1183,18
1184,2847
1185,2948
1186,18
1187,2990
1188,1814
1189,2028
1190,130
1191,847
1192,1120
1193,1130
1194,1479
1195,53
1196,126
1197,53
1198,479
1199,494
1200,647
1201,53
1202,930
1203,53
1204,1316
1205,2809
1206,3358
1207,102
1208,1134
1209,2718
1210,3066
1211,122
1212,167
1213,122
1214,193
1215,122
1216,281
1217,122
1218,417
1219,122
1220,615
1221,122
1222,843
1223,122
1224,861
1225,122
1226,1109
1227,122
1228,1220
1229,122
1230,1327
1231,122
1232,1746
1233,122
1234,3541
1235,122
1236,3546
1237,3899
1238,420
1239,921
1240,1816
1241,2876
1242,3005
1243,3207
1244,3537
1245,3841
1246,1297
1247,1318
1248,1373
1249,3082
1250,3401
1251,185
1252,31
1253,185
1254,296
1255,185
1256,667
1257,185
1258,818
1259,185
1260,3398
1261,196
1262,272
1263,2950
1264,326
1265,405
1266,241
1267,486
1268,110
1269,353
1270,1708
1271,1875
1272,2119
1273,287
1274,2875
1275,3533
1276,668
1277,2502
1278,165
1279,580
1280,745
1281,939
1282,1024
1283,1111
1284,1216
1285,1291
1286,782
1287,1576
1288,1976
1289,2289
1290,2431
1291,2573
1292,3427
1293,3519
1294,782
1295,3571
1296,3708
1297,784
1298,940
1299,1840
1300,714
1301,2025
1302,718
1303,788
1304,1148
1305,2025
1306,3506
1307,2025
1308,3541
1309,3522
1310,303
1311,3522
1312,373
1313,3522
1314,480
1315,3522
1316,769
1317,3522
1318,814
1319,3522
1320,881
1321,3522
1322,903
1323,3522
1324,1042
1325,3522
1326,1145
1327,1237
1328,3522
1329,1336
1330,3522
1331,1567
1332,3522
1333,1699
1334,3522
1335,1796
1336,3522
1337,1837
1338,3522
1339,1951
1340,3522
1341,2060
1342,2146
1343,2159
1344,3522
1345,2411
1346,2447
1347,2568
1348,3522
1349,2613
1350,3522
1351,2932
1352,3522
1353,3429
1354,3522
1355,3694
1356,56
1357,3687
1358,534
1359,1058
1360,2049
1361,3319
1362,3687
1363,3338
1364,3550
1365,3869
1366,50
1367,38
1368,50
1369,1561
1370,105
1371,471
1372,105
1373,872
1374,105
1375,878
1376,105
1377,1125
1378,105
1379,1262
1380,105
1381,1609
1382,105
1383,1613
1384,105
1385,2329
1386,165
1387,798
1388,143
1389,1229
1390,3358
1391,200
1392,1194
1393,2154
1394,292
1395,756
1396,292
1397,1354
1398,292
1399,3037
1400,70
1401,498
1402,1354
1403,2058
1404,3051
1405,3299
1406,3787
1407,1453
1408,1685
1409,2809
1410,576
1411,2914
1412,576
1413,3132
1414,204
1415,685
1416,1367
1417,1865
1418,685
1419,2552
1420,685
1421,2896
1422,3115
1423,742
1424,359
1425,598
1426,779
1427,796
1428,909
1429,1196
1430,1275
1431,1324
1432,1930
1433,2324
1434,742
1435,2542
1436,2720
1437,2787
1438,742
1439,2903
1440,2959
1441,63
1442,931
1443,2985
1444,3765
1445,777
1446,557
1447,777
1448,611
1449,777
1450,1200
1451,1289
1452,777
1453,3118
1454,777
1455,3804
1456,781
1457,977
1458,781
1459,1977
1460,795
1461,611
1462,959
1463,882
1464,1338
1465,1580
1466,882
1467,1970
1468,2254
1469,2661
1470,882
1471,3227
1472,3307
1473,3332
1474,882
1475,3523
1476,1145
1477,1247
1478,892
1479,1496
1480,1646
1481,1661
1482,1906
1483,2079
1484,3861
1485,279
1486,875
1487,1036
1488,1337
1489,1360
1490,1522
1491,1668
1492,1891
1493,2077
1494,2097
1495,2190
1496,2715
1497,2896
1498,3210
1499,3347
1500,3588
1501,1619
1502,245
1503,297
1504,400
1505,1619
1506,433
1507,1619
1508,751
1509,1619
1510,886
1511,1619
1512,1013
1513,1619
1514,1056
1515,1619
1516,1154
1517,1230
1518,1619
1519,1309
1520,1311
1521,1413
1522,1619
1523,1797
1524,1619
1525,1849
1526,1850
1527,2268
1528,2604
1529,2625
1530,2659
1531,1619
1532,2733
1533,1619
1534,3107
1535,3422
1536,1619
1537,3593
1538,3790
1539,1667
1540,34
1541,942
1542,1401
1543,3887
1544,1774
1545,2012
1546,2346
1547,2012
1548,3030
1549,2263
1550,279
1551,2263
1552,938
1553,2263
1554,1379
1555,2263
1556,1572
1557,2263
1558,3000
1559,2263
1560,3050
1561,2263
1562,3173
1563,2263
1564,3652
1565,3702
1566,2426
1567,3151
1568,3931
1569,164
1570,968
1571,2529
1572,3132
1573,3855
1574,158
1575,2786
1576,878
1577,2786
1578,1044
1579,2786
1580,1404
1581,1625
1582,2547
1583,2786
1584,2620
1585,2913
1586,477
1587,1365
1588,1940
1589,2974
1590,790
1591,3008
1592,23
1593,3008
1594,173
1595,477
1596,3008
1597,617
1598,667
1599,3008
1600,691
1601,801
1602,819
1603,3008
1604,1079
1605,1249
1606,1557
1607,1685
1608,1878
1609,3008
1610,2219
1611,3008
1612,2356
1613,3707
1614,3152
1615,1485
1616,3152
1617,2537
1618,3152
1619,3377
1620,405
1621,3268
1622,724
1623,3406
1624,812
1625,3703
1626,350
1627,3703
1628,448
1629,3703
1630,2666
1631,1890
1632,3913
1633,1892
1634,10
1635,539
1636,539
1637,78
1638,539
1639,452
1640,539
1641,924
1642,539
1643,2859
1644,145
1645,161
1646,11
1647,3759
1648,163
1649,189
1650,92
1651,192
1652,92
1653,509
1654,92
1655,1085
1656,92
1657,2718
1658,3116
1659,3240
1660,145
1661,3817
1662,1010
1663,161
1664,856
1665,179
1666,453
1667,1694
1668,2436
1669,3198
1670,40
1671,111
1672,40
1673,505
1674,372
1675,49
1676,804
1677,123
1678,124
1679,244
1680,123
1681,825
1682,123
1683,1151
1684,1327
1685,123
1686,2196
1687,1403
1688,1639
1689,2009
1690,2487
1691,3376
1692,564
1693,397
1694,611
1695,1393
1696,2303
1697,2537
1698,2631
1699,2745
1700,663
1701,569
1702,663
1703,757
1704,663
1705,1327
1706,2984
1707,663
1708,3022
1709,669
1710,433
1711,669
1712,1678
1713,669
1714,2727
1715,669
1716,2791
1717,669
1718,3835
1719,761
1720,283
1721,761
1722,977
1723,761
1724,1010
1725,761
1726,1050
1727,1101
1728,1156
1729,1299
1730,1820
1731,2043
1732,761
1733,2461
1734,2521
1735,2676
1736,2840
1737,2991
1738,3267
1739,761
1740,3354
1741,763
1742,1558
1743,805
1744,1438
1745,805
1746,1792
1747,2389
1748,3252
1749,805
1750,3332
1751,3671
1752,1009
1753,72
1754,584
1755,1009
1756,963
1757,1516
1758,1280
1759,1516
1760,3435
1761,2228
1762,1737
1763,2731
1764,3045
1765,3045
1766,699
1767,894
1768,980
1769,1414
1770,3045
1771,1547
1772,1706
1773,1833
1774,2901
1775,3398
1776,127
1777,165
1778,3398
1779,719
1780,766
1781,1113
1782,3398
1783,1216
1784,1281
1785,3398
1786,2731
1787,3022
1788,3052
1789,3398
1790,3427
1791,3605
1792,1678
1793,3605
1794,2622
1795,3605
1796,13
1797,3689
1798,3689
1799,2198
1800,3689
1801,2341
1802,127
1803,108
1804,127
1805,167
1806,127
1807,199
1808,303
1809,325
1810,391
1811,587
1812,127
1813,600
1814,127
1815,1861
1816,127
1817,2800
1818,196
1819,175
1820,196
1821,320
1822,196
1823,442
1824,196
1825,636
1826,196
1827,886
1828,912
1829,196
1830,1211
1831,1383
1832,196
1833,1495
1834,1751
1835,196
1836,3217
1837,3869
1838,217
1839,2076
1840,217
1841,2295
1842,38
1843,615
1844,1845
1845,2703
1846,714
1847,64
1848,714
1849,321
1850,714
1851,927
1852,714
1853,1362
1854,714
1855,1503
1856,767
1857,880
1858,1358
1859,880
1860,1641
1861,880
1862,3600
1863,1344
1864,1027
1865,1545
1866,2014
1867,1395
1868,904
1869,1395
1870,2484
1871,1395
1872,3867
1873,239
1874,2433
1875,3001
1876,3451
1877,1118
1878,15
1879,1496
1880,1644
1881,2261
1882,101
1883,305
1884,658
1885,723
1886,1040
1887,1146
1888,305
1889,1469
1890,1601
1891,1640
1892,1669
1893,1785
1894,1943
1895,1970
1896,2379
1897,305
1898,2691
1899,3132
1900,3315
1901,3481
1902,3567
1903,61
1904,89
1905,149
1906,735
1907,2777
1908,568
1909,865
1910,878
1911,978
1912,1119
1913,1501
1914,745
1915,1536
1916,1586
1917,1746
1918,745
1919,1748
1920,1750
1921,1797
1922,1815
1923,1849
1924,2022
1925,2047
1926,745
1927,2216
1928,2322
1929,2554
1930,2625
1931,745
1932,2733
1933,2857
1934,514
1935,1044
1936,1797
1937,1044
1938,2022
1939,2399
1940,2477
1941,1044
1942,2478
1943,2579
1944,2793
1945,2914
1946,3132
1947,1044
1948,3452
1949,3524
1950,1059
1951,1368
1952,1578
1953,1613
1954,1111
1955,831
1956,1111
1957,913
1958,1111
1959,966
1960,987
1961,2852
1962,1118
1963,1319
1964,1118
1965,3145
1966,1496
1967,957
1968,1496
1969,2221
1970,1131
1971,1582
1972,1736
1973,3068
1974,3104
1975,3185
1976,3282
1977,3770
1978,3852
1979,2261
1980,1596
1981,2261
1982,2745
1983,3569
1984,16
1985,547
1986,37
1987,311
1988,37
1989,814
1990,37
1991,1024
1992,37
1993,1393
1994,37
1995,1443
1996,37
1997,1528
1998,37
1999,1585
2000,3007
2001,37
2002,3064
2003,37
2004,3637
2005,80
2006,1918
2007,2197
2008,228
2009,108
2010,615
2011,108
2012,691
2013,1185
2014,108
2015,1544
2016,1823
2017,108
2018,2432
2019,111
2020,23
2021,111
2022,263
2023,111
2024,456
2025,119
2026,119
2027,2026
2028,119
2029,3163
2030,136
2031,472
2032,644
2033,785
2034,1300
2035,1421
2036,1437
2037,1541
2038,2148
2039,2298
2040,2403
2041,2542
2042,2662
2043,2767
2044,3942
2045,199
2046,199
2047,413
2048,545
2049,643
2050,545
2051,837
2052,545
2053,1503
2054,545
2055,2352
2056,545
2057,3155
2058,280
2059,283
2060,962
2061,1054
2062,1362
2063,3447
2064,1129
2065,611
2066,1129
2067,670
2068,1129
2069,1685
2070,1181
2071,680
2072,1032
2073,1181
2074,1283
2075,1190
2076,1296
2077,2977
2078,3347
2079,1327
2080,424
2081,1327
2082,924
2083,1327
2084,1014
2085,1327
2086,1602
2087,1738
2088,1327
2089,1889
2090,1327
2091,2168
2092,2716
2093,1327
2094,3090
2095,1327
2096,3684
2097,1327
2098,3792
2099,1543
2100,2155
2101,1543
2102,3888
2103,1639
2104,743
2105,1640
2106,1896
2107,1640
2108,2068
2109,1640
2110,3402
2111,1715
2112,1122
2113,1797
2114,149
2115,1797
2116,1470
2117,1797
2118,2401
2119,1797
2120,2736
2121,2359
2122,3150
2123,2844
2124,484
2125,2847
2126,72
2127,2948
2128,1197
2129,1241
2130,2948
2131,1583
2132,2948
2133,2300
2134,2948
2135,2766
2136,3344
2137,621
2138,3344
2139,1077
2140,3344
2141,1521
2142,3344
2143,2192
2144,3344
2145,2194
2146,3344
2147,3225
2148,3344
2149,3317
2150,3344
2151,3866
2152,19
2153,499
2154,19
2155,1200
2156,19
2157,2603
2158,499
2159,178
2160,499
2161,2496
2162,1200
2163,1200
2164,636
2165,1200
2166,1125
2167,1200
2168,1145
2169,1200
2170,1200
2171,1200
2172,2447
2173,1200
2174,2733
2175,2603
2176,1311
2177,2603
2178,2235
2179,2603
2180,26
2181,741
2182,135
2183,1588
2184,652
2185,3046
2186,213
2187,104
2188,215
2189,431
2190,300
2191,296
2192,1316
2193,370
2194,379
2195,1215
2196,1963
2197,2170
2198,2882
2199,2961
2200,3637
2201,3650
2202,45
2203,112
2204,1038
2205,1214
2206,1474
2207,1585
2208,2607
2209,571
2210,3261
2211,571
2212,3940
2213,649
2214,1336
2215,649
2216,1937
2217,649
2218,2917
2219,3361
2220,727
2221,724
2222,727
2223,1430
2224,727
2225,2955
2226,750
2227,390
2228,750
2229,2839
2230,963
2231,2039
2232,2044
2233,2455
2234,1106
2235,1264
2236,1661
2237,2448
2238,2570
2239,2598
2240,2638
2241,3013
2242,3676
2243,3697
2244,1295
2245,2217
2246,1893
2247,1690
2248,2491
2249,690
2250,2491
2251,1389
2252,3736
2253,2624
2254,322
2255,1587
2256,1030
2257,3235
2258,2820
2259,3720
2260,2650
2261,3725
2262,2327
2263,38
2264,99
2265,263
2266,919
2267,334
2268,383
2269,455
2270,282
2271,455
2272,1660
2273,455
2274,2400
2275,829
2276,829
2277,1907
2278,2642
2279,829
2280,2938
2281,829
2282,3628
2283,1070
2284,1197
2285,888
2286,2095
2287,888
2288,3742
2289,1063
2290,3120
2291,978
2292,1796
2293,3684
2294,376
2295,1083
2296,3239
2297,2854
2298,3261
2299,3261
2300,2287
2301,744
2302,3095
2303,3216
2304,3619
2305,23
2306,868
2307,23
2308,1207
2309,868
2310,712
2311,868
2312,822
2313,868
2314,887
2315,3063
2316,1207
2317,586
2318,934
2319,1801
2320,2038
2321,3284
2322,2150
2323,2365
2324,2207
2325,2920
2326,167
2327,24
2328,182
2329,448
2330,658
2331,916
2332,302
2333,1322
2334,1455
2335,2692
2336,3142
2337,3313
2338,448
2339,102
2340,448
2341,197
2342,448
2343,256
2344,448
2345,495
2346,448
2347,521
2348,448
2349,631
2350,726
2351,448
2352,786
2353,448
2354,816
2355,448
2356,1294
2357,3422
2358,25
2359,1673
2360,2325
2361,2679
2362,2940
2363,3018
2364,2152
2365,2940
2366,1372
2367,2940
2368,2894
2369,3018
2370,675
2371,3106
2372,26
2373,855
2374,90
2375,709
2376,855
2377,1092
2378,855
2379,3529
2380,1109
2381,1306
2382,3509
2383,251
2384,27
2385,1642
2386,2303
2387,27
2388,3075
2389,1206
2390,290
2391,600
2392,290
2393,1539
2394,1642
2395,429
2396,1569
2397,1908
2398,2051
2399,2061
2400,3170
2401,3075
2402,925
2403,3075
2404,3236
2405,3075
2406,3478
2407,3075
2408,97
2409,159
2410,488
2411,28
2412,1860
2413,28
2414,2537
2415,382
2416,530
2417,97
2418,940
2419,97
2420,3514
2421,209
2422,308
2423,3541
2424,3663
2425,268
2426,35
2427,403
2428,57
2429,342
2430,488
2431,416
2432,488
2433,1778
2434,2825
2435,634
2436,478
2437,621
2438,2481
2439,2837
2440,3357
2441,2005
2442,3134
2443,43
2444,114
2445,172
2446,223
2447,172
2448,405
2449,1814
2450,526
2451,31
2452,1924
2453,839
2454,1035
2455,1056
2456,1060
2457,1078
2458,1909
2459,1935
2460,3954
2461,2954
2462,691
2463,456
2464,349
2465,456
2466,1029
2467,456
2468,1187
2469,1659
2470,1480
2471,2631
2472,2937
2473,2018
2474,420
2475,3491
2476,2183
2477,2574
2478,2807
2479,2987
2480,250
2481,2987
2482,2937
2483,195
2484,65
2485,195
2486,412
2487,349
2488,793
2489,1857
2490,1772
2491,201
2492,295
2493,518
2494,637
2495,3371
2496,861
2497,3371
2498,1476
2499,3106
2500,312
2501,595
2502,674
2503,34
2504,775
2505,972
2506,34
2507,988
2508,991
2509,997
2510,1145
2511,1191
2512,1245
2513,1271
2514,1299
2515,34
2516,1367
2517,34
2518,1452
2519,1517
2520,1523
2521,1620
2522,34
2523,1688
2524,34
2525,2157
2526,2305
2527,2333
2528,34
2529,2340
2530,2356
2531,2360
2532,2510
2533,2520
2534,2547
2535,2559
2536,2578
2537,2588
2538,2594
2539,34
2540,2671
2541,34
2542,2724
2543,34
2544,2781
2545,2811
2546,34
2547,2870
2548,2905
2549,2945
2550,3039
2551,3119
2552,3129
2553,34
2554,3197
2555,3208
2556,3213
2557,3221
2558,3304
2559,34
2560,3326
2561,34
2562,3367
2563,3399
2564,3500
2565,3558
2566,3574
2567,3586
2568,3592
2569,3624
2570,3642
2571,34
2572,3646
2573,3670
2574,34
2575,3681
2576,3701
2577,3704
2578,34
2579,3721
2580,3729
2581,34
2582,3820
2583,34
2584,3862
2585,34
2586,3916
2587,3944
2588,577
2589,588
2590,778
2591,447
2592,642
2593,851
2594,864
2595,1273
2596,479
2597,1613
2598,2082
2599,2111
2600,2300
2601,564
2602,44
2603,564
2604,504
2605,901
2606,1157
2607,1312
2608,2396
2609,2401
2610,564
2611,3247
2612,3738
2613,560
2614,823
2615,1811
2616,2127
2617,2357
2618,674
2619,2799
2620,768
2621,972
2622,2243
2623,3471
2624,988
2625,1007
2626,991
2627,997
2628,233
2629,997
2630,477
2631,997
2632,2192
2633,1145
2634,1346
2635,1145
2636,1454
2637,1145
2638,1145
2639,1805
2640,2221
2641,3227
2642,3594
2643,803
2644,1188
2645,1243
2646,1611
2647,1712
2648,1813
2649,1967
2650,2535
2651,2635
2652,2740
2653,3024
2654,3041
2655,3272
2656,3381
2657,3756
2658,3918
2659,3929
2660,1016
2661,2848
2662,3533
2663,1271
2664,3322
2665,1299
2666,589
2667,1299
2668,778
2669,1299
2670,1029
2671,1299
2672,1482
2673,1299
2674,1889
2675,1299
2676,2006
2677,1299
2678,2411
2679,1299
2680,2487
2681,1299
2682,3266
2683,183
2684,1203
2685,1260
2686,1684
2687,2285
2688,1301
2689,2571
2690,3121
2691,3762
2692,1400
2693,1661
2694,1784
2695,2231
2696,1452
2697,608
2698,1455
2699,1163
2700,844
2701,3935
2702,1523
2703,1238
2704,1523
2705,2827
2706,2630
2707,2157
2708,797
2709,2305
2710,2793
2711,2305
2712,2795
2713,3511
2714,2356
2715,2056
2716,2356
2717,2631
2718,591
2719,2027
2720,3110
2721,2520
2722,3132
2723,1805
2724,1836
2725,2571
2726,3293
2727,3400
2728,3410
2729,3573
2730,2559
2731,3459
2732,2451
2733,3950
2734,2588
2735,1121
2736,2588
2737,2588
2738,2307
2739,1684
2740,2609
2741,2746
2742,2867
2743,3278
2744,2671
2745,2326
2746,2724
2747,780
2748,2781
2749,3065
2750,2811
2751,926
2752,1591
2753,2338
2754,3032
2755,3232
2756,2870
2757,1618
2758,2870
2759,3525
2760,581
2761,2945
2762,3191
2763,1806
2764,1825
2765,1126
2766,1128
2767,3211
2768,3587
2769,3129
2770,183
2771,3129
2772,2091
2773,3129
2774,2893
2775,3129
2776,2903
2777,3129
2778,3058
2779,3129
2780,3486
2781,3129
2782,3622
2783,3197
2784,1606
2785,3210
2786,1461
2787,3210
2788,1926
2789,2821
2790,3221
2791,3132
2792,3326
2793,1143
2794,2080
2795,2604
2796,2735
2797,3326
2798,3249
2799,3348
2800,3367
2801,3603
2802,1580
2803,1702
2804,2617
2805,3500
2806,1216
2807,3558
2808,1758
2809,3558
2810,2895
2811,3574
2812,1158
2813,3574
2814,2215
2815,3574
2816,2488
2817,3586
2818,948
2819,3586
2820,3249
2821,871
2822,3592
2823,2968
2824,3040
2825,3624
2826,3646
2827,3132
2828,3681
2829,778
2830,3704
2831,3132
2832,3294
2833,3653
2834,3734
2835,3755
2836,2927
2837,3944
2838,2661
2839,3944
2840,2809
2841,3944
2842,3332
2843,3615
2844,144
2845,262
2846,415
2847,1232
2848,95
2849,3564
2850,540
2851,403
2852,47
2853,403
2854,1683
2855,403
2856,3280
2857,415
2858,3426
2859,125
2860,141
2861,442
2862,219
2863,442
2864,442
2865,350
2866,442
2867,414
2868,442
2869,422
2870,442
2871,424
2872,442
2873,469
2874,442
2875,878
2876,1149
2877,442
2878,1469
2879,1748
2880,1939
2881,1955
2882,442
2883,2337
2884,442
2885,2669
2886,2867
2887,1232
2888,1420
2889,1232
2890,1470
2891,36
2892,83
2893,191
2894,36
2895,384
2896,36
2897,83
2898,902
2899,83
2900,936
2901,384
2902,541
2903,87
2904,1159
2905,3167
2906,166
2907,1871
2908,311
2909,1791
2910,558
2911,981
2912,1475
2913,1663
2914,1697
2915,1731
2916,2034
2917,2242
2918,2309
2919,558
2920,2584
2921,2687
2922,558
2923,3312
2924,3425
2925,814
2926,3590
2927,1024
2928,885
2929,1024
2930,1751
2931,1266
2932,2065
2933,1443
2934,2257
2935,1528
2936,2269
2937,1585
2938,425
2939,1336
2940,1722
2941,1585
2942,1974
2943,2576
2944,289
2945,1194
2946,1969
2947,2194
2948,2476
2949,2595
2950,3368
2951,3895
2952,508
2953,694
2954,3163
2955,1605
2956,3163
2957,3805
2958,3637
2959,264
2960,3637
2961,909
2962,3637
2963,935
2964,1008
2965,1235
2966,3637
2967,1364
2968,1987
2969,3637
2970,3140
2971,3637
2972,3449
2973,1377
2974,130
2975,417
2976,130
2977,2033
2978,380
2979,480
2980,380
2981,2549
2982,440
2983,201
2984,346
2985,440
2986,417
2987,440
2988,732
2989,525
2990,1866
2991,546
2992,1866
2993,459
2994,1130
2995,2676
2996,1409
2997,276
2998,1409
2999,299
3000,1409
3001,374
3002,1409
3003,720
3004,1409
3005,1263
3006,1409
3007,2178
3008,1409
3009,2444
3010,1479
3011,2349
3012,3017
3013,3029
3014,1494
3015,270
3016,381
3017,919
3018,1538
3019,1397
3020,1538
3021,2545
3022,1538
3023,3795
3024,2013
3025,3116
3026,3263
3027,2030
3028,693
3029,428
3030,2575
3031,3551
3032,3074
3033,493
3034,150
3035,493
3036,1325
3037,493
3038,2916
3039,1133
3040,2508
3041,679
3042,147
3043,679
3044,1729
3045,679
3046,2024
3047,2800
3048,1168
3049,392
3050,1168
3051,3006
3052,1168
3053,3727
3054,2162
3055,931
3056,3192
3057,2823
3058,579
3059,1761
3060,2110
3061,2771
3062,3233
3063,44
3064,3554
3065,1951
3066,2002
3067,2625
3068,1183
3069,2625
3070,1194
3071,1331
3072,1440
3073,2625
3074,1572
3075,2245
3076,2625
3077,2375
3078,2625
3079,2965
3080,2771
3081,1690
3082,3554
3083,475
3084,3099
3085,2019
3086,170
3087,231
3088,316
3089,2019
3090,689
3091,738
3092,1595
3093,2019
3094,1998
3095,46
3096,324
3097,46
3098,622
3099,2086
3100,648
3101,1356
3102,2358
3103,622
3104,3329
3105,1371
3106,2086
3107,1820
3108,2086
3109,2459
3110,2086
3111,2675
3112,115
3113,93
3114,274
3115,173
3116,3302
3117,275
3118,570
3119,2056
3120,978
3121,2056
3122,998
3123,372
3124,1649
3125,372
3126,3800
3127,1424
3128,804
3129,2505
3130,2697
3131,3012
3132,3070
3133,804
3134,3127
3135,3672
3136,3899
3137,273
3138,249
3139,273
3140,1689
3141,273
3142,2250
3143,273
3144,3413
3145,1352
3146,1925
3147,3869
3148,1912
3149,79
3150,401
3151,1045
3152,3083
3153,3879
3154,1084
3155,1879
3156,346
3157,2430
3158,531
3159,178
3160,531
3161,770
3162,531
3163,1780
3164,711
3165,381
3166,711
3167,984
3168,711
3169,1876
3170,711
3171,2099
3172,711
3173,2277
3174,747
3175,275
3176,747
3177,2980
3178,2779
3179,1104
3180,3897
3181,817
3182,3897
3183,823
3184,126
3185,1415
3186,126
3187,2093
3188,863
3189,884
3190,1741
3191,3234
3192,1316
3193,190
3194,1316
3195,477
3196,1316
3197,1342
3198,1689
3199,2427
3200,2809
3201,350
3202,1505
3203,1657
3204,2016
3205,2809
3206,2719
3207,3773
3208,1023
3209,3773
3210,2007
3211,3773
3212,3223
3213,2166
3214,2195
3215,2208
3216,3423
3217,3496
3218,3794
3219,1746
3220,613
3221,1648
3222,1746
3223,1738
3224,2166
3225,276
3226,1457
3227,1593
3228,2166
3229,2564
3230,2166
3231,2716
3232,3436
3233,2431
3234,484
3235,2431
3236,608
3237,1075
3238,2431
3239,1467
3240,2401
3241,2431
3242,3247
3243,367
3244,2782
3245,790
3246,3953
3247,3423
3248,1767
3249,272
3250,820
3251,776
3252,2071
3253,269
3254,256
3255,269
3256,907
3257,418
3258,1510
3259,279
3260,1738
3261,279
3262,2186
3263,3612
3264,279
3265,3788
3266,340
3267,919
3268,2394
3269,590
3270,2649
3271,748
3272,3622
3273,3228
3274,3397
3275,821
3276,937
3277,1116
3278,1114
3279,1710
3280,1114
3281,2626
3282,1114
3283,2839
3284,1470
3285,103
3286,1470
3287,1836
3288,480
3289,1836
3290,2616
3291,1836
3292,3470
3293,3130
3294,3798
3295,3059
3296,825
3297,1072
3298,59
3299,1238
3300,1632
3301,1854
3302,1961
3303,2763
3304,59
3305,2877
3306,295
3307,266
3308,295
3309,2382
3310,1072
3311,2931
3312,1072
3313,2964
3314,948
3315,1238
3316,1534
3317,1238
3318,2582
3319,3497
3320,407
3321,1632
3322,2582
3323,2763
3324,2763
3325,3249
3326,350
3327,101
3328,350
3329,283
3330,350
3331,350
3332,350
3333,866
3334,1064
3335,350
3336,1545
3337,350
3338,1719
3339,350
3340,1733
3341,350
3342,3408
3343,550
3344,1054
3345,1229
3346,2746
3347,2419
3348,410
3349,3576
3350,3504
3351,201
3352,1877
3353,3488
3354,201
3355,242
3356,201
3357,1150
3358,201
3359,1277
3360,201
3361,1964
3362,201
3363,2384
3364,201
3365,2546
3366,3090
3367,3366
3368,2539
3369,3227
3370,1877
3371,3902
3372,3488
3373,2988
3374,1172
3375,1572
3376,636
3377,2468
3378,2829
3379,636
3380,3013
3381,1053
3382,1373
3383,3812
3384,1934
3385,3260
3386,2278
3387,3407
3388,63
3389,1691
3390,63
3391,1979
3392,1979
3393,581
3394,1979
3395,3688
3396,136
3397,136
3398,587
3399,136
3400,1913
3401,136
3402,2813
3403,1852
3404,1086
3405,1503
3406,3526
3407,1274
3408,561
3409,1810
3410,653
3411,677
3412,1324
3413,774
3414,1324
3415,1013
3416,1324
3417,1720
3418,1324
3419,3040
3420,3718
3421,832
3422,1838
3423,190
3424,1959
3425,2749
3426,2139
3427,2744
3428,2756
3429,412
3430,484
3431,2756
3432,2289
3433,383
3434,551
3435,1121
3436,1132
3437,1285
3438,2116
3439,2495
3440,2686
3441,2830
3442,3034
3443,3627
3444,3697
3445,101
3446,256
3447,999
3448,1170
3449,999
3450,2604
3451,1700
3452,1478
3453,69
3454,70
3455,325
3456,70
3457,365
3458,70
3459,1786
3460,3312
3461,325
3462,235
3463,404
3464,325
3465,638
3466,365
3467,604
3468,452
3469,233
3470,738
3471,2457
3472,2058
3473,1493
3474,77
3475,1572
3476,77
3477,3523
3478,225
3479,551
3480,424
3481,707
3482,424
3483,1023
3484,825
3485,174
3486,1096
3487,913
3488,1219
3489,1559
3490,899
3491,1502
3492,1609
3493,1559
3494,2592
3495,633
3496,2920
3497,1217
3498,2920
3499,1252
3500,2920
3501,2237
3502,72
3503,496
3504,72
3505,2813
3506,496
3507,106
3508,496
3509,496
3510,749
3511,496
3512,1680
3513,2541
3514,73
3515,966
3516,966
3517,74
3518,1182
3519,1182
3520,2322
3521,1182
3522,2345
3523,1573
3524,1308
3525,3530
3526,76
3527,1793
3528,76
3529,2799
3530,1793
3531,1572
3532,417
3533,1013
3534,1572
3535,1362
3536,1572
3537,1815
3538,1820
3539,1572
3540,2217
3541,3247
3542,3523
3543,1704
3544,3523
3545,2286
3546,2290
3547,2672
3548,965
3549,1018
3550,1592
3551,2138
3552,1419
3553,2486
3554,1419
3555,2985
3556,3277
3557,3945
3558,1918
3559,1351
3560,1918
3561,2804
3562,803
3563,655
3564,2367
3565,2872
3566,3254
3567,3455
3568,3483
3569,82
3570,1251
3571,1251
3572,902
3573,1318
3574,731
3575,1228
3576,551
3577,1678
3578,551
3579,2154
3580,2544
3581,2981
3582,1581
3583,696
3584,1313
3585,1581
3586,1511
3587,2498
3588,2237
3589,86
3590,1649
3591,86
3592,2147
3593,1649
3594,408
3595,1649
3596,1341
3597,1649
3598,1675
3599,3719
3600,1649
3601,3877
3602,88
3603,183
3604,88
3605,1535
3606,1584
3607,3883
3608,3922
3609,183
3610,133
3611,183
3612,809
3613,183
3614,3327
3615,183
3616,3350
3617,3917
3618,2142
3619,1535
3620,2729
3621,3174
3622,89
3623,2742
3624,709
3625,320
3626,702
3627,3242
3628,3831
3629,3838
3630,772
3631,481
3632,512
3633,1025
3634,1349
3635,3893
3636,163
3637,192
3638,535
3639,192
3640,682
3641,192
3642,2257
3643,509
3644,1202
3645,509
3646,1708
3647,509
3648,3384
3649,1085
3650,1532
3651,1085
3652,3180
3653,3116
3654,1866
3655,3116
3656,3620
3657,93
3658,1993
3659,1116
3660,3563
3661,1993
3662,1827
3663,167
3664,315
3665,167
3666,369
3667,738
3668,167
3669,849
3670,167
3671,1138
3672,167
3673,1932
3674,167
3675,2021
3676,167
3677,2150
3678,167
3679,2583
3680,167
3681,3042
3682,716
3683,716
3684,2294
3685,716
3686,3035
3687,978
3688,322
3689,978
3690,389
3691,978
3692,729
3693,978
3694,800
3695,944
3696,978
3697,1792
3698,978
3699,2383
3700,978
3701,3288
3702,789
3703,180
3704,3133
3705,358
3706,518
3707,2632
3708,358
3709,3374
3710,478
3711,158
3712,478
3713,813
3714,478
3715,1962
3716,1477
3717,1953
3718,2121
3719,236
3720,291
3721,725
3722,1727
3723,1769
3724,1915
3725,116
3726,1958
3727,116
3728,2765
3729,3060
3730,653
3731,831
3732,1134
3733,660
3734,1418
3735,1134
3736,1467
3737,1134
3738,1531
3739,1864
3740,2826
3741,1134
3742,3665
3743,3917
3744,3066
3745,2553
3746,1309
3747,2546
3748,3038
3749,3366
3750,256
3751,1461
3752,103
3753,147
3754,147
3755,508
3756,147
3757,910
3758,147
3759,3135
3760,104
3761,142
3762,104
3763,920
3764,920
3765,2818
3766,872
3767,1059
3768,872
3769,1265
3770,872
3771,2113
3772,872
3773,3459
3774,878
3775,1012
3776,878
3777,1462
3778,878
3779,1685
3780,878
3781,2604
3782,878
3783,2914
3784,1262
3785,1609
3786,220
3787,524
3788,891
3789,1224
3790,1234
3791,1609
3792,1412
3793,1439
3794,1609
3795,1459
3796,2271
3797,2395
3798,2817
3799,3078
3800,3396
3801,3441
3802,3565
3803,3633
3804,1613
3805,1751
3806,2618
3807,1613
3808,2766
3809,1613
3810,2903
3811,1613
3812,3823
3813,3943
3814,1719
3815,1755
3816,3919
3817,1859
3818,3919
3819,2372
3820,2604
3821,3919
3822,3776
3823,484
3824,610
3825,1201
3826,484
3827,3825
3828,739
3829,1794
3830,1066
3831,2209
3832,2942
3833,850
3834,3202
3835,227
3836,223
3837,2989
3838,615
3839,276
3840,615
3841,2472
3842,615
3843,3754
3844,568
3845,974
3846,1544
3847,150
3848,759
3849,1544
3850,1363
3851,3236
3852,2432
3853,3086
3854,1328
3855,2999
3856,2545
3857,2957
3858,2993
3859,2999
3860,3622
3861,2999
3862,3667
3863,2999
3864,3927
3865,984
3866,3404
3867,1856
3868,274
3869,600
3870,303
3871,233
3872,336
3873,303
3874,894
3875,303
3876,2443
3877,369
3878,419
3879,508
3880,1929
3881,194
3882,198
3883,194
3884,2759
3885,738
3886,1153
3887,1727
3888,1727
3889,2664
3890,1769
3891,447
3892,328
3893,510
3894,1775
3895,1552
3896,1915
3897,1762
3898,1958
3899,3671
3900,117
3901,226
3902,1364
3903,1933
3904,2655
3905,2655
3906,1347
3907,2026
3908,2026
3909,2127
3910,2026
3911,3088
3912,919
3913,1049
3914,121
3915,3867
3916,611
3917,417
3918,1441
3919,861
3920,770
3921,861
3922,905
3923,861
3924,1413
3925,1704
3926,2315
3927,1220
3928,3649
3929,3659
3930,3546
3931,1383
3932,758
3933,2462
3934,2615
3935,3010
3936,3209
3937,3281
3938,1151
3939,3767
3940,2196
3941,125
3942,1373
3943,125
3944,2864
3945,724
3946,1115
3947,724
3948,3205
3949,2998
3950,1373
3951,1139
3952,2864
3953,333
3954,2093
3955,276
3956,2093
3957,453
3958,1861
3959,170
3960,1861
3961,512
3962,2658
3963,243
3964,2800
3965,2496
3966,2033
3967,2699
3968,131
3969,3580
3970,3580
3971,1745
3972,3608
3973,1171
3974,2841
3975,613
3976,1107
3977,2525
3978,3439
3979,1255
3980,1460
3981,1300
3982,1941
3983,1588
3984,3752
3985,1305
3986,3203
3987,1652
3988,3590
3989,1913
3990,371
3991,1913
3992,1103
3993,2542
3994,1524
3995,569
3996,1042
3997,1714
3998,1403
3999,3228
4000,3433
4001,3562
4002,2009
4003,980
4004,2487
4005,2681
4006,2487
4007,3397
4008,2487
4009,3616
4010,3376
4011,1050
4012,140
4013,2592
4014,655
4015,1087
4016,1747
4017,2088
4018,1229
4019,2552
4020,1432
4021,1710
4022,1713
4023,1418
4024,2726
4025,1456
4026,1899
4027,2001
4028,2600
4029,2602
4030,1152
4031,2160
4032,534
4033,1641
4034,910
4035,1153
4036,148
4037,337
4038,148
4039,1189
4040,148
4041,2568
4042,148
4043,2926
4044,148
4045,2929
4046,2568
4047,563
4048,2568
4049,2670
4050,2926
4051,1485
4052,1565
4053,1798
4054,149
4055,3328
4056,586
4057,2518
4058,1801
4059,1017
4060,3328
4061,2112
4062,2667
4063,759
4064,3476
4065,980
4066,202
4067,2099
4068,3461
4069,980
4070,3714
4071,1706
4072,1435
4073,1706
4074,2835
4075,1829
4076,249
4077,3412
4078,515
4079,1019
4080,1348
4081,1348
4082,1337
4083,2100
4084,2108
4085,1017
4086,1859
4087,3623
4088,2995
4089,815
4090,153
4091,2327
4092,153
4093,2997
4094,533
4095,1225
4096,652
4097,328
4098,1312
4099,2619
4100,2666
4101,2674
4102,2666
4103,3578
4104,2745
4105,2163
4106,155
4107,2658
4108,3071
4109,1010
4110,2951
4111,1208
4112,1504
4113,3711
4114,1029
4115,789
4116,1816
4117,1586
4118,2843
4119,1261
4120,2471
4121,2843
4122,3668
4123,3005
4124,1402
4125,3003
4126,3207
4127,3207
4128,2600
4129,3207
4130,2855
4131,3207
4132,3025
4133,3825
4134,3909
4135,3717
4136,3082
4137,511
4138,1680
4139,437
4140,601
4141,1052
4142,853
4143,1440
4144,1495
4145,853
4146,3778
4147,3591
4148,931
4149,2630
4150,1281
4151,3139
4152,1365
4153,2738
4154,315
4155,1487
4156,2583
4157,737
4158,3042
4159,1693
4160,3475
4161,169
4162,876
4163,169
4164,1135
4165,169
4166,2960
4167,876
4168,266
4169,876
4170,3246
4171,2960
4172,1982
4173,2251
4174,170
4175,3705
4176,1595
4177,491
4178,171
4179,2773
4180,2773
4181,953
4182,223
4183,405
4184,1023
4185,174
4186,657
4187,175
4188,175
4189,2527
4190,1433
4191,1566
4192,1107
4193,2614
4194,176
4195,1478
4196,176
4197,3231
4198,1478
4199,537
4200,1478
4201,721
4202,2391
4203,3231
4204,1753
4205,339
4206,1661
4207,339
4208,2190
4209,407
4210,1048
4211,733
4212,1530
4213,3946
4214,2041
4215,740
4216,2653
4217,808
4218,2660
4219,3933
4220,3234
4221,433
4222,1878
4223,178
4224,1123
4225,178
4226,2322
4227,178
4228,3739
4229,1123
4230,2106
4231,2322
4232,1820
4233,3739
4234,237
4235,3739
4236,903
4237,453
4238,695
4239,453
4240,2112
4241,453
4242,3244
4243,1694
4244,1204
4245,1694
4246,2390
4247,2480
4248,3620
4249,3198
4250,1260
4251,181
4252,1645
4253,181
4254,1680
4255,181
4256,3517
4257,1645
4258,1957
4259,1645
4260,3014
4261,282
4262,1680
4263,627
4264,1680
4265,2346
4266,3746
4267,3517
4268,3517
4269,474
4270,3517
4271,3510
4272,3517
4273,3746
4274,3517
4275,3854
4276,809
4277,875
4278,1260
4279,2766
4280,3275
4281,1537
4282,3291
4283,1621
4284,3638
4285,3443
4286,3626
4287,3693
4288,3121
4289,658
4290,3121
4291,3229
4292,3917
4293,3132
4294,3915
4295,686
4296,975
4297,1285
4298,686
4299,1357
4300,3183
4301,3884
4302,1548
4303,1285
4304,667
4305,790
4306,2302
4307,2155
4308,188
4309,2185
4310,2185
4311,328
4312,2185
4313,527
4314,2185
4315,2185
4316,2144
4317,190
4318,271
4319,271
4320,246
4321,535
4322,1712
4323,682
4324,1034
4325,682
4326,682
4327,1578
4328,2257
4329,2181
4330,1885
4331,2258
4332,3753
4333,472
4334,2130
4335,932
4336,644
4337,2223
4338,2767
4339,1790
4340,858
4341,2249
4342,412
4343,751
4344,886
4345,1192
4346,886
4347,565
4348,912
4349,2031
4350,1211
4351,432
4352,1026
4353,2768
4354,3194
4355,3857
4356,1383
4357,1339
4358,1383
4359,1380
4360,1495
4361,2003
4362,1495
4363,2823
4364,1751
4365,1724
4366,3217
4367,858
4368,513
4369,495
4370,2828
4371,413
4372,518
4373,1683
4374,222
4375,605
4376,1683
4377,1102
4378,1287
4379,1420
4380,2355
4381,2597
4382,2154
4383,1272
4384,1911
4385,2154
4386,2247
4387,2154
4388,2584
4389,2845
4390,3193
4391,2154
4392,3362
4393,242
4394,1499
4395,242
4396,2228
4397,1150
4398,1334
4399,1150
4400,3227
4401,1277
4402,2591
4403,1277
4404,3387
4405,3090
4406,1110
4407,3090
4408,2202
4409,3090
4410,3440
4411,3366
4412,1997
4413,2064
4414,1246
4415,3225
4416,1055
4417,1343
4418,1768
4419,2177
4420,2180
4421,2275
4422,2438
4423,3089
4424,3100
4425,3114
4426,3298
4427,3454
4428,1305
4429,1622
4430,2421
4431,2863
4432,3126
4433,3214
4434,3928
4435,3695
4436,1410
4437,2211
4438,659
4439,1905
4440,204
4441,1975
4442,2022
4443,1976
4444,2393
4445,2566
4446,3061
4447,3123
4448,3570
4449,3863
4450,2462
4451,1622
4452,532
4453,2785
4454,3281
4455,3616
4456,3731
4457,333
4458,1160
4459,554
4460,1359
4461,1757
4462,2509
4463,2695
4464,3308
4465,206
4466,2289
4467,206
4468,3861
4469,2289
4470,1837
4471,3861
4472,1057
4473,2392
4474,3219
4475,392
4476,2164
4477,3621
4478,318
4479,2101
4480,208
4481,332
4482,332
4483,354
4484,357
4485,2531
4486,210
4487,2936
4488,3057
4489,3105
4490,3539
4491,2217
4492,2331
4493,2911
4494,2217
4495,3013
4496,2217
4497,3022
4498,211
4499,769
4500,1193
4501,230
4502,555
4503,596
4504,1193
4505,973
4506,1391
4507,1447
4508,371
4509,3355
4510,904
4511,1753
4512,2076
4513,753
4514,2295
4515,2210
4516,219
4517,220
4518,220
4519,2342
4520,1401
4521,2342
4522,2342
4523,1653
4524,2342
4525,1698
4526,2342
4527,2784
4528,3342
4529,2342
4530,3343
4531,221
4532,2299
4533,2299
4534,2188
4535,2299
4536,3274
4537,222
4538,375
4539,375
4540,1183
4541,1431
4542,375
4543,1787
4544,614
4545,699
4546,681
4547,1847
4548,3583
4549,3819
4550,894
4551,2555
4552,894
4553,2761
4554,230
4555,578
4556,3484
4557,3732
4558,1844
4559,728
4560,2105
4561,2000
4562,487
4563,2204
4564,2528
4565,2204
4566,2878
4567,3094
4568,3606
4569,3952
4570,2969
4571,1870
4572,2321
4573,464
4574,3732
4575,3484
4576,1951
4577,3484
4578,2334
4579,3484
4580,3859
4581,231
4582,2924
4583,2950
4584,378
4585,233
4586,689
4587,233
4588,2301
4589,1108
4590,234
4591,1306
4592,1442
4593,234
4594,2361
4595,3345
4596,3437
4597,3785
4598,754
4599,1306
4600,2262
4601,3797
4602,1442
4603,2103
4604,3437
4605,2089
4606,3437
4607,2387
4608,3437
4609,3891
4610,1188
4611,1984
4612,235
4613,2054
4614,404
4615,947
4616,3631
4617,237
4618,806
4619,288
4620,1782
4621,3726
4622,2376
4623,1124
4624,2511
4625,944
4626,2570
4627,1615
4628,562
4629,1043
4630,1303
4631,1472
4632,2017
4633,486
4634,2917
4635,246
4636,2519
4637,246
4638,2589
4639,2589
4640,901
4641,249
4642,2106
4643,250
4644,500
4645,2114
4646,3184
4647,253
4648,2909
4649,2982
4650,294
4651,850
4652,2107
4653,2203
4654,2982
4655,3878
4656,3886
4657,254
4658,2984
4659,2984
4660,2374
4661,2984
4662,2887
4663,2984
4664,3010
4665,255
4666,1624
4667,1624
4668,632
4669,1624
4670,956
4671,1519
4672,1624
4673,1820
4674,1624
4675,3527
4676,1461
4677,2566
4678,257
4679,3296
4680,819
4681,451
4682,1312
4683,2172
4684,735
4685,3086
4686,259
4687,1760
4688,259
4689,3172
4690,259
4691,3503
4692,1760
4693,1122
4694,1760
4695,2553
4696,3314
4697,3087
4698,264
4699,264
4700,1612
4701,409
4702,503
4703,568
4704,1323
4705,1434
4706,2906
4707,568
4708,3387
4709,1567
4710,2465
4711,2681
4712,2892
4713,1152
4714,2352
4715,3534
4716,553
4717,1685
4718,3337
4719,3520
4720,266
4721,266
4722,2474
4723,266
4724,3507
4725,606
4726,601
4727,335
4728,990
4729,955
4730,3164
4731,907
4732,319
4733,270
4734,270
4735,2766
4736,1503
4737,1015
4738,2766
4739,1405
4740,2766
4741,1615
4742,2556
4743,3411
4744,820
4745,459
4746,820
4747,1663
4748,820
4749,3159
4750,1689
4751,1412
4752,2250
4753,275
4754,3450
4755,3450
4756,2565
4757,3910
4758,276
4759,2069
4760,2069
4761,970
4762,278
4763,1614
4764,2964
4765,3173
4766,1614
4767,938
4768,1614
4769,1904
4770,1614
4771,3438
4772,1614
4773,3691
4774,3173
4775,3333
4776,418
4777,704
4778,418
4779,823
4780,418
4781,1728
4782,418
4783,2543
4784,418
4785,3175
4786,598
4787,1510
4788,1041
4789,1272
4790,1510
4791,1826
4792,2437
4793,2827
4794,1510
4795,3269
4796,1738
4797,790
4798,1738
4799,1075
4800,3859
4801,1820
4802,477
4803,1820
4804,1161
4805,1820
4806,1440
4807,1820
4808,1641
4809,1820
4810,2427
4811,2186
4812,1384
4813,3612
4814,938
4815,3612
4816,1379
4817,3612
4818,3365
4819,3788
4820,2214
4821,528
4822,1219
4823,282
4824,1488
4825,282
4826,2716
4827,309
4828,617
4829,630
4830,318
4831,786
4832,318
4833,799
4834,318
4835,1425
4836,3002
4837,3498
4838,559
4839,2200
4840,1219
4841,3247
4842,1219
4843,3453
4844,1488
4845,643
4846,1488
4847,1199
4848,2659
4849,2716
4850,1247
4851,2716
4852,2560
4853,2716
4854,2977
4855,2716
4856,3247
4857,2928
4858,423
4859,570
4860,2117
4861,2029
4862,284
4863,1497
4864,284
4865,3386
4866,946
4867,656
4868,2326
4869,656
4870,2440
4871,3270
4872,2114
4873,2463
4874,3250
4875,286
4876,1560
4877,353
4878,2806
4879,802
4880,1012
4881,1254
4882,2641
4883,1597
4884,1708
4885,1638
4886,1708
4887,1771
4888,2119
4889,1471
4890,2119
4891,1490
4892,2119
4893,1606
4894,2875
4895,2560
4896,3533
4897,3384
4898,3533
4899,3840
4900,3533
4901,3894
4902,640
4903,1382
4904,309
4905,3149
4906,640
4907,3247
4908,289
4909,695
4910,695
4911,2328
4912,756
4913,1432
4914,1354
4915,911
4916,1354
4917,1330
4918,1665
4919,1354
4920,3771
4921,3037
4922,1625
4923,3037
4924,2620
4925,2652
4926,1011
4927,2490
4928,3009
4929,1651
4930,2265
4931,2700
4932,2334
4933,1679
4934,2107
4935,2516
4936,2712
4937,2334
4938,3878
4939,609
4940,2103
4941,2109
4942,2304
4943,2663
4944,3446
4945,3486
4946,3818
4947,298
4948,1872
4949,2335
4950,2550
4951,3161
4952,3485
4953,2109
4954,2807
4955,3545
4956,1766
4957,1096
4958,1529
4959,3295
4960,3446
4961,1895
4962,3446
4963,2370
4964,2623
4965,3446
4966,2728
4967,3926
4968,1436
4969,3287
4970,3749
4971,301
4972,1454
4973,3876
4974,2443
4975,859
4976,658
4977,1525
4978,916
4979,1536
4980,1322
4981,646
4982,1322
4983,3473
4984,2648
4985,3300
4986,1919
4987,2923
4988,3728
4989,2659
4990,336
4991,3645
4992,2443
4993,416
4994,304
4995,395
4996,395
4997,1821
4998,2449
4999,395
5000,3151
5001,723
5002,1945
5003,648
5004,3054
5005,3237
5006,2229
5007,1469
5008,1469
5009,3215
5010,2134
5011,2120
5012,2820
5013,2379
5014,3249
5015,2691
5016,1906
5017,3115
5018,639
5019,3132
5020,1184
5021,3132
5022,1590
5023,3132
5024,2848
5025,3723
5026,3315
5027,3481
5028,1518
5029,639
5030,3149
5031,3604
5032,310
5033,2240
5034,547
5035,1078
5036,1326
5037,3745
5038,577
5039,2892
5040,3036
5041,577
5042,3258
5043,313
5044,490
5045,313
5046,786
5047,490
5048,2428
5049,314
5050,1283
5051,314
5052,2866
5053,1283
5054,2888
5055,1283
5056,3156
5057,1283
5058,3460
5059,2634
5060,1996
5061,2435
5062,630
5063,517
5064,1900
5065,630
5066,3297
5067,1425
5068,2347
5069,3002
5070,1563
5071,3002
5072,2460
5073,1136
5074,2958
5075,1587
5076,1205
5077,1587
5078,2378
5079,1587
5080,3826
5081,323
5082,790
5083,672
5084,1317
5085,3555
5086,964
5087,2358
5088,1021
5089,2358
5090,1512
5091,1670
5092,933
5093,1020
5094,1292
5095,2921
5096,2444
5097,2045
5098,1160
5099,1934
5100,1160
5101,2675
5102,1160
5103,3821
5104,335
5105,348
5106,348
5107,3141
5108,1605
5109,1707
5110,1931
5111,3271
5112,1416
5113,3271
5114,2410
5115,3271
5116,1112
5117,1661
5118,2311
5119,1661
5120,2566
5121,2190
5122,2313
5123,905
5124,3252
5125,3009
5126,344
5127,352
5128,344
5129,2839
5130,1682
5131,1084
5132,3466
5133,1879
5134,3065
5135,1955
5136,1360
5137,1955
5138,1549
5139,1955
5140,1968
5141,2425
5142,1955
5143,2590
5144,2885
5145,1955
5146,3417
5147,2430
5148,1636
5149,2224
5150,2371
5151,2569
5152,347
5153,470
5154,347
5155,1139
5156,1177
5157,1139
5158,2850
5159,1527
5160,1734
5161,755
5162,1476
5163,793
5164,511
5165,1095
5166,1545
5167,1398
5168,414
5169,2897
5170,3378
5171,3408
5172,1655
5173,2806
5174,2352
5175,356
5176,610
5177,610
5178,1004
5179,1204
5180,1360
5181,610
5182,3171
5183,3868
5184,2608
5185,2341
5186,2748
5187,2753
5188,2873
5189,518
5190,1155
5191,2632
5192,2780
5193,3547
5194,3780
5195,3374
5196,1069
5197,360
5198,1176
5199,360
5200,2865
5201,1176
5202,3717
5203,2865
5204,3124
5205,1358
5206,2751
5207,2682
5208,3557
5209,427
5210,1312
5211,604
5212,2278
5213,604
5214,366
5215,746
5216,366
5217,1244
5218,2979
5219,746
5220,867
5221,3027
5222,3257
5223,2344
5224,3849
5225,1227
5226,1213
5227,1599
5228,1213
5229,2132
5230,1213
5231,2798
5232,3080
5233,3669
5234,897
5235,1963
5236,1989
5237,671
5238,3112
5239,373
5240,1794
5241,374
5242,783
5243,374
5244,1142
5245,1142
5246,1851
5247,1995
5248,1787
5249,2739
5250,377
5251,389
5252,1003
5253,377
5254,3154
5255,389
5256,790
5257,3154
5258,3502
5259,379
5260,1765
5261,1096
5262,1726
5263,1088
5264,2493
5265,983
5266,3091
5267,1007
5268,1812
5269,815
5270,381
5271,2032
5272,3226
5273,900
5274,1564
5275,388
5276,2123
5277,790
5278,1711
5279,790
5280,1936
5281,2434
5282,390
5283,511
5284,2368
5285,2368
5286,3625
5287,2206
5288,3044
5289,2362
5290,2841
5291,3707
5292,1730
5293,3151
5294,2418
5295,3751
5296,396
5297,1000
5298,1000
5299,1463
5300,1000
5301,2738
5302,3125
5303,3473
5304,611
5305,482
5306,611
5307,1552
5308,3081
5309,3428
5310,2631
5311,692
5312,3009
5313,1690
5314,1692
5315,2053
5316,3787
5317,1522
5318,400
5319,1985
5320,407
5321,1233
5322,1329
5323,407
5324,2458
5325,407
5326,3931
5327,1233
5328,2450
5329,1233
5330,3421
5331,1233
5332,3696
5333,1329
5334,1482
5335,423
5336,3931
5337,1104
5338,1218
5339,1779
5340,3931
5341,1994
5342,3931
5343,2391
5344,2633
5345,3931
5346,3283
5347,3436
5348,409
5349,1031
5350,409
5351,1054
5352,957
5353,1862
5354,3153
5355,522
5356,1556
5357,1075
5358,2227
5359,1075
5360,2245
5361,3806
5362,411
5363,1352
5364,1672
5365,1352
5366,2010
5367,1352
5368,2158
5369,1352
5370,2874
5371,414
5372,2788
5373,416
5374,2647
5375,704
5376,569
5377,1767
5378,3093
5379,1728
5380,3220
5381,2543
5382,1175
5383,2536
5384,3175
5385,924
5386,3175
5387,1089
5388,3175
5389,1379
5390,3175
5391,2172
5392,3175
5393,3382
5394,2645
5395,1722
5396,3247
5397,425
5398,450
5399,425
5400,3069
5401,425
5402,3111
5403,3431
5404,1366
5405,3206
5406,2840
5407,3392
5408,1960
5409,1690
5410,2709
5411,935
5412,2248
5413,3391
5414,1078
5415,1396
5416,1331
5417,3094
5418,2725
5419,3769
5420,3925
5421,808
5422,2455
5423,1353
5424,1566
5425,3170
5426,3222
5427,434
5428,2085
5429,2085
5430,1876
5431,436
5432,1991
5433,2734
5434,439
5435,3244
5436,732
5437,2442
5438,3332
5439,2372
5440,3332
5441,3849
5442,441
5443,767
5444,441
5445,1627
5446,3575
5447,477
5448,1362
5449,477
5450,1381
5451,477
5452,1732
5453,477
5454,1845
5455,1748
5456,1837
5457,2337
5458,1340
5459,2337
5460,3775
5461,1184
5462,3147
5463,2669
5464,3274
5465,721
5466,3754
5467,3276
5468,1115
5469,2309
5470,445
5471,651
5472,445
5473,3339
5474,651
5475,1451
5476,651
5477,2052
5478,651
5479,2237
5480,3549
5481,446
5482,523
5483,446
5484,2255
5485,446
5486,3190
5487,523
5488,2731
5489,2255
5490,3743
5491,2701
5492,3634
5493,1001
5494,1947
5495,2131
5496,631
5497,1082
5498,631
5499,1756
5500,631
5501,2447
5502,631
5503,3043
5504,816
5505,3102
5506,816
5507,3940
5508,1294
5509,3434
5510,1917
5511,3422
5512,2377
5513,3422
5514,2612
5515,3422
5516,3641
5517,3674
5518,449
5519,971
5520,449
5521,1226
5522,1335
5523,971
5524,1427
5525,971
5526,1754
5527,1370
5528,1427
5529,2414
5530,1186
5531,1268
5532,2291
5533,3456
5534,1604
5535,2008
5536,2400
5537,1725
5538,2400
5539,2665
5540,457
5541,1122
5542,457
5543,2656
5544,1828
5545,1122
5546,2851
5547,2656
5548,2441
5549,458
5550,3679
5551,2485
5552,2774
5553,2815
5554,3393
5555,3394
5556,3757
5557,3842
5558,459
5559,1394
5560,1394
5561,2259
5562,460
5563,2515
5564,460
5565,2840
5566,2840
5567,2555
5568,3168
5569,462
5570,903
5571,463
5572,2629
5573,2629
5574,1800
5575,2629
5576,2900
5577,1385
5578,3015
5579,1574
5580,3732
5581,553
5582,467
5583,1630
5584,1630
5585,993
5586,1068
5587,1790
5588,2236
5589,3097
5590,841
5591,1046
5592,1017
5593,1253
5594,1017
5595,1430
5596,1017
5597,1704
5598,1017
5599,1956
5600,2169
5601,2245
5602,1017
5603,3229
5604,3462
5605,1017
5606,3540
5607,473
5608,801
5609,1117
5610,476
5611,497
5612,476
5613,662
5614,476
5615,1288
5616,476
5617,3774
5618,662
5619,1599
5620,662
5621,2908
5622,1020
5623,1156
5624,1524
5625,2824
5626,1845
5627,702
5628,1845
5629,2530
5630,620
5631,996
5632,616
5633,851
5634,979
5635,864
5636,3933
5637,1273
5638,2131
5639,2111
5640,2795
5641,3098
5642,3807
5643,2300
5644,598
5645,3347
5646,3259
5647,481
5648,1180
5649,481
5650,3892
5651,3825
5652,1147
5653,3825
5654,2704
5655,485
5656,1803
5657,1803
5658,555
5659,1803
5660,1447
5661,1778
5662,2667
5663,2825
5664,877
5665,2497
5666,3023
5667,3937
5668,489
5669,1325
5670,779
5671,2521
5672,918
5673,2521
5674,2555
5675,2918
5676,2676
5677,3562
5678,2916
5679,2555
5680,2991
5681,3077
5682,2496
5683,2961
5684,2262
5685,2961
5686,3415
5687,506
5688,1038
5689,665
5690,3622
5691,3622
5692,660
5693,1202
5694,2628
5695,3384
5696,3384
5697,2904
5698,3273
5699,510
5700,3501
5701,3501
5702,1763
5703,3501
5704,1910
5705,3501
5706,2858
5707,943
5708,1304
5709,1956
5710,2052
5711,1956
5712,835
5713,1212
5714,1222
5715,3626
5716,3932
5717,1878
5718,517
5719,3469
5720,2499
5721,1647
5722,522
5723,3940
5724,2348
5725,3940
5726,1286
5727,3049
5728,524
5729,3924
5730,1422
5731,1795
5732,1818
5733,891
5734,2251
5735,2317
5736,1214
5737,1235
5738,1214
5739,2290
5740,1502
5741,1897
5742,2912
5743,3215
5744,2706
5745,3049
5746,1399
5747,2223
5748,3049
5749,2522
5750,2654
5751,3049
5752,2797
5753,3924
5754,3079
5755,2471
5756,1586
5757,2517
5758,1866
5759,607
5760,526
5761,2293
5762,2296
5763,2293
5764,1500
5765,2814
5766,559
5767,543
5768,770
5769,2586
5770,770
5771,3613
5772,1712
5773,3753
5774,536
5775,949
5776,949
5777,3162
5778,537
5779,2412
5780,924
5781,1880
5782,1720
5783,2441
5784,1477
5785,3440
5786,1527
5787,2579
5788,2202
5789,826
5790,1603
5791,1721
5792,2389
5793,2467
5794,3155
5795,854
5796,3745
5797,1841
5798,3627
5799,548
5800,1254
5801,1254
5802,1006
5803,1254
5804,1197
5805,1254
5806,1926
5807,1254
5808,2151
5809,1254
5810,3598
5811,1228
5812,3311
5813,555
5814,896
5815,896
5816,2816
5817,1475
5818,1546
5819,2560
5820,1697
5821,2774
5822,1731
5823,1508
5824,1731
5825,1546
5826,1709
5827,3101
5828,2343
5829,1274
5830,3087
5831,1810
5832,2858
5833,1810
5834,3320
5835,1703
5836,2842
5837,901
5838,1157
5839,830
5840,1157
5841,1862
5842,1247
5843,1881
5844,1247
5845,3798
5846,2401
5847,965
5848,1701
5849,1902
5850,1984
5851,2031
5852,2401
5853,2095
5854,2401
5855,2199
5856,2401
5857,2398
5858,2401
5859,2577
5860,2401
5861,2741
5862,2760
5863,2401
5864,2853
5865,2401
5866,3256
5867,3262
5868,2401
5869,3632
5870,2401
5871,3751
5872,3247
5873,873
5874,3247
5875,1216
5876,3247
5877,1607
5878,3738
5879,2353
5880,566
5881,681
5882,566
5883,2316
5884,681
5885,681
5886,2066
5887,2978
5888,1323
5889,1413
5890,1323
5891,2375
5892,1323
5893,3224
5894,1323
5895,3784
5896,3905
5897,2207
5898,1863
5899,2207
5900,3780
5901,569
5902,1465
5903,2282
5904,2764
5905,1465
5906,2326
5907,2282
5908,2121
5909,572
5910,961
5911,961
5912,3828
5913,574
5914,1087
5915,575
5916,1607
5917,1685
5918,3195
5919,1311
5920,2914
5921,2047
5922,2914
5923,2216
5924,1216
5925,1600
5926,2241
5927,3081
5928,2892
5929,1776
5930,578
5931,2136
5932,2136
5933,2272
5934,2601
5935,580
5936,1626
5937,580
5938,1783
5939,580
5940,1952
5941,1626
5942,1532
5943,1082
5944,3686
5945,1082
5946,1239
5947,3761
5948,3686
5949,2447
5950,3686
5951,3043
5952,3686
5953,3047
5954,594
5955,1629
5956,594
5957,2790
5958,583
5959,1743
5960,2173
5961,2267
5962,2364
5963,1743
5964,3480
5965,3071
5966,2971
5967,2518
5968,2517
5969,589
5970,2776
5971,2776
5972,2644
5973,3251
5974,1864
5975,591
5976,2179
5977,3021
5978,3908
5979,1686
5980,3375
5981,2413
5982,2469
5983,2637
5984,3047
5985,3096
5986,2059
5987,3128
5988,2027
5989,2808
5990,2027
5991,3157
5992,3243
5993,2027
5994,3816
5995,2179
5996,2179
5997,3740
5998,1868
5999,1781
6000,592
6001,632
6002,592
6003,2708
6004,597
6005,867
6006,598
6007,1859
6008,598
6009,2326
6010,598
6011,3849
6012,1192
6013,1903
6014,2326
6015,3947
6016,1623
6017,2214
6018,2437
6019,2755
6020,3737
6021,2604
6022,2324
6023,2604
6024,3223
6025,3849
6026,2860
6027,3849
6028,599
6029,958
6030,599
6031,3694
6032,3694
6033,1513
6034,2278
6035,2070
6036,3490
6037,2958
6038,1898
6039,608
6040,986
6041,608
6042,1553
6043,608
6044,3815
6045,986
6046,1249
6047,1076
6048,1204
6049,1391
6050,1204
6051,2234
6052,3081
6053,2526
6054,1515
6055,612
6056,2191
6057,2726
6058,887
6059,613
6060,1255
6061,1473
6062,1944
6063,1946
6064,887
6065,2755
6066,1091
6067,1255
6068,2308
6069,1255
6070,2783
6071,1533
6072,1648
6073,773
6074,1648
6075,2067
6076,1944
6077,3896
6078,2966
6079,3945
6080,614
6081,1835
6082,791
6083,1099
6084,1674
6085,618
6086,3122
6087,3122
6088,1491
6089,621
6090,1282
6091,621
6092,1754
6093,621
6094,1789
6095,621
6096,1994
6097,621
6098,3395
6099,621
6100,3635
6101,1282
6102,3134
6103,1754
6104,1633
6105,3735
6106,3395
6107,3476
6108,628
6109,2856
6110,2856
6111,3212
6112,2856
6113,3351
6114,3352
6115,629
6116,1344
6117,629
6118,2203
6119,629
6120,3850
6121,2003
6122,2209
6123,2447
6124,3467
6125,633
6126,2205
6127,633
6128,2714
6129,2205
6130,2140
6131,2714
6132,3712
6133,2078
6134,635
6135,3168
6136,3168
6137,1280
6138,3168
6139,1878
6140,3168
6141,2791
6142,1008
6143,1097
6144,1172
6145,3782
6146,2468
6147,3109
6148,2468
6149,3871
6150,2812
6151,952
6152,952
6153,2308
6154,952
6155,3872
6156,2165
6157,2402
6158,2223
6159,3215
6160,2686
6161,2077
6162,740
6163,2077
6164,1140
6165,2077
6166,1580
6167,2143
6168,1822
6169,3361
6170,1912
6171,650
6172,2580
6173,1423
6174,1662
6175,3289
6176,3325
6177,3832
6178,3270
6179,3629
6180,660
6181,1227
6182,660
6183,1557
6184,1989
6185,1557
6186,3286
6187,1557
6188,3905
6189,1989
6190,2617
6191,1989
6192,2838
6193,1989
6194,2902
6195,1989
6196,3340
6197,3370
6198,1989
6199,3758
6200,3022
6201,1014
6202,3022
6203,2153
6204,666
6205,1320
6206,666
6207,2818
6208,3643
6209,2818
6210,2585
6211,670
6212,1097
6213,1317
6214,2661
6215,677
6216,3073
6217,2524
6218,1890
6219,2561
6220,1890
6221,2633
6222,1032
6223,2888
6224,3602
6225,2114
6226,684
6227,3125
6228,3125
6229,1417
6230,1357
6231,3276
6232,3183
6233,3415
6234,696
6235,2355
6236,824
6237,1726
6238,1650
6239,3162
6240,898
6241,698
6242,2613
6243,2613
6244,3707
6245,1414
6246,1067
6247,1847
6248,2710
6249,3363
6250,2901
6251,737
6252,2901
6253,3556
6254,1773
6255,2873
6256,702
6257,834
6258,3137
6259,705
6260,2141
6261,705
6262,2456
6263,2141
6264,3113
6265,708
6266,720
6267,710
6268,2636
6269,710
6270,3865
6271,2636
6272,2833
6273,1876
6274,3444
6275,712
6276,1310
6277,712
6278,1438
6279,1310
6280,1518
6281,1311
6282,2095
6283,1311
6284,2252
6285,2434
6286,2397
6287,3035
6288,3479
6289,3134
6290,1605
6291,3134
6292,2192
6293,3134
6294,2273
6295,719
6296,954
6297,2391
6298,3301
6299,2807
6300,2375
6301,2807
6302,2848
6303,2807
6304,2904
6305,3164
6306,728
6307,1616
6308,1616
6309,3166
6310,1530
6311,1579
6312,1530
6313,1604
6314,1530
6315,736
6316,1021
6317,737
6318,2369
6319,3777
6320,2096
6321,2778
6322,2903
6323,3459
6324,2959
6325,2792
6326,743
6327,1280
6328,1280
6329,2308
6330,1536
6331,3858
6332,1849
6333,2212
6334,1464
6335,1850
6336,2733
6337,2331
6338,1210
6339,1966
6340,3279
6341,752
6342,1608
6343,2602
6344,754
6345,857
6346,754
6347,2470
6348,1334
6349,1432
6350,1885
6351,3397
6352,3848
6353,3214
6354,1713
6355,760
6356,2540
6357,760
6358,2646
6359,2646
6360,2323
6361,2646
6362,3414
6363,2646
6364,3781
6365,2646
6366,3802
6367,3813
6368,2646
6369,3920
6370,977
6371,977
6372,1822
6373,977
6374,1846
6375,977
6376,3810
6377,1050
6378,3323
6379,3611
6380,2043
6381,2338
6382,2043
6383,2517
6384,2461
6385,3389
6386,3354
6387,2354
6388,2048
6389,3683
6390,2598
6391,1092
6392,3613
6393,1540
6394,3613
6395,3448
6396,1450
6397,3436
6398,3434
6399,3436
6400,3633
6401,1992
6402,2071
6403,1633
6404,3804
6405,1717
6406,1291
6407,2770
6408,1576
6409,1856
6410,1576
6411,2424
6412,1976
6413,1942
6414,2083
6415,2420
6416,2962
6417,3103
6418,1148
6419,2621
6420,1148
6421,3025
6422,1148
6423,3331
6424,1936
6425,3053
6426,794
6427,812
6428,812
6429,2996
6430,1248
6431,802
6432,1805
6433,1949
6434,2015
6435,3341
6436,3127
6437,3856
6438,1350
6439,3019
6440,950
6441,2260
6442,950
6443,2696
6444,1355
6445,1098
6446,1355
6447,1869
6448,2175
6449,982
6450,3159
6451,2512
6452,1522
6453,1580
6454,2938
6455,1714
6456,3628
6457,1305
6458,3628
6459,2078
6460,3628
6461,3707
6462,830
6463,1807
6464,2023
6465,832
6466,2055
6467,2055
6468,3471
6469,833
6470,1408
6471,833
6472,2423
6473,3055
6474,3158
6475,3843
6476,1392
6477,1188
6478,2590
6479,838
6480,935
6481,3690
6482,840
6483,2246
6484,2246
6485,2098
6486,2246
6487,3238
6488,841
6489,3538
6490,842
6491,1162
6492,2769
6493,2769
6494,1081
6495,1531
6496,2925
6497,848
6498,2748
6499,850
6500,1643
6501,3661
6502,2209
6503,1057
6504,2209
6505,3405
6506,3661
6507,2386
6508,3661
6509,3706
6510,1440
6511,2681
6512,1440
6513,2880
6514,860
6515,860
6516,2220
6517,1091
6518,1655
6519,2220
6520,2167
6521,1413
6522,1724
6523,862
6524,1573
6525,2113
6526,1637
6527,3459
6528,1484
6529,3459
6530,3032
6531,874
6532,1071
6533,3356
6534,2350
6535,1735
6536,2281
6537,2587
6538,3471
6539,1895
6540,2073
6541,1462
6542,3150
6543,879
6544,1894
6545,1391
6546,2156
6547,883
6548,2230
6549,2230
6550,3640
6551,2230
6552,3700
6553,3747
6554,2230
6555,3809
6556,2230
6557,3874
6558,2524
6559,923
6560,1910
6561,2138
6562,1379
6563,2283
6564,2755
6565,1448
6566,2755
6567,2737
6568,890
6569,1610
6570,890
6571,3649
6572,1422
6573,1293
6574,2072
6575,1422
6576,2563
6577,2713
6578,2388
6579,1906
6580,2698
6581,898
6582,1080
6583,1617
6584,1221
6585,2279
6586,899
6587,2600
6588,2395
6589,1506
6590,3306
6591,3203
6592,906
6593,1899
6594,906
6595,2939
6596,1899
6597,2007
6598,908
6599,3353
6600,3353
6601,2351
6602,3791
6603,914
6604,2722
6605,914
6606,2869
6607,3372
6608,2722
6609,3781
6610,917
6611,1269
6612,1498
6613,918
6614,3092
6615,1002
6616,2090
6617,2097
6618,1090
6619,925
6620,1047
6621,1047
6622,1039
6623,928
6624,2132
6625,3065
6626,3548
6627,3698
6628,3949
6629,2772
6630,1020
6631,2276
6632,1020
6633,3618
6634,2534
6635,945
6636,1284
6637,945
6638,1594
6639,945
6640,2239
6641,2532
6642,2822
6643,2239
6644,3838
6645,1090
6646,948
6647,1687
6648,948
6649,2514
6650,948
6651,2617
6652,948
6653,3378
6654,1687
6655,3249
6656,2247
6657,2617
6658,2698
6659,3485
6660,951
6661,1279
6662,951
6663,1777
6664,2037
6665,1777
6666,1739
6667,2308
6668,2411
6669,960
6670,1604
6671,2124
6672,2883
6673,3828
6674,1571
6675,3828
6676,3465
6677,3939
6678,3657
6679,3911
6680,965
6681,3948
6682,967
6683,2797
6684,3803
6685,974
6686,1718
6687,2118
6688,1257
6689,1831
6690,1846
6691,2381
6692,3714
6693,2011
6694,982
6695,3543
6696,2064
6697,3528
6698,985
6699,3285
6700,3285
6701,1405
6702,987
6703,1482
6704,987
6705,2104
6706,2104
6707,3324
6708,989
6709,1638
6710,1068
6711,1790
6712,1834
6713,1790
6714,2238
6715,1790
6716,2657
6717,3846
6718,2236
6719,3336
6720,3097
6721,2504
6722,995
6723,1633
6724,2192
6725,3131
6726,2192
6727,3707
6728,2738
6729,2063
6730,2951
6731,1809
6732,2404
6733,1013
6734,1921
6735,1921
6736,2126
6737,1921
6738,3844
6739,1014
6740,2330
6741,1014
6742,3160
6743,3229
6744,2736
6745,3462
6746,2029
6747,3540
6748,3138
6749,3623
6750,3836
6751,1019
6752,3793
6753,3793
6754,3050
6755,1028
6756,1542
6757,1028
6758,3566
6759,1028
6760,3740
6761,1028
6762,3801
6763,1542
6764,3660
6765,3566
6766,2184
6767,3566
6768,3033
6769,3710
6770,3566
6771,3851
6772,3740
6773,1242
6774,1030
6775,1089
6776,1030
6777,1999
6778,1030
6779,3000
6780,1999
6781,1315
6782,1033
6783,1600
6784,1041
6785,1837
6786,1041
6787,2620
6788,3545
6789,2827
6790,2319
6791,2827
6792,3176
6793,2827
6794,3343
6795,1270
6796,2478
6797,3875
6798,2579
6799,3323
6800,3796
6801,3323
6802,3904
6803,1862
6804,2062
6805,1057
6806,2834
6807,2116
6808,1702
6809,2116
6810,1826
6811,2338
6812,2174
6813,3443
6814,3178
6815,3443
6816,3894
6817,1061
6818,2142
6819,3482
6820,3885
6821,1834
6822,3822
6823,3898
6824,3791
6825,2453
6826,2931
6827,1073
6828,2931
6829,1242
6830,1074
6831,2280
6832,2643
6833,3464
6834,3651
6835,1074
6836,3901
6837,3921
6838,2681
6839,2805
6840,2681
6841,3864
6842,1077
6843,1250
6844,1077
6845,3527
6846,2323
6847,1396
6848,1887
6849,1081
6850,2550
6851,1081
6852,3026
6853,3761
6854,1981
6855,1532
6856,2973
6857,1086
6858,3029
6859,1658
6860,1973
6861,3614
6862,1374
6863,2605
6864,1090
6865,3136
6866,3136
6867,2451
6868,1098
6869,1302
6870,1100
6871,1534
6872,1100
6873,3033
6874,1534
6875,3108
6876,3033
6877,1920
6878,3033
6879,2492
6880,3744
6881,1102
6882,1259
6883,1102
6884,3866
6885,1259
6886,2557
6887,1259
6888,3595
6889,1420
6890,2750
6891,1105
6892,3762
6893,1566
6894,2992
6895,3320
6896,3232
6897,3563
6898,3177
6899,1121
6900,1980
6901,1980
6902,2551
6903,2232
6904,2977
6905,1514
6906,1910
6907,3416
6908,1467
6909,2566
6910,2225
6911,1137
6912,2000
6913,3346
6914,2000
6915,2188
6916,1334
6917,3783
6918,1361
6919,1570
6920,1144
6921,2135
6922,2861
6923,1165
6924,3025
6925,2707
6926,3767
6927,2930
6928,3923
6929,1154
6930,2151
6931,2151
6932,2335
6933,2151
6934,3648
6935,1349
6936,2762
6937,1167
6938,2312
6939,1263
6940,2312
6941,2879
6942,3050
6943,3782
6944,3403
6945,1175
6946,2934
6947,1965
6948,2899
6949,2536
6950,1468
6951,2934
6952,2910
6953,3016
6954,3468
6955,3493
6956,3677
6957,1186
6958,3292
6959,1188
6960,2846
6961,3373
6962,2406
6963,1702
6964,2125
6965,3273
6966,2635
6967,2862
6968,2599
6969,3577
6970,3067
6971,1873
6972,2798
6973,3380
6974,2798
6975,3824
6976,2271
6977,3936
6978,2290
6979,3189
6980,3241
6981,2241
6982,2241
6983,3474
6984,3951
6985,2315
6986,1990
6987,1439
6988,3215
6989,3311
6990,2902
6991,3421
6992,2803
6993,1240
6994,2253
6995,1242
6996,2288
6997,2752
6998,3494
6999,3532
7000,3803
7001,3599
7002,3803
7003,3764
7004,1895
7005,3445
7006,2323
7007,2222
7008,2354
7009,2323
7010,2417
7011,2454
7012,2323
7013,2459
7014,2475
7015,2323
7016,2530
7017,2323
7018,2887
7019,3598
7020,2080
7021,1256
7022,2674
7023,2674
7024,2694
7025,3494
7026,3596
7027,2471
7028,3760
7029,3457
7030,1267
7031,3015
7032,2567
7033,3015
7034,2849
7035,3015
7036,3763
7037,3015
7038,3907
7039,3004
7040,3169
7041,3187
7042,2789
7043,2899
7044,3658
7045,3906
7046,3941
7047,3277
7048,1407
7049,1276
7050,3683
7051,3683
7052,2533
7053,1290
7054,3429
7055,3429
7056,1458
7057,2770
7058,3839
7059,1293
7060,3607
7061,3607
7062,2072
7063,1298
7064,2560
7065,2416
7066,2006
7067,2953
7068,2006
7069,3667
7070,2571
7071,2408
7072,2698
7073,3797
7074,2010
7075,1752
7076,2365
7077,2452
7078,1925
7079,2274
7080,2473
7081,2183
7082,3915
7083,2176
7084,2641
7085,2836
7086,1315
7087,1379
7088,1379
7089,2040
7090,1379
7091,3424
7092,1321
7093,1654
7094,3544
7095,3544
7096,2789
7097,3544
7098,2871
7099,3784
7100,3028
7101,2168
7102,3215
7103,1330
7104,2907
7105,1332
7106,2366
7107,2366
7108,3364
7109,3477
7110,1345
7111,3085
7112,1345
7113,3251
7114,1347
7115,1459
7116,1351
7117,2721
7118,1353
7119,3123
7120,2683
7121,3771
7122,1570
7123,3766
7124,1374
7125,2297
7126,2297
7127,3489
7128,1375
7129,3840
7130,2040
7131,2737
7132,1387
7133,2650
7134,1387
7135,3579
7136,3579
7137,1928
7138,3561
7139,2259
7140,2161
7141,1399
7142,1444
7143,1554
7144,1701
7145,1404
7146,1634
7147,2967
7148,1405
7149,3020
7150,3020
7151,3150
7152,3230
7153,2178
7154,3369
7155,2273
7156,3610
7157,1417
7158,1830
7159,1749
7160,2868
7161,3362
7162,2750
7163,2651
7164,3442
7165,2129
7166,2880
7167,2900
7168,3098
7169,1445
7170,2062
7171,2062
7172,1892
7173,2062
7174,1492
7175,3201
7176,1466
7177,3795
7178,1471
7179,3938
7180,1914
7181,3833
7182,1472
7183,2507
7184,1546
7185,1489
7186,3440
7187,2445
7188,2796
7189,2083
7190,1481
7191,2639
7192,2639
7193,1508
7194,1484
7195,3713
7196,1637
7197,2823
7198,1804
7199,1507
7200,1739
7201,1882
7202,3585
7203,1702
7204,3709
7205,3342
7206,3829
7207,1802
7208,1579
7209,2281
7210,2886
7211,1938
7212,2801
7213,2225
7214,3199
7215,3808
7216,2853
7217,2545
7218,2036
7219,3418
7220,3584
7221,1551
7222,2784
7223,2784
7224,1839
7225,3360
7226,3438
7227,1555
7228,2562
7229,2562
7230,2332
7231,2562
7232,2452
7233,2702
7234,3113
7235,1562
7236,1590
7237,3255
7238,1568
7239,1744
7240,2915
7241,3779
7242,2081
7243,2915
7244,1705
7245,2424
7246,2422
7247,3096
7248,3733
7249,2270
7250,2363
7251,3536
7252,2517
7253,2070
7254,2517
7255,2073
7256,2284
7257,1598
7258,2735
7259,2735
7260,3912
7261,1603
7262,3472
7263,1603
7264,3639
7265,3639
7266,3445
7267,3644
7268,2466
7269,1625
7270,2775
7271,2947
7272,2994
7273,1904
7274,2881
7275,1628
7276,2693
7277,2711
7278,1957
7279,2723
7280,2693
7281,1842
7282,1635
7283,2501
7284,3165
7285,3636
7286,1896
7287,3402
7288,3811
7289,1675
7290,3499
7291,1653
7292,2975
7293,1653
7294,3179
7295,3179
7296,2115
7297,1664
7298,2754
7299,2187
7300,1671
7301,2213
7302,2218
7303,2611
7304,3334
7305,3553
7306,1677
7307,3016
7308,3016
7309,2983
7310,3011
7311,3335
7312,3016
7313,3419
7314,3420
7315,3873
7316,3016
7317,3889
7318,3906
7319,2597
7320,2680
7321,3930
7322,2946
7323,2390
7324,1986
7325,2390
7326,3617
7327,1695
7328,1699
7329,1927
7330,2479
7331,1701
7332,2189
7333,1739
7334,1886
7335,2057
7336,1705
7337,2087
7338,1771
7339,3157
7340,3232
7341,3753
7342,3181
7343,3753
7344,3515
7345,3492
7346,3220
7347,2949
7348,2933
7349,3859
7350,2538
7351,1742
7352,2620
7353,2173
7354,2201
7355,2494
7356,2986
7357,1759
7358,3640
7359,3640
7360,3582
7361,3640
7362,3599
7363,3914
7364,1763
7365,3320
7366,3320
7367,2889
7368,1766
7369,2429
7370,2606
7371,3062
7372,3245
7373,1804
7374,2007
7375,1804
7376,3630
7377,2935
7378,3200
7379,2943
7380,2688
7381,2858
7382,2244
7383,2858
7384,2889
7385,1817
7386,3836
7387,1824
7388,2091
7389,1824
7390,2188
7391,2091
7392,3321
7393,2188
7394,2336
7395,2188
7396,2732
7397,2409
7398,2182
7399,1832
7400,3675
7401,1853
7402,2020
7403,2020
7404,2374
7405,3065
7406,2548
7407,1884
7408,1892
7409,1888
7410,2808
7411,3359
7412,1888
7413,3799
7414,2561
7415,3870
7416,2561
7417,3880
7418,2633
7419,3617
7420,1898
7421,2264
7422,3383
7423,1973
7424,2810
7425,2035
7426,2725
7427,3655
7428,1922
7429,3653
7430,1938
7431,2627
7432,1938
7433,2685
7434,3896
7435,3388
7436,1954
7437,2266
7438,2266
7439,2380
7440,2266
7441,3056
7442,2266
7443,3067
7444,2266
7445,3560
7446,2266
7447,3654
7448,2266
7449,3685
7450,2711
7451,3495
7452,2810
7453,2610
7454,2810
7455,3248
7456,3748
7457,3934
7458,2176
7459,1984
7460,2004
7461,3256
7462,3243
7463,3131
7464,2029
7465,2941
7466,2941
7467,3146
7468,2941
7469,3463
7470,2699
7471,2149
7472,2045
7473,3743
7474,2050
7475,2070
7476,2482
7477,2482
7478,2373
7479,2075
7480,3617
7481,2459
7482,2415
7483,2102
7484,2453
7485,2712
7486,3581
7487,2137
7488,2862
7489,2283
7490,3143
7491,2145
7492,2831
7493,2145
7494,3084
7495,3385
7496,3084
7497,3518
7498,3673
7499,3751
7500,3518
7501,3673
7502,2171
7503,3146
7504,2171
7505,3647
7506,3369
7507,2184
7508,3603
7509,2593
7510,2184
7511,3309
7512,3552
7513,2184
7514,3830
7515,3830
7516,3599
7517,3830
7518,3914
7519,2198
7520,3430
7521,3903
7522,2199
7523,3601
7524,2210
7525,2318
7526,3700
7527,3710
7528,2832
7529,3775
7530,3479
7531,2922
7532,3542
7533,2353
7534,2956
7535,2853
7536,3305
7537,2408
7538,2792
7539,2410
7540,3722
7541,2439
7542,2483
7543,2523
7544,3028
7545,2523
7546,3741
7547,3250
7548,2678
7549,2464
7550,3502
7551,2503
7552,3655
7553,3845
7554,3950
7555,3900
7556,3559
7557,2680
7558,2889
7559,2758
7560,3187
7561,3264
7562,2758
7563,3577
7564,3768
7565,3781
7566,3827
7567,3781
7568,3837
7569,3881
7570,3920
7571,3512
7572,2684
7573,3196
7574,3692
7575,3662
7576,2705
7577,2812
7578,3305
7579,3834
7580,3658
7581,2890
7582,2930
7583,2894
7584,3853
7585,2898
7586,3658
7587,3076
7588,3556
7589,3508
7590,3318
7591,3318
7592,3889
7593,3420
7594,3513
7595,3656
7596,3140
7597,3487
7598,3186
7599,3283
7600,3365
7601,3609
7602,3882
7603,3890
