0,1
1,212
2,1155
3,1155
4,1155
5,1155
6,1155
7,1155
8,1155
9,1155
10,1155
11,1155
12,1155
13,1155
14,1155
15,1155
16,1155
17,1155
18,1155
19,1155
20,1155
21,1155
22,1155
23,1155
24,1155
25,1155
26,1966
27,1966
28,1968
29,1970
30,1974
31,1975
32,1980
33,1980
34,1982
35,1982
36,1985
37,1991
38,1997
39,1997
40,1997
41,2028
42,2028
43,2033
44,2039
45,2046
46,2049
47,2058
48,2058
49,2061
50,2067
51,2067
52,2085
53,2092
54,2092
55,2104
56,2137
57,2138
58,2154
59,2173
60,2174
61,2175
62,2176
63,2176
64,2177
65,2177
66,2182
67,2182
68,2186
69,2187
70,2187
71,2188
72,2209
73,2216
74,2223
75,2235
76,2235
77,2248
78,2251
79,2251
80,2254
81,2275
82,2299
83,2299
84,2305
85,2307
86,2308
87,2308
88,2311
89,2326
90,2342
91,2344
92,2352
93,2352
94,2355
95,2356
96,2356
97,2364
98,2368
99,2382
100,2393
101,2393
102,2401
103,2401
104,2415
105,2419
106,2422
107,2422
108,2429
109,2432
110,2432
111,2435
112,2449
113,2450
114,2453
115,2453
116,2455
117,2469
118,2469
119,2469
120,2469
121,2469
122,2481
123,2484
124,2489
125,2491
126,2502
127,2502
128,2531
129,2554
130,2560
131,2560
132,2573
133,2592
134,2613
135,2613
136,2614
137,2616
138,2618
139,2634
140,2634
141,2637
142,2644
143,2657
144,2658
145,2664
146,2664
147,2692
148,2718
149,2718
150,2719
151,2723
152,2725
153,2726
154,2726
155,2744
156,2744
157,2744
158,2747
159,2754
160,2762
161,2769
162,2776
163,2792
164,2792
165,2799
166,2803
167,2806
168,2806
169,2812
170,2816
171,2816
172,2821
173,2843
174,2847
175,2853
176,2853
177,2873
178,2878
179,2880
180,2895
181,2895
182,2900
183,2905
184,2907
185,2913
186,2925
187,2925
188,2938
189,2940
190,2949
191,2962
192,2962
193,2970
194,2970
195,2972
196,2991
197,2996
198,2999
199,3002
200,3008
201,3017
202,3017
203,3022
204,3028
205,3040
206,3041
207,3052
208,3059
209,1770
210,1770
211,1770
212,1186
213,1186
214,1316
215,1594
216,1594
217,1594
218,1594
219,1594
220,1594
221,1159
222,3077
223,3077
224,3077
225,3089
226,3093
227,3093
228,1173
229,1175
230,3101
231,3101
232,1187
233,3105
234,3105
235,1198
236,3115
237,3115
238,1201
239,1205
240,1205
241,1205
242,1205
243,3123
244,3126
245,1220
246,1220
247,1221
248,1223
249,3141
250,1239
251,1240
252,1240
253,1240
254,1240
255,3145
256,3145
257,3146
258,3146
259,1248
260,1258
261,1265
262,1273
263,1282
264,3168
265,3169
266,1287
267,3174
268,1291
269,1291
270,3191
271,3191
272,3192
273,3194
274,1311
275,3195
276,3195
277,3199
278,1321
279,1321
280,1325
281,1324
282,1331
283,3214
284,3214
285,1348
286,1348
287,1348
288,1357
289,1359
290,1359
291,1359
292,1364
293,1364
294,1364
295,1371
296,1379
297,1379
298,1388
299,1388
300,3241
301,1392
302,1401
303,1401
304,1404
305,1404
306,1404
307,1405
308,3253
309,3253
310,3261
311,1420
312,1420
313,1420
314,3265
315,1428
316,1428
317,1428
318,1429
319,1440
320,1440
321,3280
322,3296
323,3299
324,3299
325,1458
326,1458
327,1463
328,1464
329,1464
330,1466
331,1470
332,1472
333,1473
334,1473
335,1473
336,3317
337,3320
338,3320
339,3320
340,3322
341,1489
342,3330
343,3339
344,1503
345,1506
346,3342
347,1512
348,1512
349,1513
350,3354
351,3355
352,1529
353,1530
354,1530
355,1531
356,3366
357,1536
358,3371
359,1537
360,1539
361,3373
362,1544
363,1551
364,3386
365,1563
366,1565
367,1565
368,1570
369,1570
370,1576
371,1576
372,1576
373,3406
374,1592
375,1593
376,1598
377,1598
378,3428
379,3428
380,3433
381,3433
382,1607
383,1608
384,1610
385,1610
386,1610
387,1610
388,3443
389,3443
390,3443
391,1616
392,1616
393,3445
394,1625
395,1628
396,1628
397,3458
398,3461
399,3461
400,1640
401,1640
402,3466
403,3466
404,3468
405,3470
406,3470
407,3472
408,1650
409,1661
410,3479
411,3479
412,3479
413,3485
414,3485
415,1668
416,1668
417,1669
418,3490
419,1670
420,1673
421,3495
422,3500
423,3501
424,3501
425,3501
426,3502
427,1682
428,1682
429,3504
430,1687
431,1687
432,1693
433,1693
434,1698
435,1702
436,1708
437,1708
438,3516
439,3516
440,1712
441,3527
442,1724
443,1724
444,1724
445,1724
446,1727
447,1735
448,3544
449,3544
450,1736
451,1740
452,1740
453,3553
454,1755
455,3555
456,1757
457,1757
458,1762
459,1762
460,1762
461,3559
462,1767
463,3566
464,3568
465,3570
466,1780
467,1783
468,1785
469,3574
470,1793
471,1793
472,1794
473,1796
474,1796
475,1801
476,3587
477,3588
478,3588
479,1809
480,1810
481,1810
482,1812
483,1812
484,1818
485,1818
486,3607
487,1821
488,3608
489,3608
490,3608
491,3611
492,3612
493,3612
494,3618
495,1831
496,1831
497,1833
498,1833
499,1839
500,1839
501,1841
502,1841
503,1841
504,1843
505,1849
506,1849
507,1849
508,1854
509,3639
510,1855
511,3641
512,3643
513,3643
514,1863
515,1865
516,1865
517,1868
518,1869
519,3658
520,3659
521,3659
522,1884
523,1884
524,3663
525,1890
526,1892
527,3667
528,1895
529,3678
530,3678
531,3679
532,3681
533,3681
534,1910
535,1913
536,1916
537,1916
538,1927
539,3691
540,3704
541,3705
542,3705
543,1942
544,2
545,3019
546,815
547,2779
548,2612
549,1275
550,3033
551,2848
552,3047
553,2475
554,3289
555,3289
556,2660
557,3
558,3
559,3
560,3
561,3
562,3171
563,1471
564,3496
565,3496
566,3086
567,2302
568,742
569,1742
570,319
571,9
572,9
573,9
574,9
575,141
576,1653
577,1667
578,1667
579,1667
580,1667
581,1680
582,3534
583,3534
584,2729
585,2729
586,2729
587,603
588,2022
589,2425
590,3224
591,770
592,470
593,470
594,470
595,1374
596,1374
597,1374
598,1374
599,233
600,233
601,233
602,984
603,984
604,1425
605,1425
606,349
607,349
608,349
609,349
610,2219
611,2034
612,95
613,95
614,656
615,1384
616,1384
617,1384
618,1384
619,1384
620,1655
621,3308
622,3308
623,68
624,2143
625,2571
626,2571
627,2667
628,746
629,746
630,666
631,833
632,833
633,3431
634,3431
635,3431
636,3431
637,1786
638,1786
639,3530
640,3530
641,3442
642,3442
643,3442
644,120
645,120
646,859
647,3217
648,1125
649,1125
650,35
651,76
652,76
653,76
654,183
655,183
656,2257
657,371
658,371
659,371
660,403
661,403
662,2404
663,2404
664,435
665,435
666,435
667,435
668,464
669,464
670,2470
671,2470
672,2470
673,598
674,2563
675,2563
676,664
677,664
678,664
679,2641
680,2641
681,2652
682,2706
683,2735
684,997
685,997
686,1077
687,1077
688,1090
689,1090
690,1279
691,1279
692,1313
693,1395
694,1459
695,3383
696,3494
697,3674
698,3674
699,3674
700,1923
701,1923
702,1923
703,3616
704,3050
705,1167
706,2968
707,1845
708,1845
709,1845
710,1806
711,828
712,828
713,1601
714,611
715,130
716,130
717,2134
718,2134
719,3250
720,3250
721,902
722,902
723,902
724,902
725,902
726,597
727,597
728,1826
729,1826
730,1207
731,582
732,714
733,714
734,1643
735,1643
736,1643
737,1590
738,1779
739,749
740,749
741,1709
742,1295
743,1295
744,1457
745,492
746,492
747,309
748,309
749,309
750,3104
751,3104
752,194
753,194
754,194
755,194
756,3221
757,578
758,249
759,1341
760,229
761,229
762,229
763,229
764,1993
765,1993
766,530
767,530
768,530
769,530
770,530
771,530
772,530
773,530
774,530
775,530
776,530
777,530
778,530
779,530
780,530
781,530
782,530
783,530
784,530
785,530
786,530
787,530
788,530
789,530
790,530
791,530
792,530
793,530
794,530
795,530
796,530
797,530
798,530
799,530
800,530
801,530
802,530
803,530
804,530
805,530
806,530
807,530
808,530
809,530
810,530
811,530
812,530
813,530
814,1888
815,1888
816,1888
817,1888
818,1888
819,2427
820,2427
821,3228
822,3236
823,3236
824,3236
825,3626
826,3626
827,2662
828,2662
829,2662
830,2662
831,3688
832,3688
833,1696
834,1696
835,3133
836,2679
837,2790
838,2790
839,3078
840,3592
841,3331
842,3331
843,2227
844,2227
845,1774
846,2683
847,2683
848,3092
849,2358
850,2434
851,2717
852,3166
853,3237
854,2273
855,2273
856,2684
857,3143
858,2183
859,2194
860,2220
861,2220
862,2277
863,2421
864,2894
865,547
866,1226
867,1226
868,1323
869,1323
870,1123
871,1123
872,3471
873,1763
874,2479
875,2479
876,620
877,620
878,2670
879,912
880,912
881,2960
882,3003
883,3003
884,3011
885,3011
886,1132
887,1132
888,1218
889,1219
890,3219
891,1406
892,1586
893,1676
894,1825
895,1939
896,1939
897,1939
898,2915
899,3018
900,3309
901,3309
902,1382
903,1827
904,1663
905,1920
906,1681
907,1681
908,1681
909,1666
910,1737
911,3682
912,2946
913,2946
914,2946
915,467
916,3070
917,1859
918,1859
919,409
920,735
921,2267
922,2323
923,2323
924,1030
925,1030
926,1372
927,1372
928,3432
929,1870
930,1870
931,2117
932,2117
933,2202
934,406
935,406
936,406
937,3315
938,3315
939,3285
940,1665
941,1665
942,617
943,3581
944,3581
945,3581
946,3581
947,2916
948,3375
949,639
950,987
951,906
952,444
953,3686
954,776
955,776
956,571
957,571
958,1871
959,3499
960,3499
961,946
962,946
963,946
964,1171
965,1171
966,1171
967,621
968,621
969,2838
970,3351
971,3351
972,423
973,423
974,423
975,389
976,1638
977,1638
978,1638
979,695
980,751
981,751
982,489
983,2720
984,2400
985,209
986,209
987,867
988,867
989,2512
990,2512
991,2888
992,2989
993,1548
994,2604
995,775
996,2116
997,2376
998,2766
999,2914
1000,2914
1001,2961
1002,1437
1003,1623
1004,1623
1005,3436
1006,3436
1007,1901
1008,1853
1009,3418
1010,1602
1011,1602
1012,1602
1013,3707
1014,3707
1015,1436
1016,1436
1017,1566
1018,1566
1019,1566
1020,1566
1021,3451
1022,3451
1023,3451
1024,3134
1025,1936
1026,3602
1027,2255
1028,347
1029,2810
1030,3598
1031,3346
1032,3509
1033,2694
1034,2849
1035,1718
1036,2336
1037,2336
1038,2336
1039,2466
1040,2579
1041,2750
1042,2750
1043,1828
1044,3177
1045,1664
1046,1017
1047,1117
1048,2518
1049,3186
1050,1081
1051,3542
1052,3542
1053,3630
1054,1886
1055,3488
1056,2804
1057,3118
1058,2436
1059,2632
1060,1902
1061,2333
1062,2817
1063,3267
1064,3267
1065,3306
1066,1647
1067,1875
1068,1782
1069,4
1070,1573
1071,797
1072,1893
1073,3181
1074,3603
1075,3316
1076,3399
1077,1948
1078,3457
1079,2909
1080,2685
1081,2979
1082,1949
1083,1949
1084,1951
1085,1951
1086,1953
1087,1953
1088,1954
1089,1972
1090,1978
1091,1981
1092,1984
1093,1987
1094,1990
1095,2001
1096,2004
1097,2006
1098,2007
1099,2010
1100,2012
1101,2012
1102,2014
1103,2017
1104,2019
1105,2020
1106,2021
1107,2021
1108,2024
1109,2024
1110,2026
1111,2035
1112,2038
1113,2038
1114,2042
1115,2044
1116,2054
1117,2055
1118,2055
1119,2057
1120,2063
1121,2074
1122,2076
1123,2078
1124,2080
1125,2091
1126,2097
1127,2097
1128,2103
1129,2106
1130,2121
1131,2122
1132,2122
1133,2124
1134,2125
1135,2128
1136,2128
1137,2129
1138,2129
1139,2130
1140,2132
1141,2144
1142,2149
1143,2149
1144,2155
1145,2159
1146,2163
1147,2168
1148,2170
1149,2170
1150,2170
1151,2172
1152,2178
1153,2180
1154,2181
1155,2217
1156,2217
1157,2217
1158,2221
1159,2221
1160,2222
1161,2225
1162,2226
1163,2228
1164,2232
1165,2234
1166,2236
1167,2237
1168,2240
1169,2243
1170,2244
1171,2244
1172,2250
1173,2250
1174,2271
1175,2271
1176,2271
1177,2288
1178,2288
1179,2290
1180,2297
1181,2298
1182,2301
1183,2300
1184,2306
1185,2313
1186,2316
1187,2318
1188,2325
1189,2325
1190,2332
1191,2332
1192,2334
1193,2339
1194,2340
1195,2343
1196,2346
1197,2348
1198,2354
1199,2354
1200,2354
1201,2357
1202,2360
1203,2363
1204,2367
1205,2369
1206,2372
1207,2375
1208,2379
1209,2384
1210,2388
1211,2389
1212,2389
1213,2399
1214,2402
1215,2403
1216,2408
1217,2410
1218,2410
1219,2412
1220,2418
1221,2423
1222,2423
1223,2430
1224,2433
1225,2441
1226,2442
1227,2443
1228,2451
1229,2452
1230,2459
1231,2463
1232,2463
1233,2464
1234,2468
1235,2468
1236,2474
1237,2483
1238,2485
1239,2487
1240,3680
1241,3210
1242,3210
1243,3243
1244,3044
1245,1613
1246,856
1247,856
1248,856
1249,2498
1250,2492
1251,2493
1252,533
1253,541
1254,544
1255,2508
1256,550
1257,550
1258,2513
1259,558
1260,558
1261,2517
1262,2522
1263,2522
1264,2525
1265,2525
1266,2527
1267,568
1268,2530
1269,2533
1270,572
1271,2534
1272,574
1273,2537
1274,2537
1275,2538
1276,2538
1277,2543
1278,2543
1279,2548
1280,584
1281,584
1282,2550
1283,590
1284,595
1285,2559
1286,599
1287,604
1288,608
1289,608
1290,612
1291,615
1292,618
1293,619
1294,622
1295,622
1296,2578
1297,2578
1298,637
1299,637
1300,2583
1301,643
1302,645
1303,645
1304,2589
1305,2590
1306,2590
1307,657
1308,2597
1309,665
1310,665
1311,2603
1312,669
1313,670
1314,671
1315,672
1316,674
1317,674
1318,676
1319,2619
1320,2623
1321,2623
1322,2626
1323,2626
1324,686
1325,686
1326,689
1327,2633
1328,2636
1329,2636
1330,2639
1331,2648
1332,2651
1333,717
1334,2656
1335,2656
1336,718
1337,718
1338,721
1339,723
1340,723
1341,725
1342,725
1343,2668
1344,2668
1345,2668
1346,2669
1347,2669
1348,729
1349,732
1350,733
1351,736
1352,736
1353,739
1354,2674
1355,2676
1356,2676
1357,745
1358,745
1359,2678
1360,2682
1361,748
1362,748
1363,2687
1364,2687
1365,2691
1366,2691
1367,2695
1368,2696
1369,753
1370,753
1371,755
1372,2703
1373,2713
1374,2713
1375,2716
1376,2716
1377,2716
1378,767
1379,777
1380,778
1381,778
1382,2724
1383,784
1384,784
1385,786
1386,786
1387,787
1388,787
1389,789
1390,789
1391,789
1392,791
1393,793
1394,793
1395,2732
1396,2732
1397,795
1398,795
1399,2736
1400,2736
1401,2739
1402,806
1403,2742
1404,808
1405,808
1406,2743
1407,811
1408,811
1409,811
1410,816
1411,817
1412,817
1413,819
1414,820
1415,820
1416,823
1417,2761
1418,826
1419,830
1420,830
1421,835
1422,2770
1423,2772
1424,2772
1425,2774
1426,2774
1427,845
1428,845
1429,848
1430,848
1431,2787
1432,2787
1433,2788
1434,2788
1435,2789
1436,2793
1437,2793
1438,852
1439,2797
1440,854
1441,855
1442,855
1443,2802
1444,866
1445,871
1446,874
1447,2822
1448,2822
1449,2824
1450,2826
1451,2826
1452,887
1453,2830
1454,894
1455,896
1456,896
1457,899
1458,899
1459,900
1460,901
1461,901
1462,2837
1463,907
1464,907
1465,2844
1466,2852
1467,2852
1468,919
1469,919
1470,920
1471,920
1472,2860
1473,2861
1474,2861
1475,927
1476,933
1477,942
1478,2867
1479,944
1480,944
1481,2870
1482,2870
1483,952
1484,952
1485,951
1486,951
1487,2876
1488,2876
1489,956
1490,958
1491,2886
1492,2887
1493,965
1494,965
1495,966
1496,966
1497,969
1498,970
1499,974
1500,976
1501,978
1502,978
1503,981
1504,983
1505,983
1506,985
1507,991
1508,2912
1509,2912
1510,993
1511,993
1512,994
1513,2917
1514,1001
1515,1001
1516,1003
1517,1009
1518,1010
1519,1010
1520,1011
1521,2929
1522,1015
1523,1015
1524,1015
1525,1019
1526,1021
1527,1021
1528,1025
1529,1025
1530,2943
1531,2948
1532,1027
1533,1034
1534,1034
1535,2954
1536,2959
1537,1041
1538,1043
1539,2963
1540,2964
1541,2964
1542,1049
1543,1049
1544,2965
1545,1050
1546,1060
1547,1063
1548,1063
1549,1065
1550,1065
1551,1066
1552,1080
1553,1086
1554,1089
1555,1089
1556,1092
1557,1094
1558,1094
1559,1097
1560,3010
1561,3015
1562,3015
1563,1105
1564,1105
1565,1108
1566,1108
1567,3020
1568,3021
1569,3021
1570,1109
1571,3023
1572,3023
1573,1115
1574,1120
1575,3042
1576,1134
1577,1134
1578,1134
1579,1138
1580,1156
1581,1158
1582,1160
1583,3072
1584,1164
1585,3074
1586,3081
1587,1177
1588,1177
1589,1181
1590,3108
1591,1190
1592,1193
1593,1193
1594,1195
1595,3111
1596,1196
1597,1196
1598,1197
1599,1200
1600,3117
1601,1202
1602,1202
1603,3125
1604,1212
1605,1213
1606,3129
1607,3129
1608,1230
1609,1230
1610,1238
1611,1238
1612,1243
1613,1243
1614,3148
1615,1247
1616,1247
1617,1249
1618,1254
1619,1254
1620,1257
1621,1257
1622,1257
1623,1270
1624,1271
1625,3163
1626,1274
1627,1277
1628,1277
1629,1283
1630,1283
1631,1288
1632,1288
1633,1302
1634,3196
1635,3196
1636,1315
1637,1315
1638,3202
1639,3202
1640,3203
1641,3205
1642,3205
1643,1326
1644,1326
1645,1327
1646,1329
1647,1342
1648,1344
1649,3215
1650,3215
1651,3216
1652,3216
1653,1358
1654,1363
1655,1378
1656,1378
1657,1385
1658,1386
1659,1386
1660,1407
1661,1408
1662,1408
1663,3270
1664,3270
1665,1431
1666,1431
1667,1432
1668,3276
1669,3277
1670,1439
1671,1439
1672,3281
1673,1442
1674,3282
1675,3284
1676,1445
1677,1448
1678,1450
1679,3286
1680,3288
1681,3300
1682,1454
1683,1454
1684,3301
1685,3301
1686,3301
1687,1456
1688,1456
1689,3310
1690,3310
1691,3310
1692,1468
1693,1468
1694,3314
1695,1482
1696,1482
1697,1484
1698,1488
1699,1488
1700,1488
1701,3323
1702,1492
1703,3326
1704,3326
1705,3329
1706,3329
1707,3338
1708,1502
1709,1502
1710,1502
1711,1507
1712,3345
1713,3349
1714,3349
1715,1520
1716,1521
1717,3359
1718,1526
1719,1526
1720,1528
1721,1535
1722,3370
1723,3370
1724,1543
1725,1543
1726,1546
1727,1546
1728,1556
1729,3385
1730,1558
1731,1558
1732,1562
1733,3395
1734,3397
1735,1577
1736,1582
1737,1582
1738,1583
1739,1584
1740,1587
1741,3413
1742,3413
1743,3416
1744,1589
1745,1589
1746,3424
1747,3429
1748,1604
1749,1606
1750,1606
1751,3437
1752,1609
1753,1614
1754,1614
1755,1617
1756,1617
1757,1618
1758,1618
1759,1627
1760,3449
1761,1637
1762,1637
1763,3456
1764,3464
1765,1641
1766,3467
1767,3467
1768,1654
1769,1659
1770,1659
1771,3475
1772,3478
1773,3486
1774,1679
1775,3505
1776,1695
1777,1700
1778,3514
1779,3514
1780,1710
1781,1710
1782,3519
1783,3519
1784,3521
1785,1717
1786,1717
1787,3522
1788,3522
1789,3526
1790,3532
1791,3532
1792,3536
1793,1732
1794,3547
1795,1739
1796,1750
1797,3554
1798,3557
1799,3557
1800,3557
1801,3561
1802,1765
1803,1776
1804,1797
1805,3579
1806,3579
1807,1800
1808,1800
1809,1807
1810,1808
1811,1808
1812,3591
1813,3591
1814,3593
1815,3594
1816,3595
1817,3606
1818,1820
1819,1820
1820,3620
1821,3624
1822,1842
1823,1846
1824,3627
1825,1851
1826,3640
1827,3646
1828,3646
1829,1862
1830,1862
1831,1862
1832,1862
1833,1866
1834,1866
1835,3655
1836,1876
1837,1880
1838,1880
1839,3668
1840,3671
1841,3671
1842,1898
1843,1898
1844,1909
1845,1911
1846,1911
1847,1914
1848,3685
1849,1918
1850,1918
1851,1929
1852,1934
1853,1934
1854,1937
1855,1938
1856,1940
1857,1940
1858,1940
1859,1940
1860,1944
1861,3491
1862,3239
1863,3232
1864,3582
1865,3362
1866,108
1867,138
1868,457
1869,448
1870,379
1871,829
1872,1056
1873,1694
1874,5
1875,180
1876,241
1877,1237
1878,634
1879,2371
1880,2371
1881,3625
1882,214
1883,214
1884,214
1885,2090
1886,2090
1887,2645
1888,2645
1889,1813
1890,1054
1891,1706
1892,1706
1893,3324
1894,3324
1895,875
1896,3165
1897,3635
1898,3287
1899,3287
1900,3298
1901,2089
1902,1715
1903,1907
1904,1040
1905,2768
1906,2768
1907,1168
1908,54
1909,1950
1910,1950
1911,2511
1912,1630
1913,1630
1914,2157
1915,2406
1916,1946
1917,3580
1918,1969
1919,2444
1920,2444
1921,2601
1922,2892
1923,2967
1924,3116
1925,3531
1926,1161
1927,3100
1928,3124
1929,1222
1930,1222
1931,1685
1932,3653
1933,399
1934,399
1935,399
1936,2099
1937,428
1938,1738
1939,1738
1940,524
1941,524
1942,766
1943,766
1944,766
1945,766
1946,766
1947,6
1948,1995
1949,2003
1950,2041
1951,2060
1952,2075
1953,2119
1954,2252
1955,2258
1956,2349
1957,2544
1958,2650
1959,2783
1960,2942
1961,3119
1962,3128
1963,3151
1964,3164
1965,3178
1966,3297
1967,3332
1968,3379
1969,3447
1970,3447
1971,3538
1972,3633
1973,1858
1974,1896
1975,3672
1976,3687
1977,1928
1978,3336
1979,2510
1980,1524
1981,19
1982,2584
1983,633
1984,633
1985,61
1986,3049
1987,252
1988,810
1989,810
1990,3702
1991,577
1992,322
1993,3575
1994,93
1995,93
1996,522
1997,258
1998,369
1999,1634
2000,1000
2001,3487
2002,3487
2003,630
2004,3218
2005,1166
2006,1166
2007,3441
2008,2005
2009,2153
2010,2208
2011,2825
2012,1952
2013,3567
2014,2416
2015,2416
2016,2416
2017,3652
2018,2631
2019,2631
2020,2631
2021,2631
2022,2516
2023,2516
2024,3067
2025,3159
2026,7
2027,192
2028,3517
2029,3227
2030,2580
2031,2851
2032,2851
2033,3099
2034,3184
2035,3365
2036,3510
2037,3515
2038,3525
2039,3564
2040,3645
2041,3648
2042,3690
2043,8
2044,8
2045,3263
2046,1912
2047,1912
2048,3384
2049,904
2050,904
2051,904
2052,2142
2053,2142
2054,2420
2055,2420
2056,2733
2057,2733
2058,1169
2059,3402
2060,3402
2061,1307
2062,1307
2063,1307
2064,1579
2065,1579
2066,1579
2067,1579
2068,1764
2069,1764
2070,1761
2071,1761
2072,1761
2073,1761
2074,1318
2075,1318
2076,1144
2077,1144
2078,1076
2079,2009
2080,3363
2081,1479
2082,1435
2083,3388
2084,1184
2085,2148
2086,2200
2087,2245
2088,2361
2089,2366
2090,2625
2091,2640
2092,2773
2093,2773
2094,2819
2095,2827
2096,2934
2097,2990
2098,3064
2099,3064
2100,1380
2101,1380
2102,3524
2103,3380
2104,3465
2105,1699
2106,1787
2107,1921
2108,2995
2109,3394
2110,1289
2111,1289
2112,1289
2113,2065
2114,2199
2115,1777
2116,1777
2117,1777
2118,3619
2119,1649
2120,1649
2121,1376
2122,3132
2123,3182
2124,1714
2125,1336
2126,114
2127,917
2128,769
2129,769
2130,516
2131,516
2132,516
2133,1061
2134,1955
2135,3604
2136,1444
2137,1483
2138,653
2139,653
2140,653
2141,2233
2142,1883
2143,1883
2144,1883
2145,1883
2146,1055
2147,1391
2148,1391
2149,1391
2150,1792
2151,1792
2152,1792
2153,1397
2154,1412
2155,1412
2156,1873
2157,1873
2158,566
2159,3528
2160,3313
2161,2988
2162,1798
2163,1959
2164,1959
2165,1959
2166,1959
2167,2031
2168,2031
2169,2031
2170,2558
2171,2795
2172,1748
2173,1748
2174,2937
2175,2937
2176,1600
2177,1600
2178,1600
2179,1183
2180,945
2181,945
2182,945
2183,3438
2184,3438
2185,1672
2186,2874
2187,2874
2188,928
2189,1075
2190,1075
2191,1075
2192,1278
2193,1278
2194,1487
2195,1487
2196,1844
2197,1844
2198,3601
2199,2396
2200,2396
2201,3176
2202,512
2203,377
2204,1409
2205,1840
2206,3333
2207,1645
2208,1645
2209,2515
2210,2994
2211,850
2212,1811
2213,1580
2214,1804
2215,2131
2216,2161
2217,2675
2218,2785
2219,2856
2220,3562
2221,2813
2222,2893
2223,2982
2224,2982
2225,3523
2226,1960
2227,2284
2228,1498
2229,1414
2230,2098
2231,2471
2232,2562
2233,2677
2234,1538
2235,1834
2236,3560
2237,3031
2238,2663
2239,3706
2240,10
2241,2546
2242,2551
2243,2551
2244,2591
2245,2673
2246,2831
2247,3037
2248,3037
2249,3051
2250,3087
2251,3087
2252,3087
2253,3091
2254,3137
2255,3325
2256,3325
2257,3353
2258,3353
2259,3353
2260,1932
2261,1956
2262,2165
2263,2958
2264,2655
2265,2655
2266,3665
2267,3665
2268,1814
2269,1814
2270,3631
2271,1480
2272,1480
2273,519
2274,692
2275,692
2276,1211
2277,2123
2278,2123
2279,2891
2280,3683
2281,1107
2282,1107
2283,1107
2284,3421
2285,3053
2286,3053
2287,1964
2288,2045
2289,2079
2290,3147
2291,707
2292,707
2293,707
2294,707
2295,707
2296,707
2297,1957
2298,1957
2299,2395
2300,2395
2301,1692
2302,2751
2303,1129
2304,1424
2305,1424
2306,2923
2307,1244
2308,1244
2309,1172
2310,734
2311,734
2312,814
2313,1304
2314,1304
2315,1304
2316,3540
2317,3540
2318,638
2319,638
2320,2666
2321,2666
2322,905
2323,1294
2324,1294
2325,567
2326,567
2327,2574
2328,1758
2329,1540
2330,3480
2331,3127
2332,1023
2333,2941
2334,1958
2335,2270
2336,498
2337,2030
2338,2112
2339,2253
2340,2309
2341,2818
2342,3157
2343,3208
2344,3231
2345,3231
2346,3609
2347,1753
2348,1749
2349,1749
2350,11
2351,3503
2352,2503
2353,881
2354,881
2355,3622
2356,2781
2357,3162
2358,1008
2359,1008
2360,1008
2361,1008
2362,1008
2363,2621
2364,3352
2365,3613
2366,12
2367,12
2368,123
2369,334
2370,334
2371,334
2372,556
2373,556
2374,3637
2375,2445
2376,2218
2377,2218
2378,3029
2379,357
2380,557
2381,1835
2382,1728
2383,1016
2384,3255
2385,3374
2386,3374
2387,3180
2388,2778
2389,3005
2390,2568
2391,2986
2392,3109
2393,3506
2394,3493
2395,3493
2396,3647
2397,2730
2398,1999
2399,1999
2400,3271
2401,3271
2402,3271
2403,3408
2404,1819
2405,1819
2406,1819
2407,3529
2408,2414
2409,2414
2410,3417
2411,2050
2412,2050
2413,2050
2414,2461
2415,2552
2416,2552
2417,2552
2418,2628
2419,2628
2420,1095
2421,3670
2422,1423
2423,1423
2424,890
2425,890
2426,890
2427,1619
2428,1338
2429,2836
2430,2836
2431,3095
2432,3096
2433,2863
2434,2018
2435,2018
2436,1343
2437,2291
2438,2291
2439,3512
2440,922
2441,922
2442,1894
2443,1836
2444,1836
2445,1836
2446,210
2447,1182
2448,1805
2449,1773
2450,2889
2451,2820
2452,2509
2453,2285
2454,2285
2455,846
2456,1345
2457,1163
2458,121
2459,121
2460,3518
2461,1511
2462,1511
2463,1511
2464,1511
2465,1511
2466,364
2467,364
2468,977
2469,977
2470,3623
2471,2749
2472,2118
2473,1078
2474,1130
2475,1227
2476,3153
2477,1550
2478,1690
2479,3614
2480,1838
2481,1885
2482,1684
2483,1684
2484,2505
2485,2505
2486,1752
2487,3636
2488,2081
2489,2081
2490,2081
2491,2572
2492,2575
2493,716
2494,716
2495,716
2496,716
2497,2069
2498,2069
2499,2069
2500,2139
2501,2158
2502,2324
2503,2390
2504,2390
2505,2521
2506,2606
2507,1128
2508,1128
2509,801
2510,801
2511,801
2512,1626
2513,1626
2514,1588
2515,1434
2516,1611
2517,1611
2518,822
2519,3149
2520,1340
2521,3434
2522,1419
2523,1419
2524,1281
2525,1281
2526,2705
2527,889
2528,889
2529,892
2530,3252
2531,3252
2532,3262
2533,3262
2534,3340
2535,1642
2536,2689
2537,13
2538,14
2539,14
2540,18
2541,2353
2542,3154
2543,2036
2544,2702
2545,2858
2546,3590
2547,372
2548,372
2549,384
2550,647
2551,647
2552,393
2553,1961
2554,2241
2555,1486
2556,3657
2557,3513
2558,242
2559,575
2560,1603
2561,847
2562,2862
2563,301
2564,301
2565,301
2566,301
2567,101
2568,1962
2569,391
2570,398
2571,15
2572,1013
2573,2746
2574,3586
2575,16
2576,1360
2577,1360
2578,3545
2579,3545
2580,3248
2581,3248
2582,1707
2583,1963
2584,17
2585,17
2586,17
2587,1988
2588,1467
2589,1467
2590,500
2591,500
2592,397
2593,3455
2594,3548
2595,2374
2596,2374
2597,3319
2598,973
2599,973
2600,3401
2601,1131
2602,2969
2603,3036
2604,1215
2605,1215
2606,559
2607,632
2608,632
2609,3256
2610,3024
2611,2932
2612,3056
2613,2545
2614,3062
2615,1523
2616,1523
2617,960
2618,685
2619,3312
2620,3537
2621,2197
2622,2992
2623,1965
2624,2688
2625,1149
2626,2901
2627,2901
2628,2974
2629,2707
2630,683
2631,2482
2632,2898
2633,930
2634,702
2635,1058
2636,3497
2637,2627
2638,3032
2639,1112
2640,1976
2641,1976
2642,564
2643,1967
2644,2147
2645,3188
2646,1012
2647,2984
2648,790
2649,3244
2650,2101
2651,3651
2652,60
2653,1760
2654,136
2655,136
2656,502
2657,1292
2658,3344
2659,2800
2660,2800
2661,3327
2662,158
2663,158
2664,158
2665,445
2666,445
2667,445
2668,3452
2669,341
2670,341
2671,3600
2672,3695
2673,20
2674,473
2675,1971
2676,3403
2677,2835
2678,1747
2679,2975
2680,3694
2681,2983
2682,21
2683,22
2684,2523
2685,2755
2686,2269
2687,3112
2688,2654
2689,627
2690,627
2691,1816
2692,3150
2693,3558
2694,2056
2695,2056
2696,1026
2697,1026
2698,1516
2699,703
2700,703
2701,2593
2702,3311
2703,390
2704,390
2705,390
2706,3661
2707,3661
2708,3661
2709,3585
2710,3585
2711,1443
2712,1443
2713,344
2714,344
2715,2407
2716,2407
2717,593
2718,593
2719,2338
2720,365
2721,365
2722,223
2723,223
2724,223
2725,1203
2726,1203
2727,3274
2728,230
2729,230
2730,230
2731,1879
2732,3269
2733,3269
2734,1919
2735,1919
2736,1919
2737,1919
2738,1919
2739,1919
2740,2599
2741,3662
2742,307
2743,315
2744,2331
2745,2331
2746,2585
2747,3161
2748,3211
2749,3211
2750,1416
2751,1416
2752,1509
2753,3369
2754,3576
2755,3576
2756,2413
2757,2842
2758,3489
2759,3293
2760,3304
2761,1452
2762,1452
2763,3213
2764,1864
2765,1549
2766,1555
2767,2242
2768,2242
2769,2417
2770,2417
2771,2710
2772,1908
2773,1908
2774,1832
2775,1389
2776,1889
2777,3113
2778,601
2779,601
2780,23
2781,23
2782,1560
2783,1285
2784,131
2785,1300
2786,1300
2787,2166
2788,2171
2789,2265
2790,2330
2791,2351
2792,2386
2793,2514
2794,785
2795,2784
2796,2794
2797,2833
2798,909
2799,2877
2800,2902
2801,2906
2802,1018
2803,2951
2804,1059
2805,1110
2806,1119
2807,3046
2808,1140
2809,1140
2810,1140
2811,1140
2812,1146
2813,1224
2814,1261
2815,1268
2816,1284
2817,3179
2818,1301
2819,3207
2820,1355
2821,1365
2822,1399
2823,1465
2824,1504
2825,1514
2826,1542
2827,3381
2828,3381
2829,1578
2830,1595
2831,3435
2832,3439
2833,3454
2834,1644
2835,1644
2836,3469
2837,1789
2838,1829
2839,1830
2840,3628
2841,3669
2842,3669
2843,1490
2844,3350
2845,1320
2846,1683
2847,1683
2848,24
2849,1143
2850,2070
2851,308
2852,308
2853,1296
2854,2247
2855,3229
2856,1229
2857,1856
2858,1973
2859,3076
2860,2681
2861,25
2862,3565
2863,26
2864,1545
2865,1545
2866,1264
2867,697
2868,2930
2869,27
2870,1930
2871,226
2872,3492
2873,3016
2874,477
2875,477
2876,3378
2877,3693
2878,2310
2879,3025
2880,3610
2881,2922
2882,2426
2883,2426
2884,1977
2885,2529
2886,2600
2887,2411
2888,419
2889,419
2890,2622
2891,2052
2892,2317
2893,932
2894,196
2895,2722
2896,313
2897,313
2898,313
2899,313
2900,313
2901,313
2902,3368
2903,2392
2904,1924
2905,727
2906,968
2907,239
2908,239
2909,239
2910,404
2911,2945
2912,1353
2913,440
2914,2547
2915,1178
2916,1178
2917,1178
2918,2327
2919,412
2920,437
2921,580
2922,580
2923,2796
2924,2796
2925,1153
2926,3675
2927,2322
2928,28
2929,1741
2930,1741
2931,29
2932,240
2933,2193
2934,2394
2935,1725
2936,873
2937,873
2938,1722
2939,1941
2940,2120
2941,2438
2942,506
2943,831
2944,450
2945,713
2946,2145
2947,1217
2948,1217
2949,1400
2950,2467
2951,3389
2952,30
2953,1904
2954,507
2955,1922
2956,451
2957,940
2958,3520
2959,2883
2960,3361
2961,628
2962,616
2963,704
2964,782
2965,2973
2966,3144
2967,1605
2968,1605
2969,1057
2970,31
2971,32
2972,262
2973,1515
2974,2494
2975,1290
2976,33
2977,168
2978,3477
2979,1398
2980,3291
2981,97
2982,3484
2983,1005
2984,1048
2985,1716
2986,231
2987,979
2988,523
2989,523
2990,3054
2991,1979
2992,1979
2993,2086
2994,2871
2995,2871
2996,1575
2997,3404
2998,3411
2999,1597
3000,1597
3001,1701
3002,3650
3003,3650
3004,3650
3005,34
3006,1236
3007,374
3008,701
3009,701
3010,2169
3011,1615
3012,3273
3013,2564
3014,1621
3015,1079
3016,1319
3017,1319
3018,1319
3019,1062
3020,2215
3021,2283
3022,2431
3023,2647
3024,3572
3025,3572
3026,1332
3027,1332
3028,1332
3029,3415
3030,3088
3031,2072
3032,2083
3033,2536
3034,2536
3035,2536
3036,2586
3037,2643
3038,2841
3039,3122
3040,1887
3041,3549
3042,3343
3043,3343
3044,3343
3045,1745
3046,1837
3047,3409
3048,2387
3049,2928
3050,3696
3051,3696
3052,3341
3053,3004
3054,3094
3055,2869
3056,2507
3057,2268
3058,2102
3059,2102
3060,2528
3061,2998
3062,2998
3063,36
3064,1564
3065,573
3066,573
3067,1994
3068,1994
3069,699
3070,699
3071,2947
3072,62
3073,62
3074,693
3075,2068
3076,2068
3077,2068
3078,2698
3079,2029
3080,3156
3081,3156
3082,1460
3083,277
3084,277
3085,2304
3086,1362
3087,3206
3088,1860
3089,1276
3090,2476
3091,2476
3092,3321
3093,321
3094,321
3095,864
3096,864
3097,1861
3098,1861
3099,1233
3100,1233
3101,3097
3102,861
3103,861
3104,588
3105,588
3106,143
3107,143
3108,2615
3109,176
3110,176
3111,376
3112,838
3113,773
3114,773
3115,1867
3116,1476
3117,1476
3118,1485
3119,1485
3120,705
3121,2077
3122,2179
3123,2210
3124,2661
3125,2890
3126,3183
3127,1791
3128,1656
3129,1656
3130,3414
3131,268
3132,268
3133,268
3134,554
3135,531
3136,531
3137,923
3138,923
3139,2460
3140,937
3141,678
3142,678
3143,678
3144,678
3145,555
3146,555
3147,2866
3148,3009
3149,3692
3150,2293
3151,2642
3152,963
3153,963
3154,1242
3155,1330
3156,1330
3157,2141
3158,2141
3159,3446
3160,323
3161,1266
3162,3120
3163,1567
3164,563
3165,563
3166,1790
3167,536
3168,2303
3169,2303
3170,2473
3171,561
3172,561
3173,646
3174,646
3175,2608
3176,2671
3177,2786
3178,897
3179,1286
3180,1491
3181,3367
3182,1541
3183,1262
3184,1262
3185,3130
3186,1857
3187,105
3188,105
3189,105
3190,1418
3191,283
3192,283
3193,949
3194,949
3195,497
3196,1085
3197,1085
3198,3450
3199,3450
3200,1891
3201,2480
3202,3027
3203,254
3204,224
3205,1852
3206,2347
3207,1039
3208,2133
3209,2204
3210,2920
3211,3328
3212,3412
3213,2567
3214,279
3215,279
3216,1356
3217,1369
3218,345
3219,339
3220,2011
3221,2712
3222,1231
3223,2105
3224,2499
3225,2700
3226,1622
3227,1622
3228,1824
3229,64
3230,64
3231,64
3232,2152
3233,2032
3234,2032
3235,2319
3236,2287
3237,3535
3238,145
3239,145
3240,1998
3241,2108
3242,2189
3243,2196
3244,2337
3245,2447
3246,2500
3247,2605
3248,2875
3249,2875
3250,3083
3251,3136
3252,3197
3253,3251
3254,3305
3255,3334
3256,3364
3257,3372
3258,3391
3259,3391
3260,1817
3261,3664
3262,3673
3263,77
3264,851
3265,2276
3266,2561
3267,1410
3268,1721
3269,1721
3270,1499
3271,1815
3272,1983
3273,1636
3274,2752
3275,953
3276,3258
3277,1554
3278,992
3279,1103
3280,37
3281,38
3282,2569
3283,1303
3284,1031
3285,2919
3286,3699
3287,882
3288,1899
3289,2977
3290,3660
3291,3233
3292,40
3293,39
3294,2025
3295,1310
3296,1051
3297,807
3298,2728
3299,1986
3300,41
3301,2440
3302,2903
3303,3701
3304,2646
3305,1688
3306,1245
3307,878
3308,3142
3309,2111
3310,2993
3311,1438
3312,1751
3313,1225
3314,42
3315,1989
3316,43
3317,43
3318,1339
3319,3223
3320,3377
3321,3396
3322,1719
3323,1351
3324,2295
3325,610
3326,2939
3327,362
3328,872
3329,1992
3330,452
3331,452
3332,2185
3333,461
3334,461
3335,518
3336,668
3337,668
3338,1877
3339,2292
3340,2292
3341,2292
3342,3638
3343,3638
3344,2312
3345,2540
3346,2809
3347,2809
3348,975
3349,1162
3350,1162
3351,1518
3352,1822
3353,411
3354,2535
3355,417
3356,156
3357,853
3358,1053
3359,813
3360,285
3361,2944
3362,1038
3363,1038
3364,1933
3365,1082
3366,3420
3367,1646
3368,3569
3369,3569
3370,468
3371,147
3372,147
3373,147
3374,147
3375,147
3376,330
3377,330
3378,330
3379,330
3380,570
3381,570
3382,3318
3383,700
3384,700
3385,1996
3386,44
3387,3246
3388,654
3389,2506
3390,3155
3391,3677
3392,213
3393,213
3394,45
3395,45
3396,45
3397,2693
3398,2693
3399,1462
3400,426
3401,251
3402,251
3403,719
3404,177
3405,195
3406,2359
3407,3459
3408,3190
3409,1127
3410,1127
3411,1525
3412,1525
3413,2956
3414,726
3415,329
3416,1430
3417,1430
3418,387
3419,387
3420,2126
3421,2731
3422,910
3423,46
3424,46
3425,1925
3426,1925
3427,3254
3428,1657
3429,1657
3430,2095
3431,3697
3432,3697
3433,2002
3434,3167
3435,3043
3436,2885
3437,3507
3438,3065
3439,2000
3440,2611
3441,877
3442,47
3443,47
3444,47
3445,3204
3446,3098
3447,358
3448,358
3449,287
3450,287
3451,3266
3452,3430
3453,1629
3454,3444
3455,1662
3456,2864
3457,3264
3458,295
3459,295
3460,768
3461,1674
3462,1126
3463,48
3464,3550
3465,49
3466,113
3467,2497
3468,935
3469,935
3470,2015
3471,3599
3472,1945
3473,3541
3474,3476
3475,1176
3476,1176
3477,1730
3478,780
3479,2115
3480,799
3481,1449
3482,605
3483,605
3484,50
3485,51
3486,52
3487,191
3488,696
3489,3222
3490,521
3491,521
3492,1547
3493,1547
3494,53
3495,53
3496,955
3497,1333
3498,2904
3499,3060
3500,1497
3501,3703
3502,3551
3503,3425
3504,3462
3505,55
3506,201
3507,642
3508,3238
3509,624
3510,788
3511,296
3512,1179
3513,3106
3514,56
3515,868
3516,1305
3517,803
3518,1259
3519,1259
3520,2362
3521,2294
3522,57
3523,58
3524,2008
3525,2008
3526,1185
3527,3348
3528,1402
3529,504
3530,504
3531,2156
3532,606
3533,606
3534,59
3535,2565
3536,1394
3537,259
3538,259
3539,1729
3540,420
3541,3240
3542,3234
3543,989
3544,2610
3545,1142
3546,3356
3547,2260
3548,3392
3549,3175
3550,1872
3551,1658
3552,1087
3553,1087
3554,235
3555,3275
3556,3303
3557,3597
3558,765
3559,2013
3560,3400
3561,1228
3562,3230
3563,3398
3564,3398
3565,3257
3566,3209
3567,3138
3568,2016
3569,2377
3570,2214
3571,2532
3572,1713
3573,1635
3574,2397
3575,2437
3576,2881
3577,2926
3578,3170
3579,482
3580,291
3581,1007
3582,1007
3583,1897
3584,1897
3585,3034
3586,2854
3587,2519
3588,3539
3589,3201
3590,2850
3591,63
3592,63
3593,677
3594,677
3595,3290
3596,2587
3597,1347
3598,626
3599,626
3600,1004
3601,1210
3602,2071
3603,3387
3604,1267
3605,2882
3606,560
3607,2256
3608,2477
3609,3063
3610,2757
3611,2758
3612,197
3613,197
3614,3410
3615,2023
3616,153
3617,207
3618,207
3619,1235
3620,2100
3621,2272
3622,3278
3623,1411
3624,2708
3625,380
3626,380
3627,818
3628,65
3629,2775
3630,3283
3631,66
3632,3030
3633,3030
3634,1720
3635,67
3636,2978
3637,69
3638,2314
3639,2328
3640,2617
3641,2868
3642,3035
3643,2935
3644,1915
3645,70
3646,203
3647,792
3648,971
3649,1006
3650,2027
3651,2043
3652,805
3653,2383
3654,71
3655,72
3656,2164
3657,690
3658,3337
3659,3014
3660,3358
3661,286
3662,286
3663,433
3664,433
3665,433
3666,964
3667,964
3668,1299
3669,2231
3670,2699
3671,1111
3672,1111
3673,3698
3674,2950
3675,1045
3676,1045
3677,400
3678,400
3679,424
3680,496
3681,496
3682,310
3683,310
3684,312
3685,312
3686,73
3687,149
3688,794
3689,3012
3690,2037
3691,2191
3692,2446
3693,2446
3694,2839
3695,246
3696,246
3697,246
3698,471
3699,471
3700,1703
3701,74
3702,1293
3703,98
3704,75
3705,715
3706,2865
3707,3066
3708,844
3709,2834
3710,1141
3711,1569
3712,2040
3713,2279
3714,2879
3715,78
3716,1517
3717,2649
3718,1072
3719,1072
3720,2205
3721,1188
3722,79
3723,80
3724,1768
3725,1101
3726,1101
3727,2249
3728,2576
3729,3187
3730,3187
3731,1612
3732,81
3733,2047
3734,2280
3735,3058
3736,3103
3737,2048
3738,3642
3739,82
3740,3563
3741,2286
3742,517
3743,2966
3744,1585
3745,1022
3746,83
3747,711
3748,84
3749,562
3750,206
3751,206
3752,206
3753,691
3754,691
3755,3474
3756,893
3757,2051
3758,3249
3759,3249
3760,2053
3761,1070
3762,2763
3763,1775
3764,375
3765,375
3766,3295
3767,167
3768,85
3769,86
3770,2478
3771,1759
3772,2924
3773,87
3774,1154
3775,915
3776,2771
3777,2680
3778,88
3779,88
3780,89
3781,2321
3782,1561
3783,346
3784,3460
3785,650
3786,3268
3787,1322
3788,90
3789,290
3790,1426
3791,2845
3792,3107
3793,91
3794,2598
3795,92
3796,481
3797,2872
3798,479
3799,648
3800,2846
3801,2759
3802,2798
3803,2345
3804,94
3805,1906
3806,2566
3807,3193
3808,1170
3809,1052
3810,2955
3811,1686
3812,2059
3813,1180
3814,96
3815,96
3816,924
3817,483
3818,916
3819,189
3820,189
3821,2957
3822,1314
3823,1314
3824,3508
3825,2629
3826,1947
3827,1581
3828,3007
3829,549
3830,549
3831,549
3832,549
3833,2062
3834,895
3835,895
3836,659
3837,587
3838,587
3839,688
3840,688
3841,2064
3842,2135
3843,879
3844,2897
3845,2066
3846,2428
3847,3448
3848,929
3849,929
3850,99
3851,99
3852,422
3853,422
3854,219
3855,219
3856,185
3857,185
3858,255
3859,255
3860,1335
3861,1882
3862,2190
3863,3583
3864,1417
3865,1451
3866,1874
3867,100
3868,100
3869,2212
3870,2212
3871,1396
3872,1396
3873,171
3874,171
3875,1689
3876,1481
3877,860
3878,1660
3879,2737
3880,2553
3881,408
3882,102
3883,2697
3884,2073
3885,2110
3886,2570
3887,542
3888,542
3889,542
3890,1002
3891,1002
3892,1591
3893,1591
3894,551
3895,551
3896,103
3897,103
3898,661
3899,1390
3900,104
3901,925
3902,509
3903,3247
3904,385
3905,106
3906,2753
3907,986
3908,107
3909,3621
3910,112
3911,3605
3912,3498
3913,1572
3914,109
3915,367
3916,2686
3917,110
3918,3556
3919,3629
3920,1366
3921,3259
3922,3589
3923,1474
3924,1474
3925,712
3926,712
3927,111
3928,111
3929,1033
3930,2952
3931,2082
3932,3422
3933,3463
3934,1461
3935,1150
3936,2084
3937,3649
3938,340
3939,1675
3940,1931
3941,2087
3942,2088
3943,115
3944,116
3945,117
3946,117
3947,1726
3948,1726
3949,118
3950,118
3951,118
3952,2556
3953,3440
3954,3440
3955,152
3956,152
3957,552
3958,552
3959,552
3960,552
3961,119
3962,972
3963,2488
3964,2727
3965,3079
3966,2738
3967,366
3968,3085
3969,1733
3970,2093
3971,737
3972,2094
3973,2096
3974,2884
3975,256
3976,256
3977,1639
3978,980
3979,447
3980,122
3981,164
3982,164
3983,338
3984,454
3985,495
3986,834
3987,1147
3988,740
3989,740
3990,1532
3991,1477
3992,1477
3993,1847
3994,124
3995,1571
3996,125
3997,474
3998,126
3999,2490
4000,127
4001,898
4002,2424
4003,2472
4004,129
4005,2814
4006,476
4007,3376
4008,2391
4009,128
4010,128
4011,804
4012,3578
4013,3302
4014,2596
4015,2596
4016,2760
4017,3481
4018,644
4019,644
4020,911
4021,2107
4022,3102
4023,2109
4024,132
4025,926
4026,926
4027,382
4028,133
4029,3160
4030,134
4031,135
4032,135
4033,2263
4034,2320
4035,1151
4036,865
4037,2113
4038,2114
4039,137
4040,137
4041,3069
4042,731
4043,1383
4044,3292
4045,139
4046,140
4047,538
4048,2162
4049,1204
4050,142
4051,3382
4052,629
4053,3656
4054,1421
4055,493
4056,1308
4057,1308
4058,2635
4059,1263
4060,1263
4061,150
4062,150
4063,154
4064,501
4065,459
4066,314
4067,144
4068,146
4069,1559
4070,3272
4071,885
4072,1415
4073,1415
4074,1133
4075,148
4076,2140
4077,2127
4078,2927
4079,2638
4080,3482
4081,3533
4082,990
4083,3347
4084,294
4085,839
4086,151
4087,528
4088,540
4089,876
4090,1903
4091,2921
4092,2315
4093,2136
4094,155
4095,2230
4096,157
4097,1014
4098,244
4099,351
4100,1771
4101,1309
4102,2456
4103,159
4104,159
4105,159
4106,160
4107,2780
4108,161
4109,2765
4110,3173
4111,162
4112,163
4113,1393
4114,2624
4115,744
4116,2146
4117,165
4118,166
4119,1037
4120,2229
4121,434
4122,579
4123,1624
4124,939
4125,2829
4126,1651
4127,2150
4128,2151
4129,169
4130,278
4131,1174
4132,1328
4133,1251
4134,1778
4135,3405
4136,170
4137,172
4138,172
4139,173
4140,173
4141,331
4142,331
4143,174
4144,175
4145,175
4146,2857
4147,2981
4148,1596
4149,3617
4150,178
4151,179
4152,941
4153,181
4154,3110
4155,182
4156,1096
4157,1084
4158,184
4159,184
4160,1469
4161,2594
4162,1772
4163,186
4164,187
4165,188
4166,188
4167,190
4168,190
4169,490
4170,730
4171,3294
4172,2690
4173,3552
4174,2160
4175,193
4176,2167
4177,1403
4178,3423
4179,198
4180,199
4181,947
4182,3360
4183,200
4184,3584
4185,3039
4186,202
4187,2192
4188,204
4189,392
4190,407
4191,1083
4192,205
4193,957
4194,3185
4195,862
4196,827
4197,1317
4198,2985
4199,3279
4200,2933
4201,208
4202,211
4203,1368
4204,3483
4205,1648
4206,3061
4207,1199
4208,1568
4209,215
4210,216
4211,217
4212,217
4213,234
4214,2184
4215,218
4216,798
4217,1652
4218,1346
4219,2672
4220,2211
4221,2296
4222,2811
4223,220
4224,221
4225,2381
4226,614
4227,2398
4228,2398
4229,222
4230,2195
4231,1905
4232,537
4233,2198
4234,2238
4235,225
4236,475
4237,227
4238,227
4239,2997
4240,3615
4241,3001
4242,3071
4243,228
4244,1475
4245,2201
4246,232
4247,2365
4248,1881
4249,2203
4250,236
4251,2206
4252,237
4253,1493
4254,238
4255,238
4256,3684
4257,1232
4258,2207
4259,243
4260,243
4261,485
4262,1784
4263,1704
4264,2213
4265,2815
4266,245
4267,1943
4268,381
4269,381
4270,247
4271,248
4272,250
4273,1935
4274,743
4275,635
4276,863
4277,667
4278,667
4279,1375
4280,2224
4281,253
4282,253
4283,3511
4284,449
4285,1381
4286,1633
4287,257
4288,553
4289,2734
4290,1734
4291,1734
4292,260
4293,1599
4294,446
4295,261
4296,263
4297,264
4298,2239
4299,2748
4300,265
4301,1678
4302,266
4303,267
4304,359
4305,1447
4306,1069
4307,722
4308,1152
4309,2246
4310,3090
4311,269
4312,269
4313,1068
4314,270
4315,589
4316,589
4317,2289
4318,2289
4319,2373
4320,2373
4321,1350
4322,1350
4323,2504
4324,271
4325,272
4326,273
4327,1510
4328,837
4329,281
4330,429
4331,652
4332,3407
4333,274
4334,1354
4335,2665
4336,275
4337,342
4338,913
4339,2501
4340,276
4341,276
4342,280
4343,3080
4344,999
4345,2704
4346,438
4347,282
4348,284
4349,761
4350,288
4351,289
4352,2259
4353,292
4354,293
4355,297
4356,2261
4357,298
4358,298
4359,1823
4360,1823
4361,764
4362,764
4363,1042
4364,2262
4365,299
4366,3419
4367,903
4368,1255
4369,300
4370,2264
4371,2777
4372,2910
4373,2266
4374,302
4375,458
4376,758
4377,1756
4378,303
4379,304
4380,304
4381,305
4382,305
4383,931
4384,931
4385,306
4386,3026
4387,311
4388,988
4389,2274
4390,2832
4391,1367
4392,348
4393,2278
4394,316
4395,316
4396,2801
4397,2801
4398,317
4399,318
4400,2281
4401,320
4402,2715
4403,2282
4404,1533
4405,3075
4406,324
4407,325
4408,325
4409,886
4410,998
4411,2936
4412,2936
4413,326
4414,361
4415,361
4416,2378
4417,3000
4418,2439
4419,327
4420,948
4421,2541
4422,328
4423,3057
4424,2828
4425,3068
4426,2549
4427,3152
4428,1241
4429,1020
4430,586
4431,1494
4432,332
4433,416
4434,1256
4435,333
4436,335
4437,1036
4438,336
4439,526
4440,526
4441,337
4442,3473
4443,2607
4444,2607
4445,2457
4446,581
4447,343
4448,343
4449,478
4450,802
4451,460
4452,1552
4453,453
4454,1373
4455,2896
4456,2539
4457,1427
4458,2791
4459,350
4460,1501
4461,662
4462,2620
4463,888
4464,352
4465,352
4466,353
4467,354
4468,355
4469,356
4470,2350
4471,1926
4472,2953
4473,360
4474,363
4475,1766
4476,368
4477,3453
4478,2329
4479,370
4480,3654
4481,772
4482,1121
4483,2701
4484,373
4485,3634
4486,1253
4487,857
4488,2524
4489,3006
4490,2971
4491,1071
4492,2335
4493,774
4494,2341
4495,378
4496,1074
4497,3189
4498,383
4499,756
4500,386
4501,3220
4502,388
4503,394
4504,395
4505,396
4506,2745
4507,3644
4508,527
4509,401
4510,402
4511,2370
4512,883
4513,405
4514,3357
4515,832
4516,1088
4517,2808
4518,410
4519,576
4520,576
4521,2380
4522,2380
4523,508
4524,508
4525,1743
4526,413
4527,414
4528,415
4529,836
4530,1527
4531,2385
4532,418
4533,421
4534,1137
4535,2711
4536,515
4537,660
4538,425
4539,1114
4540,1252
4541,2859
4542,427
4543,1731
4544,2405
4545,3135
4546,2409
4547,430
4548,431
4549,431
4550,432
4551,2807
4552,3596
4553,1446
4554,436
4555,439
4556,441
4557,442
4558,442
4559,443
4560,2918
4561,465
4562,520
4563,1377
4564,455
4565,456
4566,1337
4567,709
4568,762
4569,728
4570,1024
4571,462
4572,1799
4573,463
4574,2448
4575,466
4576,469
4577,472
4578,480
4579,2454
4580,484
4581,3158
4582,934
4583,2458
4584,3700
4585,486
4586,681
4587,487
4588,1349
4589,488
4590,2462
4591,491
4592,2465
4593,494
4594,499
4595,760
4596,503
4597,505
4598,3245
4599,510
4600,1878
4601,1046
4602,511
4603,602
4604,513
4605,514
4606,3632
4607,1028
4608,525
4609,2486
4610,3084
4611,750
4612,3689
4613,673
4614,1297
4615,529
4616,2782
4617,532
4618,2495
4619,2496
4620,534
4621,535
4622,539
4623,1508
4624,2805
4625,543
4626,545
4627,546
4628,548
4629,3073
4630,2659
4631,2911
4632,2520
4633,2526
4634,3573
4635,565
4636,3082
4637,569
4638,1064
4639,759
4640,891
4641,687
4642,2764
4643,2542
4644,3307
4645,583
4646,585
4647,591
4648,592
4649,3200
4650,2555
4651,594
4652,3666
4653,1478
4654,2557
4655,596
4656,600
4657,607
4658,609
4659,613
4660,1250
4661,623
4662,1067
4663,1352
4664,625
4665,1044
4666,2577
4667,631
4668,1671
4669,2581
4670,2582
4671,636
4672,640
4673,1214
4674,3048
4675,641
4676,649
4677,651
4678,2588
4679,655
4680,658
4681,2595
4682,3114
4683,821
4684,663
4685,2602
4686,1917
4687,824
4688,2609
4689,675
4690,679
4691,680
4692,682
4693,1260
4694,684
4695,2630
4696,1631
4697,694
4698,3140
4699,698
4700,2714
4701,3235
4702,706
4703,708
4704,1208
4705,710
4706,710
4707,2653
4708,1433
4709,720
4710,954
4711,724
4712,1361
4713,738
4714,741
4715,1711
4716,747
4717,1118
4718,752
4719,754
4720,757
4721,763
4722,2709
4723,1574
4724,1519
4725,771
4726,812
4727,1032
4728,2721
4729,779
4730,781
4731,783
4732,1746
4733,1091
4734,796
4735,800
4736,3543
4737,2740
4738,2741
4739,809
4740,2756
4741,825
4742,1157
4743,2767
4744,908
4745,1534
4746,1035
4747,1098
4748,840
4749,841
4750,842
4751,843
4752,1557
4753,849
4754,858
4755,869
4756,870
4757,2823
4758,880
4759,982
4760,1216
4761,884
4762,2840
4763,914
4764,3571
4765,2855
4766,918
4767,921
4768,936
4769,3260
4770,938
4771,943
4772,950
4773,3335
4774,959
4775,961
4776,962
4777,967
4778,2987
4779,2899
4780,1620
4781,1620
4782,1306
4783,2908
4784,995
4785,996
4786,1723
4787,2931
4788,3198
4789,1677
4790,1029
4791,1047
4792,1135
4793,2976
4794,2980
4795,1073
4796,1073
4797,3013
4798,3013
4799,1848
4800,1848
4801,3055
4802,1093
4803,1099
4804,1102
4805,1100
4806,1104
4807,1106
4808,1113
4809,1116
4810,3038
4811,1122
4812,1124
4813,3045
4814,1136
4815,1139
4816,1269
4817,1781
4818,1145
4819,1422
4820,1148
4821,1165
4822,1194
4823,1189
4824,1191
4825,1192
4826,1754
4827,3121
4828,3172
4829,1206
4830,1209
4831,3131
4832,3139
4833,1234
4834,1246
4835,1272
4836,1280
4837,1298
4838,3393
4839,1312
4840,1496
4841,1334
4842,1453
4843,3212
4844,3225
4845,3226
4846,1370
4847,1495
4848,1553
4849,1387
4850,3242
4851,1413
4852,1441
4853,1455
4854,1900
4855,1500
4856,1505
4857,1522
4858,3577
4859,3390
4860,1795
4861,3426
4862,3427
4863,1632
4864,1803
4865,1850
4866,1705
4867,1691
4868,1697
4869,3546
4870,1744
4871,1769
4872,1788
4873,1802
4874,3676
