0,1
1,21
2,48
3,1
4,55
5,66
6,67
7,68
8,84
9,1
10,85
11,1
12,109
13,1
14,128
15,1
16,134
17,1
18,152
19,1
20,162
21,1
22,218
23,1
24,240
25,1
26,267
27,1
28,341
29,387
30,1
31,398
32,466
33,552
34,641
35,734
36,811
37,1
38,869
39,1
40,929
41,1141
42,1
43,1209
44,1307
45,1378
46,1
47,1656
48,1681
49,1
50,1978
51,1
52,3531
53,3716
54,5
55,7
56,18
57,37
58,38
59,49
60,51
61,58
62,75
63,96
64,108
65,119
66,122
67,146
68,177
69,21
70,263
71,21
72,334
73,385
74,21
75,455
76,625
77,673
78,829
79,21
80,888
81,976
82,21
83,1063
84,21
85,1676
86,3008
87,3120
88,3239
89,21
90,3261
91,3344
92,3521
93,48
94,17
95,20
96,100
97,115
98,173
99,265
100,940
101,1486
102,48
103,2056
104,3725
105,55
106,272
107,55
108,776
109,60
110,80
111,136
112,394
113,465
114,1852
115,66
116,2419
117,2572
118,2970
119,3576
120,4
121,71
122,67
123,201
124,380
125,546
126,67
127,561
128,697
129,765
130,776
131,922
132,67
133,941
134,1051
135,1198
136,1236
137,67
138,1324
139,1406
140,1589
141,67
142,1950
143,67
144,2074
145,2094
146,2128
147,2139
148,2219
149,67
150,2292
151,2689
152,67
153,2756
154,3204
155,3316
156,101
157,68
158,269
159,68
160,505
161,845
162,969
163,68
164,999
165,1173
166,68
167,1700
168,2746
169,2952
170,3204
171,3330
172,84
173,551
174,84
175,1581
176,84
177,2498
178,85
179,3379
180,14
181,39
182,53
183,216
184,331
185,664
186,722
187,836
188,1577
189,3117
190,3664
191,128
192,43
193,128
194,107
195,128
196,273
197,134
198,91
199,93
200,138
201,393
202,645
203,134
204,673
205,134
206,1171
207,2640
208,152
209,200
210,152
211,212
212,252
213,346
214,399
215,661
216,152
217,817
218,1348
219,1575
220,152
221,2100
222,152
223,2108
224,2995
225,152
226,3268
227,152
228,3772
229,3773
230,162
231,60
232,162
233,161
234,162
235,277
236,162
237,437
238,162
239,853
240,162
241,1411
242,162
243,1550
244,1667
245,218
246,218
247,101
248,218
249,3204
250,240
251,240
252,92
253,240
254,116
255,240
256,273
257,240
258,571
259,804
260,240
261,968
262,994
263,240
264,1316
265,240
266,1745
267,240
268,1782
269,240
270,1988
271,240
272,2376
273,240
274,2570
275,240
276,2730
277,240
278,2891
279,267
280,435
281,267
282,601
283,267
284,955
285,1145
286,1429
287,267
288,1716
289,2233
290,267
291,2660
292,267
293,3789
294,267
295,3902
296,341
297,16
298,341
299,115
300,154
301,426
302,626
303,1166
304,1187
305,341
306,1649
307,2012
308,387
309,361
310,387
311,1769
312,398
313,30
314,398
315,216
316,398
317,405
318,398
319,426
320,466
321,339
322,466
323,399
324,466
325,450
326,552
327,456
328,552
329,1193
330,3522
331,552
332,3897
333,641
334,992
335,641
336,1376
337,2819
338,3678
339,734
340,571
341,734
342,2084
343,734
344,3349
345,3754
346,50
347,135
348,151
349,205
350,213
351,273
352,811
353,355
354,361
355,397
356,811
357,413
358,811
359,437
360,811
361,479
362,761
363,781
364,825
365,1065
366,1848
367,1874
368,1971
369,2030
370,811
371,2175
372,2802
373,2919
374,2920
375,869
376,507
377,869
378,543
379,869
380,2549
381,869
382,3534
383,929
384,63
385,929
386,1858
387,1141
388,1334
389,1141
390,1361
391,1209
392,919
393,1307
394,115
395,1307
396,732
397,1307
398,2306
399,1378
400,768
401,1378
402,1121
403,1378
404,1775
405,1656
406,46
407,1656
408,455
409,1656
410,2253
411,1681
412,479
413,1681
414,787
415,1681
416,1429
417,1681
418,2320
419,1978
420,224
421,1978
422,464
423,1978
424,896
425,1978
426,1193
427,1631
428,2963
429,3531
430,511
431,3716
432,4
433,3716
434,10
435,3716
436,103
437,3716
438,248
439,428
440,3716
441,443
442,3716
443,557
444,3716
445,705
446,3716
447,831
448,3716
449,1122
450,1538
451,2506
452,3716
453,2776
454,3716
455,2999
456,3268
457,2
458,29
459,29
460,7
461,29
462,32
463,29
464,39
465,29
466,43
467,29
468,172
469,29
470,351
471,1022
472,3
473,252
474,3
475,661
476,3
477,2385
478,59
479,252
480,138
481,252
482,435
483,252
484,440
485,252
486,442
487,252
488,461
489,252
490,468
491,549
492,683
493,252
494,2944
495,3568
496,3666
497,3680
498,661
499,270
500,661
501,561
502,2385
503,1685
504,4
505,8
506,224
507,362
508,363
509,4
510,492
511,992
512,4
513,1179
514,4
515,2976
516,3432
517,12
518,32
519,33
520,41
521,42
522,94
523,120
524,5
525,129
526,212
527,238
528,5
529,260
530,338
531,343
532,345
533,444
534,454
535,538
536,582
537,603
538,654
539,687
540,700
541,701
542,715
543,762
544,5
545,764
546,771
547,807
548,827
549,5
550,1093
551,1223
552,1764
553,1788
554,2743
555,5
556,3048
557,3188
558,3458
559,5
560,3699
561,8
562,9
563,98
564,8
565,122
566,157
567,160
568,8
569,185
570,232
571,241
572,287
573,8
574,668
575,782
576,784
577,915
578,1840
579,2025
580,3522
581,3687
582,127
583,14
584,196
585,217
586,516
587,14
588,714
589,870
590,14
591,880
592,1027
593,1395
594,14
595,2025
596,3847
597,15
598,92
599,113
600,156
601,179
602,187
603,339
604,364
605,177
606,435
607,448
608,177
609,733
610,805
611,919
612,1114
613,177
614,1195
615,1780
616,2013
617,177
618,2041
619,2256
620,2653
621,177
622,2660
623,2668
624,177
625,2844
626,177
627,3234
628,177
629,3666
630,205
631,333
632,205
633,1085
634,205
635,1129
636,205
637,1723
638,31
639,79
640,216
641,210
642,272
643,424
644,624
645,216
646,904
647,1397
648,3066
649,216
650,3860
651,125
652,571
653,724
654,224
655,730
656,224
657,895
658,913
659,1409
660,1494
661,1844
662,224
663,2046
664,2105
665,2204
666,224
667,2486
668,2584
669,3163
670,54
671,331
672,207
673,392
674,331
675,402
676,440
677,443
678,471
679,545
680,716
681,718
682,757
683,777
684,331
685,933
686,1062
687,331
688,1292
689,331
690,2106
691,2339
692,2444
693,362
694,62
695,90
696,362
697,284
698,303
699,362
700,502
701,582
702,362
703,667
704,750
705,963
706,1029
707,1037
708,1127
709,1264
710,1300
711,362
712,1358
713,1526
714,1652
715,3148
716,3398
717,3645
718,417
719,420
720,363
721,427
722,363
723,2570
724,492
725,99
726,492
727,127
728,492
729,436
730,492
731,582
732,492
733,1200
734,81
735,105
736,368
737,697
738,418
739,442
740,697
741,465
742,697
743,556
744,688
745,828
746,1170
747,1238
748,697
749,1316
750,1418
751,697
752,1650
753,1683
754,1733
755,2092
756,697
757,2326
758,2407
759,2529
760,2575
761,697
762,2609
763,3030
764,697
765,3129
766,697
767,3162
768,3332
769,3682
770,697
771,3730
772,3919
773,722
774,672
775,722
776,1799
777,2092
778,722
779,2807
780,34
781,836
782,186
783,296
784,456
785,484
786,717
787,836
788,889
789,836
790,1018
791,836
792,1044
793,1392
794,2056
795,2193
796,3009
797,3204
798,3715
799,713
800,992
801,903
802,992
803,1129
804,1660
805,992
806,1948
807,992
808,2344
809,2757
810,2782
811,992
812,3516
813,1179
814,471
815,1179
816,1696
817,1236
818,132
819,192
820,1236
821,302
822,327
823,350
824,1042
825,1125
826,1301
827,1314
828,1236
829,1333
830,1348
831,1236
832,1400
833,1236
834,1412
835,1236
836,1419
837,1494
838,1236
839,1583
840,1619
841,1745
842,1867
843,1883
844,2154
845,2258
846,1236
847,2310
848,1236
849,3523
850,1406
851,60
852,1406
853,744
854,143
855,2689
856,685
857,2689
858,706
859,742
860,751
861,2689
862,995
863,1278
864,1456
865,2689
866,2123
867,2689
868,2314
869,2689
870,2383
871,2689
872,2513
873,2839
874,3814
875,2976
876,1322
877,2976
878,3568
879,685
880,3330
881,852
882,3330
883,1005
884,3330
885,2897
886,3432
887,703
888,3664
889,36
890,3664
891,464
892,3664
893,581
894,3664
895,1322
896,3664
897,1429
898,3664
899,1843
900,2575
901,3664
902,3522
903,40
904,123
905,139
906,12
907,663
908,669
909,12
910,763
911,1009
912,1516
913,1737
914,12
915,2500
916,12
917,2690
918,3045
919,12
920,3605
921,20
922,215
923,571
924,649
925,20
926,663
927,727
928,1164
929,1295
930,1808
931,20
932,1893
933,2491
934,20
935,2624
936,3064
937,3235
938,20
939,3589
940,20
941,3720
942,32
943,40
944,32
945,306
946,1659
947,1972
948,2018
949,32
950,2219
951,32
952,2987
953,32
954,3786
955,33
956,195
957,349
958,1857
959,3371
960,792
961,1133
962,42
963,305
964,679
965,42
966,688
967,1168
968,42
969,2162
970,42
971,3192
972,42
973,3398
974,75
975,602
976,1308
977,94
978,167
979,421
980,94
981,455
982,525
983,94
984,716
985,978
986,1009
987,94
988,1746
989,94
990,1923
991,3750
992,96
993,59
994,99
995,180
996,96
997,317
998,358
999,96
1000,478
1001,96
1002,520
1003,810
1004,96
1005,1174
1006,1953
1007,3523
1008,111
1009,166
1010,307
1011,634
1012,919
1013,120
1014,2005
1015,129
1016,129
1017,247
1018,129
1019,2431
1020,534
1021,636
1022,1053
1023,1109
1024,1309
1025,1388
1026,79
1027,260
1028,203
1029,260
1030,1150
1031,3314
1032,265
1033,215
1034,831
1035,265
1036,893
1037,3534
1038,3736
1039,329
1040,888
1041,1231
1042,1369
1043,338
1044,1449
1045,1538
1046,1666
1047,2972
1048,338
1049,3271
1050,3792
1051,343
1052,1009
1053,3303
1054,3645
1055,3876
1056,345
1057,2839
1058,444
1059,293
1060,483
1061,454
1062,2226
1063,538
1064,433
1065,493
1066,168
1067,290
1068,582
1069,594
1070,582
1071,1094
1072,582
1073,1187
1074,582
1075,1630
1076,582
1077,2263
1078,301
1079,654
1080,270
1081,654
1082,386
1083,654
1084,1354
1085,654
1086,1426
1087,654
1088,1483
1089,654
1090,1652
1091,700
1092,234
1093,700
1094,271
1095,700
1096,431
1097,1385
1098,700
1099,1773
1100,2581
1101,700
1102,3069
1103,3206
1104,3265
1105,204
1106,701
1107,237
1108,701
1109,1621
1110,3253
1111,715
1112,305
1113,715
1114,745
1115,715
1116,1311
1117,715
1118,2434
1119,2847
1120,715
1121,3645
1122,762
1123,337
1124,762
1125,861
1126,762
1127,1775
1128,762
1129,2048
1130,762
1131,2598
1132,771
1133,711
1134,1612
1135,807
1136,3072
1137,827
1138,623
1139,749
1140,976
1141,674
1142,976
1143,1027
1144,976
1145,3522
1146,994
1147,69
1148,994
1149,219
1150,994
1151,1391
1152,2042
1153,1093
1154,1992
1155,1093
1156,2558
1157,2586
1158,1223
1159,196
1160,1486
1161,56
1162,1486
1163,425
1164,1486
1165,1393
1166,1486
1167,1509
1168,1486
1169,1801
1170,1764
1171,510
1172,846
1173,1764
1174,3409
1175,1788
1176,1443
1177,1874
1178,506
1179,1874
1180,636
1181,1874
1182,649
1183,1874
1184,1393
1185,2005
1186,1971
1187,70
1188,1971
1189,98
1190,452
1191,805
1192,1971
1193,1770
1194,1971
1195,1983
1196,2489
1197,1971
1198,2666
1199,1971
1200,2717
1201,1971
1202,3009
1203,2743
1204,151
1205,2743
1206,1350
1207,2743
1208,2491
1209,2802
1210,448
1211,2802
1212,714
1213,2802
1214,1446
1215,2802
1216,1524
1217,2802
1218,1773
1219,3048
1220,474
1221,3048
1222,1464
1223,3048
1224,1700
1225,3188
1226,239
1227,3458
1228,136
1229,3458
1230,194
1231,3458
1232,451
1233,501
1234,3458
1235,676
1236,3458
1237,1354
1238,1428
1239,3458
1240,2624
1241,3458
1242,3120
1243,3534
1244,3572
1245,3521
1246,72
1247,203
1248,306
1249,3521
1250,446
1251,533
1252,3521
1253,539
1254,679
1255,1213
1256,3521
1257,1861
1258,3521
1259,2133
1260,2673
1261,2843
1262,2884
1263,3031
1264,3260
1265,3590
1266,6
1267,542
1268,542
1269,544
1270,755
1271,1174
1272,1178
1273,7
1274,52
1275,7
1276,184
1277,186
1278,7
1279,214
1280,285
1281,1258
1282,7
1283,1520
1284,7
1285,1901
1286,7
1287,2596
1288,11
1289,51
1290,531
1291,51
1292,711
1293,51
1294,747
1295,2779
1296,51
1297,3216
1298,51
1299,3897
1300,28
1301,58
1302,81
1303,268
1304,269
1305,279
1306,340
1307,58
1308,382
1309,58
1310,438
1311,58
1312,590
1313,58
1314,747
1315,748
1316,821
1317,1470
1318,1521
1319,58
1320,1836
1321,58
1322,3059
1323,58
1324,3218
1325,58
1326,3390
1327,22
1328,71
1329,77
1330,71
1331,225
1332,71
1333,424
1334,1559
1335,137
1336,100
1337,1309
1338,100
1339,2306
1340,27
1341,330
1342,739
1343,1066
1344,1819
1345,2799
1346,2942
1347,3202
1348,107
1349,3290
1350,151
1351,525
1352,151
1353,529
1354,573
1355,151
1356,619
1357,151
1358,1390
1359,1829
1360,3412
1361,151
1362,3637
1363,184
1364,184
1365,229
1366,686
1367,184
1368,761
1369,184
1370,1548
1371,3505
1372,186
1373,593
1374,186
1375,2302
1376,285
1377,656
1378,1855
1379,285
1380,2463
1381,285
1382,2677
1383,329
1384,217
1385,227
1386,329
1387,2356
1388,118
1389,393
1390,430
1391,1858
1392,393
1393,2841
1394,393
1395,3736
1396,426
1397,171
1398,426
1399,188
1400,222
1401,426
1402,261
1403,426
1404,519
1405,426
1406,1528
1407,426
1408,2747
1409,426
1410,3144
1411,426
1412,3392
1413,443
1414,196
1415,558
1416,443
1417,730
1418,443
1419,1115
1420,443
1421,1169
1422,443
1423,1277
1424,3226
1425,673
1426,525
1427,673
1428,660
1429,673
1430,927
1431,673
1432,3310
1433,810
1434,394
1435,810
1436,772
1437,810
1438,1355
1439,2928
1440,1258
1441,188
1442,282
1443,678
1444,1258
1445,1386
1446,1520
1447,142
1448,1520
1449,1332
1450,2596
1451,3724
1452,3715
1453,155
1454,585
1455,1174
1456,1364
1457,1411
1458,3715
1459,1715
1460,2217
1461,3715
1462,2405
1463,2666
1464,3715
1465,2794
1466,3182
1467,3715
1468,3597
1469,9
1470,292
1471,9
1472,567
1473,9
1474,576
1475,9
1476,9
1477,795
1478,882
1479,892
1480,1667
1481,9
1482,1740
1483,9
1484,1916
1485,2122
1486,9
1487,2263
1488,9
1489,2426
1490,2446
1491,2786
1492,9
1493,2913
1494,2974
1495,3152
1496,3268
1497,9
1498,3406
1499,3535
1500,3703
1501,3913
1502,18
1503,80
1504,193
1505,18
1506,199
1507,18
1508,258
1509,18
1510,406
1511,18
1512,545
1513,18
1514,1129
1515,18
1516,1181
1517,18
1518,1190
1519,1327
1520,18
1521,1543
1522,18
1523,1639
1524,18
1525,1640
1526,18
1527,1715
1528,18
1529,1797
1530,18
1531,2359
1532,18
1533,2844
1534,18
1535,2847
1536,2948
1537,18
1538,2990
1539,1814
1540,30
1541,2028
1542,39
1543,130
1544,507
1545,39
1546,847
1547,1120
1548,1130
1549,1479
1550,53
1551,126
1552,53
1553,479
1554,53
1555,494
1556,647
1557,53
1558,930
1559,53
1560,1316
1561,53
1562,2809
1563,3358
1564,98
1565,40
1566,98
1567,102
1568,98
1569,1134
1570,98
1571,2718
1572,98
1573,3066
1574,122
1575,167
1576,122
1577,193
1578,122
1579,281
1580,122
1581,417
1582,122
1583,615
1584,122
1585,843
1586,122
1587,861
1588,122
1589,1109
1590,122
1591,1220
1592,122
1593,1327
1594,122
1595,1746
1596,122
1597,3541
1598,122
1599,3546
1600,3899
1601,386
1602,157
1603,420
1604,921
1605,1816
1606,2876
1607,3005
1608,3207
1609,3537
1610,3841
1611,1297
1612,1318
1613,1373
1614,3082
1615,3401
1616,185
1617,31
1618,185
1619,296
1620,185
1621,667
1622,185
1623,818
1624,185
1625,3398
1626,232
1627,196
1628,272
1629,2950
1630,326
1631,405
1632,241
1633,486
1634,110
1635,353
1636,287
1637,1708
1638,287
1639,1875
1640,2119
1641,287
1642,2875
1643,3533
1644,668
1645,2502
1646,782
1647,165
1648,580
1649,745
1650,939
1651,782
1652,1024
1653,1111
1654,1216
1655,1291
1656,782
1657,1576
1658,1583
1659,1733
1660,782
1661,1745
1662,1976
1663,2289
1664,2431
1665,2573
1666,3427
1667,782
1668,3519
1669,782
1670,3571
1671,3708
1672,784
1673,940
1674,1840
1675,714
1676,2025
1677,718
1678,788
1679,1148
1680,2025
1681,3506
1682,2025
1683,3541
1684,3522
1685,303
1686,3522
1687,373
1688,479
1689,3522
1690,480
1691,3522
1692,660
1693,3522
1694,769
1695,772
1696,3522
1697,814
1698,3522
1699,881
1700,3522
1701,903
1702,3522
1703,1042
1704,3522
1705,1145
1706,1237
1707,3522
1708,1336
1709,3522
1710,1567
1711,3522
1712,1699
1713,3522
1714,1796
1715,3522
1716,1837
1717,3522
1718,1951
1719,3522
1720,2060
1721,3522
1722,2146
1723,2159
1724,3522
1725,2411
1726,3522
1727,2447
1728,2568
1729,3522
1730,2613
1731,3522
1732,2932
1733,3522
1734,3429
1735,3522
1736,3694
1737,56
1738,3687
1739,123
1740,3687
1741,534
1742,3687
1743,1058
1744,3687
1745,2049
1746,3319
1747,3687
1748,3338
1749,3550
1750,3869
1751,50
1752,38
1753,50
1754,1561
1755,105
1756,471
1757,105
1758,872
1759,105
1760,878
1761,105
1762,1125
1763,105
1764,1262
1765,105
1766,1609
1767,105
1768,1613
1769,105
1770,2329
1771,143
1772,15
1773,165
1774,143
1775,798
1776,1173
1777,143
1778,1229
1779,143
1780,1418
1781,143
1782,2146
1783,3358
1784,200
1785,1194
1786,2154
1787,292
1788,756
1789,292
1790,1354
1791,292
1792,3037
1793,70
1794,498
1795,624
1796,1354
1797,2058
1798,3051
1799,399
1800,3299
1801,3787
1802,567
1803,1453
1804,576
1805,1685
1806,2809
1807,576
1808,2914
1809,576
1810,3132
1811,204
1812,685
1813,798
1814,685
1815,1367
1816,685
1817,1865
1818,685
1819,2552
1820,685
1821,2896
1822,685
1823,3115
1824,742
1825,359
1826,598
1827,779
1828,742
1829,796
1830,909
1831,742
1832,1196
1833,1275
1834,742
1835,1324
1836,1930
1837,2324
1838,2344
1839,742
1840,2542
1841,2720
1842,2787
1843,742
1844,2903
1845,742
1846,2959
1847,765
1848,63
1849,931
1850,2985
1851,3765
1852,777
1853,557
1854,777
1855,611
1856,777
1857,1200
1858,777
1859,1289
1860,777
1861,3118
1862,777
1863,3804
1864,781
1865,853
1866,781
1867,977
1868,781
1869,1780
1870,781
1871,1977
1872,795
1873,611
1874,959
1875,882
1876,1338
1877,1580
1878,882
1879,1970
1880,2254
1881,2661
1882,882
1883,3227
1884,3307
1885,3332
1886,882
1887,3523
1888,1145
1889,1164
1890,892
1891,1247
1892,1419
1893,892
1894,1496
1895,1646
1896,892
1897,1661
1898,892
1899,1906
1900,892
1901,2079
1902,3861
1903,922
1904,279
1905,875
1906,922
1907,1036
1908,1337
1909,922
1910,1360
1911,1522
1912,922
1913,1668
1914,922
1915,1891
1916,2077
1917,922
1918,2097
1919,922
1920,2190
1921,2715
1922,922
1923,2896
1924,3210
1925,3347
1926,922
1927,3588
1928,1619
1929,245
1930,297
1931,1619
1932,400
1933,1619
1934,433
1935,1619
1936,751
1937,1619
1938,886
1939,1619
1940,1013
1941,1619
1942,1056
1943,1619
1944,1154
1945,1230
1946,1619
1947,1309
1948,1311
1949,1619
1950,1413
1951,1619
1952,1723
1953,1619
1954,1797
1955,1619
1956,1849
1957,1850
1958,2268
1959,2604
1960,2625
1961,2659
1962,1619
1963,2733
1964,1619
1965,3107
1966,3422
1967,1619
1968,3593
1969,3790
1970,1667
1971,34
1972,1667
1973,942
1974,1401
1975,1916
1976,3887
1977,1774
1978,2012
1979,2346
1980,2012
1981,3030
1982,2263
1983,279
1984,2263
1985,938
1986,2263
1987,1379
1988,1418
1989,2263
1990,1572
1991,2263
1992,3000
1993,2263
1994,3050
1995,2263
1996,3173
1997,2263
1998,3652
1999,3702
2000,2426
2001,3151
2002,3931
2003,2529
2004,164
2005,852
2006,968
2007,2529
2008,3132
2009,3855
2010,2786
2011,158
2012,2786
2013,479
2014,2786
2015,878
2016,2786
2017,1044
2018,2786
2019,1404
2020,2786
2021,1625
2022,2786
2023,2547
2024,2786
2025,2620
2026,2913
2027,477
2028,2952
2029,672
2030,1365
2031,1940
2032,2974
2033,580
2034,2974
2035,790
2036,2974
2037,2809
2038,3008
2039,23
2040,3008
2041,173
2042,477
2043,3008
2044,617
2045,3008
2046,667
2047,3008
2048,691
2049,801
2050,3008
2051,819
2052,3008
2053,1079
2054,1249
2055,3008
2056,1557
2057,3008
2058,1685
2059,3008
2060,1878
2061,3008
2062,2219
2063,3008
2064,2356
2065,3008
2066,3707
2067,3152
2068,1485
2069,3152
2070,2537
2071,3152
2072,3377
2073,3268
2074,405
2075,3268
2076,724
2077,2146
2078,3406
2079,812
2080,3703
2081,350
2082,3703
2083,448
2084,3703
2085,2666
2086,3913
2087,1890
2088,3913
2089,1892
2090,10
2091,539
2092,539
2093,78
2094,539
2095,452
2096,539
2097,924
2098,539
2099,2859
2100,145
2101,161
2102,11
2103,3759
2104,744
2105,163
2106,189
2107,92
2108,192
2109,92
2110,509
2111,92
2112,1085
2113,92
2114,2718
2115,3116
2116,145
2117,3240
2118,145
2119,3817
2120,156
2121,1010
2122,161
2123,856
2124,179
2125,453
2126,179
2127,1694
2128,2436
2129,3066
2130,179
2131,3198
2132,40
2133,81
2134,40
2135,111
2136,40
2137,505
2138,49
2139,372
2140,49
2141,804
2142,123
2143,124
2144,123
2145,244
2146,123
2147,123
2148,825
2149,123
2150,1151
2151,1327
2152,123
2153,2196
2154,1403
2155,1639
2156,2009
2157,2487
2158,3376
2159,397
2160,564
2161,397
2162,611
2163,1393
2164,397
2165,2303
2166,2537
2167,397
2168,2631
2169,2745
2170,663
2171,569
2172,663
2173,757
2174,663
2175,1327
2176,2984
2177,663
2178,3022
2179,669
2180,433
2181,669
2182,1678
2183,669
2184,2727
2185,669
2186,2791
2187,669
2188,3835
2189,761
2190,283
2191,761
2192,977
2193,761
2194,1010
2195,761
2196,1050
2197,1101
2198,761
2199,1156
2200,1299
2201,1820
2202,2043
2203,761
2204,2461
2205,2521
2206,2676
2207,2840
2208,2991
2209,3267
2210,761
2211,3354
2212,763
2213,1558
2214,805
2215,1438
2216,805
2217,1792
2218,805
2219,2389
2220,805
2221,2463
2222,3252
2223,805
2224,3332
2225,805
2226,3671
2227,1009
2228,72
2229,584
2230,1009
2231,963
2232,3371
2233,1516
2234,1280
2235,1516
2236,3435
2237,1737
2238,2228
2239,1737
2240,2731
2241,3045
2242,3045
2243,699
2244,894
2245,980
2246,1414
2247,3045
2248,1547
2249,1706
2250,1833
2251,2901
2252,3398
2253,127
2254,3398
2255,165
2256,3398
2257,719
2258,766
2259,3398
2260,1113
2261,3398
2262,1216
2263,1281
2264,3398
2265,2731
2266,3022
2267,3398
2268,3052
2269,3398
2270,3427
2271,3605
2272,1678
2273,3605
2274,2622
2275,3605
2276,13
2277,3689
2278,3689
2279,2198
2280,3689
2281,2341
2282,127
2283,108
2284,127
2285,167
2286,173
2287,127
2288,199
2289,303
2290,325
2291,127
2292,391
2293,587
2294,127
2295,600
2296,127
2297,1861
2298,127
2299,2800
2300,196
2301,175
2302,196
2303,320
2304,196
2305,442
2306,196
2307,636
2308,196
2309,196
2310,886
2311,912
2312,196
2313,1211
2314,196
2315,1383
2316,196
2317,1495
2318,1751
2319,196
2320,3217
2321,3869
2322,217
2323,2076
2324,217
2325,2295
2326,516
2327,38
2328,615
2329,516
2330,1845
2331,516
2332,2018
2333,516
2334,2703
2335,714
2336,64
2337,714
2338,321
2339,714
2340,927
2341,714
2342,1362
2343,714
2344,1503
2345,870
2346,767
2347,880
2348,1358
2349,880
2350,1641
2351,880
2352,3600
2353,1027
2354,1344
2355,1027
2356,1545
2357,1027
2358,2014
2359,2042
2360,1027
2361,2897
2362,1395
2363,904
2364,1395
2365,2484
2366,1395
2367,3867
2368,3847
2369,34
2370,3847
2371,239
2372,3847
2373,2433
2374,3847
2375,3001
2376,3847
2377,3451
2378,15
2379,305
2380,15
2381,385
2382,1044
2383,15
2384,1051
2385,15
2386,1118
2387,15
2388,1426
2389,15
2390,1496
2391,15
2392,1644
2393,15
2394,2261
2395,305
2396,101
2397,305
2398,658
2399,305
2400,723
2401,305
2402,305
2403,1040
2404,305
2405,1146
2406,305
2407,1469
2408,1601
2409,1640
2410,305
2411,1669
2412,305
2413,1785
2414,1943
2415,1970
2416,2379
2417,305
2418,2691
2419,3115
2420,305
2421,3132
2422,3315
2423,305
2424,3481
2425,3567
2426,385
2427,61
2428,385
2429,89
2430,385
2431,149
2432,385
2433,735
2434,385
2435,2777
2436,54
2437,568
2438,745
2439,865
2440,878
2441,978
2442,1119
2443,1501
2444,745
2445,1536
2446,1586
2447,1612
2448,1661
2449,1723
2450,1746
2451,745
2452,1748
2453,1750
2454,1797
2455,1815
2456,745
2457,1849
2458,2022
2459,2047
2460,745
2461,2216
2462,2322
2463,2554
2464,2625
2465,745
2466,2733
2467,745
2468,2857
2469,1044
2470,1044
2471,514
2472,1044
2473,875
2474,1661
2475,1044
2476,1797
2477,1044
2478,2022
2479,2383
2480,1044
2481,2399
2482,1044
2483,2477
2484,1044
2485,2478
2486,1044
2487,2579
2488,1044
2489,2793
2490,1044
2491,2914
2492,3132
2493,1044
2494,3210
2495,1044
2496,3452
2497,1044
2498,3524
2499,1059
2500,1051
2501,1368
2502,1578
2503,1051
2504,1613
2505,1111
2506,831
2507,1111
2508,913
2509,1111
2510,966
2511,1111
2512,987
2513,1111
2514,2839
2515,1111
2516,2852
2517,1118
2518,1319
2519,1118
2520,3145
2521,1496
2522,957
2523,1496
2524,2221
2525,1644
2526,1131
2527,1644
2528,1582
2529,1644
2530,1736
2531,1644
2532,3068
2533,3104
2534,3185
2535,3282
2536,3770
2537,3852
2538,2261
2539,1596
2540,2261
2541,2745
2542,3569
2543,16
2544,471
2545,471
2546,547
2547,37
2548,311
2549,37
2550,814
2551,37
2552,1024
2553,37
2554,1393
2555,37
2556,1443
2557,37
2558,1528
2559,37
2560,1585
2561,3007
2562,37
2563,3064
2564,37
2565,3637
2566,80
2567,796
2568,80
2569,1918
2570,80
2571,2197
2572,228
2573,108
2574,277
2575,108
2576,615
2577,108
2578,691
2579,108
2580,1185
2581,108
2582,1544
2583,1823
2584,108
2585,2432
2586,108
2587,2999
2588,111
2589,23
2590,111
2591,263
2592,111
2593,456
2594,119
2595,479
2596,119
2597,2026
2598,119
2599,3163
2600,193
2601,136
2602,472
2603,644
2604,785
2605,1300
2606,1308
2607,1421
2608,1437
2609,1541
2610,2148
2611,2298
2612,2403
2613,2542
2614,2662
2615,2767
2616,2942
2617,3942
2618,199
2619,60
2620,199
2621,413
2622,545
2623,643
2624,545
2625,837
2626,545
2627,1503
2628,545
2629,2005
2630,545
2631,2352
2632,545
2633,2730
2634,545
2635,3155
2636,625
2637,280
2638,625
2639,283
2640,625
2641,417
2642,625
2643,744
2644,625
2645,962
2646,625
2647,1054
2648,625
2649,1362
2650,625
2651,3447
2652,1129
2653,611
2654,1129
2655,670
2656,1129
2657,1685
2658,1181
2659,680
2660,1032
2661,1181
2662,1283
2663,1190
2664,1122
2665,1296
2666,2977
2667,1190
2668,3347
2669,1327
2670,424
2671,1327
2672,924
2673,1327
2674,1014
2675,1327
2676,1602
2677,1738
2678,1327
2679,1889
2680,1327
2681,2168
2682,2716
2683,1327
2684,3090
2685,1327
2686,3684
2687,1327
2688,3792
2689,1543
2690,2155
2691,1543
2692,3888
2693,1639
2694,743
2695,1640
2696,34
2697,1640
2698,1896
2699,1640
2700,2068
2701,1640
2702,3402
2703,1715
2704,1122
2705,1797
2706,149
2707,1797
2708,1470
2709,1797
2710,2401
2711,1797
2712,2736
2713,2359
2714,3150
2715,2844
2716,484
2717,2847
2718,72
2719,2948
2720,1197
2721,1241
2722,2948
2723,1583
2724,2948
2725,2300
2726,2948
2727,2766
2728,3344
2729,621
2730,3344
2731,1077
2732,3344
2733,1521
2734,3344
2735,2192
2736,3344
2737,2194
2738,3344
2739,3225
2740,3344
2741,3317
2742,3344
2743,3866
2744,19
2745,499
2746,19
2747,1200
2748,19
2749,2603
2750,499
2751,178
2752,499
2753,2496
2754,1200
2755,282
2756,1200
2757,636
2758,1200
2759,1125
2760,1200
2761,1145
2762,1200
2763,1612
2764,1200
2765,1200
2766,2447
2767,1200
2768,2733
2769,2603
2770,1311
2771,2603
2772,2235
2773,2603
2774,26
2775,135
2776,741
2777,135
2778,1588
2779,652
2780,3046
2781,213
2782,104
2783,213
2784,1193
2785,215
2786,431
2787,296
2788,300
2789,296
2790,1316
2791,502
2792,89
2793,370
2794,502
2795,379
2796,502
2797,1215
2798,1963
2799,502
2800,2170
2801,2882
2802,502
2803,2961
2804,3637
2805,3650
2806,571
2807,45
2808,571
2809,112
2810,571
2811,1038
2812,571
2813,1214
2814,1474
2815,571
2816,1585
2817,2607
2818,571
2819,3261
2820,571
2821,3940
2822,649
2823,1336
2824,649
2825,1937
2826,649
2827,2917
2828,3361
2829,727
2830,724
2831,727
2832,1430
2833,727
2834,2955
2835,750
2836,390
2837,750
2838,2839
2839,963
2840,2039
2841,1127
2842,2731
2843,3786
2844,564
2845,2044
2846,2455
2847,1264
2848,210
2849,1264
2850,1106
2851,1264
2852,1661
2853,1264
2854,1775
2855,1264
2856,2448
2857,2570
2858,1264
2859,2598
2860,2638
2861,1264
2862,3013
2863,3676
2864,1264
2865,3697
2866,1295
2867,2217
2868,1295
2869,3861
2870,1893
2871,1690
2872,2491
2873,690
2874,2491
2875,1389
2876,2491
2877,3736
2878,2624
2879,322
2880,1587
2881,36
2882,3235
2883,1030
2884,3235
2885,1708
2886,3235
2887,2820
2888,3720
2889,2650
2890,3725
2891,2327
2892,38
2893,99
2894,263
2895,919
2896,334
2897,383
2898,455
2899,282
2900,455
2901,1660
2902,455
2903,2400
2904,829
2905,829
2906,1907
2907,829
2908,2642
2909,829
2910,2938
2911,829
2912,3628
2913,888
2914,1070
2915,888
2916,1197
2917,888
2918,1883
2919,888
2920,2095
2921,888
2922,3742
2923,1063
2924,3120
2925,978
2926,3120
2927,1774
2928,3120
2929,1796
2930,3684
2931,3239
2932,322
2933,3239
2934,376
2935,3239
2936,1083
2937,3239
2938,2854
2939,3261
2940,1174
2941,3261
2942,2287
2943,744
2944,3095
2945,744
2946,3216
2947,744
2948,3619
2949,23
2950,868
2951,23
2952,1207
2953,23
2954,868
2955,712
2956,868
2957,822
2958,868
2959,887
2960,868
2961,3063
2962,1207
2963,149
2964,586
2965,934
2966,1801
2967,1207
2968,2038
2969,3284
2970,2150
2971,2365
2972,2207
2973,2920
2974,167
2975,24
2976,182
2977,24
2978,302
2979,448
2980,302
2981,34
2982,302
2983,658
2984,302
2985,916
2986,302
2987,1322
2988,1455
2989,302
2990,1668
2991,302
2992,2692
2993,3142
2994,302
2995,3313
2996,302
2997,3919
2998,448
2999,102
3000,448
3001,197
3002,448
3003,256
3004,448
3005,495
3006,448
3007,521
3008,448
3009,631
3010,726
3011,448
3012,786
3013,448
3014,816
3015,448
3016,1022
3017,448
3018,1294
3019,448
3020,2005
3021,3422
3022,25
3023,1673
3024,2325
3025,2679
3026,2940
3027,3018
3028,2152
3029,2940
3030,1372
3031,2940
3032,2894
3033,3018
3034,675
3035,3018
3036,3106
3037,26
3038,855
3039,90
3040,709
3041,855
3042,1092
3043,855
3044,2901
3045,855
3046,3529
3047,1109
3048,1306
3049,1109
3050,3509
3051,27
3052,251
3053,27
3054,290
3055,27
3056,1642
3057,2303
3058,27
3059,3075
3060,251
3061,634
3062,251
3063,1062
3064,251
3065,1206
3066,290
3067,600
3068,290
3069,1539
3070,1642
3071,429
3072,1569
3073,1642
3074,1908
3075,2051
3076,2061
3077,3170
3078,3075
3079,925
3080,3075
3081,3236
3082,3075
3083,3478
3084,3075
3085,3523
3086,28
3087,97
3088,159
3089,488
3090,28
3091,1860
3092,28
3093,2537
3094,116
3095,382
3096,530
3097,97
3098,940
3099,942
3100,97
3101,3514
3102,158
3103,209
3104,308
3105,3541
3106,159
3107,3663
3108,268
3109,35
3110,403
3111,488
3112,57
3113,342
3114,488
3115,416
3116,488
3117,1778
3118,488
3119,2825
3120,634
3121,478
3122,621
3123,2481
3124,634
3125,2837
3126,3357
3127,2005
3128,3134
3129,43
3130,114
3131,172
3132,223
3133,172
3134,405
3135,2018
3136,1814
3137,526
3138,31
3139,1924
3140,940
3141,358
3142,839
3143,940
3144,1035
3145,1056
3146,1060
3147,1078
3148,1909
3149,1935
3150,3954
3151,2954
3152,306
3153,525
3154,306
3155,691
3156,456
3157,349
3158,456
3159,1029
3160,456
3161,1187
3162,1659
3163,1480
3164,1659
3165,2631
3166,1659
3167,2937
3168,3754
3169,2018
3170,2018
3171,420
3172,2018
3173,3491
3174,2219
3175,59
3176,1970
3177,2183
3178,2219
3179,2574
3180,2807
3181,2987
3182,250
3183,2987
3184,2937
3185,195
3186,65
3187,195
3188,412
3189,544
3190,349
3191,755
3192,793
3193,349
3194,1324
3195,1857
3196,424
3197,1857
3198,1772
3199,3371
3200,201
3201,295
3202,3371
3203,518
3204,637
3205,3371
3206,861
3207,3371
3208,1476
3209,3106
3210,34
3211,312
3212,34
3213,479
3214,34
3215,564
3216,34
3217,595
3218,674
3219,34
3220,775
3221,34
3222,972
3223,34
3224,988
3225,34
3226,991
3227,34
3228,997
3229,34
3230,1145
3231,34
3232,1191
3233,34
3234,1245
3235,34
3236,1271
3237,34
3238,1299
3239,34
3240,1367
3241,34
3242,1400
3243,34
3244,1452
3245,1517
3246,34
3247,1523
3248,34
3249,1620
3250,34
3251,1688
3252,34
3253,2157
3254,34
3255,2305
3256,34
3257,2333
3258,34
3259,2340
3260,34
3261,2356
3262,34
3263,2360
3264,34
3265,2477
3266,34
3267,2510
3268,34
3269,2520
3270,2547
3271,34
3272,2559
3273,34
3274,2578
3275,34
3276,2588
3277,34
3278,2594
3279,34
3280,2609
3281,34
3282,2671
3283,34
3284,2724
3285,34
3286,2781
3287,2811
3288,34
3289,2870
3290,2905
3291,34
3292,2945
3293,2970
3294,34
3295,3039
3296,34
3297,3119
3298,3129
3299,34
3300,3197
3301,34
3302,3208
3303,34
3304,3213
3305,3221
3306,34
3307,3304
3308,34
3309,3326
3310,34
3311,3367
3312,34
3313,3399
3314,34
3315,3500
3316,34
3317,3524
3318,34
3319,3558
3320,3574
3321,3586
3322,34
3323,3592
3324,34
3325,3624
3326,34
3327,3642
3328,34
3329,3646
3330,34
3331,3670
3332,34
3333,3681
3334,34
3335,3701
3336,34
3337,3704
3338,34
3339,3721
3340,34
3341,3729
3342,34
3343,3730
3344,34
3345,3790
3346,34
3347,3820
3348,34
3349,3862
3350,34
3351,3916
3352,3944
3353,312
3354,577
3355,312
3356,588
3357,312
3358,778
3359,447
3360,479
3361,642
3362,479
3363,851
3364,864
3365,1273
3366,479
3367,1314
3368,479
3369,1613
3370,1785
3371,2082
3372,2111
3373,2300
3374,479
3375,3347
3376,564
3377,44
3378,564
3379,504
3380,564
3381,901
3382,564
3383,1157
3384,564
3385,1247
3386,564
3387,1312
3388,564
3389,2396
3390,564
3391,2401
3392,564
3393,2746
3394,564
3395,3247
3396,564
3397,3738
3398,560
3399,823
3400,1811
3401,2127
3402,2357
3403,674
3404,2799
3405,972
3406,768
3407,972
3408,2243
3409,972
3410,3204
3411,3471
3412,988
3413,1007
3414,991
3415,896
3416,997
3417,233
3418,997
3419,477
3420,997
3421,2192
3422,1145
3423,1346
3424,1145
3425,1418
3426,1145
3427,1454
3428,1145
3429,1145
3430,1805
3431,1145
3432,2221
3433,3227
3434,1145
3435,3594
3436,1191
3437,803
3438,1191
3439,1188
3440,1191
3441,1243
3442,1611
3443,1712
3444,1813
3445,1191
3446,1967
3447,1191
3448,2535
3449,2635
3450,2740
3451,3024
3452,1191
3453,3041
3454,3272
3455,3381
3456,3756
3457,1191
3458,3918
3459,3929
3460,1016
3461,1245
3462,1578
3463,1245
3464,2848
3465,1245
3466,3533
3467,1271
3468,3204
3469,1271
3470,3322
3471,1299
3472,589
3473,1299
3474,778
3475,1299
3476,1029
3477,1299
3478,1482
3479,1299
3480,1889
3481,1299
3482,2006
3483,1299
3484,2411
3485,1299
3486,2487
3487,1299
3488,3266
3489,183
3490,514
3491,1301
3492,717
3493,1301
3494,852
3495,1005
3496,1301
3497,1203
3498,1260
3499,1301
3500,1613
3501,1301
3502,1684
3503,1301
3504,2013
3505,2285
3506,1301
3507,2571
3508,3121
3509,3142
3510,3204
3511,1301
3512,3313
3513,1301
3514,3762
3515,1400
3516,1661
3517,1400
3518,1784
3519,1400
3520,2231
3521,1400
3522,2383
3523,1452
3524,608
3525,1455
3526,1163
3527,1517
3528,844
3529,1517
3530,3935
3531,1523
3532,1238
3533,1523
3534,2827
3535,2146
3536,2630
3537,2157
3538,797
3539,2305
3540,2793
3541,2305
3542,2795
3543,2305
3544,3511
3545,2356
3546,2056
3547,2356
3548,2631
3549,2510
3550,591
3551,2510
3552,2027
3553,3110
3554,2520
3555,3132
3556,2547
3557,1368
3558,2547
3559,1805
3560,2547
3561,1836
3562,2547
3563,2571
3564,2547
3565,2793
3566,2547
3567,3132
3568,2547
3569,3293
3570,2547
3571,3400
3572,2547
3573,3410
3574,2547
3575,3451
3576,2547
3577,3573
3578,2547
3579,3929
3580,2559
3581,1613
3582,2559
3583,3459
3584,2578
3585,2451
3586,2578
3587,3451
3588,2578
3589,3931
3590,2578
3591,3950
3592,2588
3593,1121
3594,2588
3595,1173
3596,2588
3597,2307
3598,2594
3599,1684
3600,2609
3601,183
3602,2609
3603,2746
3604,2609
3605,2867
3606,2609
3607,3278
3608,2671
3609,2326
3610,2724
3611,780
3612,2781
3613,3065
3614,2811
3615,926
3616,2811
3617,1591
3618,2338
3619,3032
3620,2811
3621,3232
3622,2870
3623,1618
3624,2870
3625,1970
3626,2905
3627,3110
3628,2905
3629,3525
3630,2945
3631,380
3632,2945
3633,581
3634,2945
3635,598
3636,2945
3637,2447
3638,3030
3639,3191
3640,3039
3641,1625
3642,3039
3643,1806
3644,3039
3645,1825
3646,3039
3647,3787
3648,3119
3649,1126
3650,1128
3651,3119
3652,1314
3653,3119
3654,2344
3655,3211
3656,3587
3657,3129
3658,183
3659,3129
3660,2091
3661,3129
3662,2893
3663,3129
3664,2903
3665,3129
3666,3058
3667,3129
3668,3486
3669,3129
3670,3622
3671,3197
3672,1606
3673,3210
3674,1461
3675,3210
3676,1926
3677,3210
3678,2821
3679,3221
3680,3132
3681,3293
3682,3221
3683,3451
3684,3326
3685,1143
3686,2080
3687,2604
3688,2735
3689,3326
3690,3249
3691,3348
3692,3367
3693,2183
3694,3603
3695,3399
3696,3399
3697,1580
3698,3399
3699,1702
3700,1967
3701,3399
3702,2617
3703,3500
3704,1216
3705,3558
3706,1758
3707,3558
3708,2895
3709,3574
3710,1158
3711,3574
3712,2215
3713,3574
3714,2488
3715,3586
3716,948
3717,3586
3718,3249
3719,3592
3720,871
3721,3592
3722,1601
3723,2571
3724,3592
3725,2968
3726,3592
3727,3040
3728,3624
3729,380
3730,3646
3731,3132
3732,3681
3733,778
3734,3704
3735,3132
3736,3704
3737,3294
3738,3653
3739,3734
3740,3755
3741,2927
3742,3944
3743,1418
3744,3944
3745,2661
3746,3944
3747,2809
3748,3944
3749,3332
3750,3944
3751,3615
3752,144
3753,248
3754,262
3755,35
3756,382
3757,35
3758,415
3759,35
3760,442
3761,35
3762,1232
3763,248
3764,95
3765,262
3766,3564
3767,382
3768,540
3769,382
3770,3226
3771,403
3772,47
3773,403
3774,1683
3775,403
3776,3280
3777,415
3778,3426
3779,442
3780,442
3781,125
3782,442
3783,141
3784,442
3785,219
3786,442
3787,346
3788,442
3789,350
3790,442
3791,414
3792,442
3793,422
3794,442
3795,424
3796,442
3797,469
3798,442
3799,658
3800,442
3801,878
3802,1149
3803,442
3804,1469
3805,442
3806,1748
3807,442
3808,1939
3809,1955
3810,442
3811,2337
3812,442
3813,2669
3814,442
3815,2867
3816,1232
3817,1420
3818,1232
3819,1470
3820,1232
3821,2999
3822,36
3823,83
3824,36
3825,191
3826,36
3827,384
3828,36
3829,2673
3830,83
3831,902
3832,83
3833,936
3834,384
3835,541
3836,87
3837,91
3838,1159
3839,3167
3840,166
3841,1871
3842,311
3843,1791
3844,558
3845,981
3846,558
3847,1475
3848,1663
3849,558
3850,1697
3851,1731
3852,2034
3853,2242
3854,2309
3855,558
3856,2584
3857,2687
3858,558
3859,3312
3860,3425
3861,814
3862,3590
3863,1024
3864,885
3865,1024
3866,1751
3867,1266
3868,2065
3869,1443
3870,2257
3871,1528
3872,2269
3873,1585
3874,425
3875,1585
3876,1585
3877,1336
3878,1585
3879,1722
3880,1585
3881,1974
3882,1585
3883,2576
3884,1585
3885,2919
3886,3007
3887,289
3888,1194
3889,3007
3890,1969
3891,3007
3892,2194
3893,2476
3894,3007
3895,2595
3896,3007
3897,3368
3898,3007
3899,3895
3900,508
3901,3163
3902,694
3903,3163
3904,1605
3905,3163
3906,3805
3907,3637
3908,264
3909,3637
3910,909
3911,3637
3912,935
3913,3637
3914,1008
3915,1235
3916,3637
3917,1364
3918,3637
3919,1987
3920,2731
3921,3637
3922,3140
3923,3637
3924,3449
3925,99
3926,1169
3927,1377
3928,130
3929,417
3930,130
3931,2033
3932,380
3933,480
3934,380
3935,2549
3936,440
3937,201
3938,346
3939,440
3940,417
3941,440
3942,732
3943,525
3944,1586
3945,525
3946,1866
3947,546
3948,183
3949,546
3950,1866
3951,1130
3952,459
3953,1130
3954,2676
3955,1409
3956,276
3957,1409
3958,299
3959,1409
3960,374
3961,1409
3962,720
3963,1409
3964,1263
3965,1409
3966,2178
3967,1409
3968,2444
3969,1479
3970,2349
3971,1479
3972,3017
3973,1479
3974,3029
3975,1494
3976,270
3977,1494
3978,381
3979,1494
3980,1324
3981,1494
3982,1661
3983,1538
3984,919
3985,1538
3986,1397
3987,1538
3988,2545
3989,1538
3990,3795
3991,2013
3992,3116
3993,3263
3994,2030
3995,322
3996,2030
3997,693
3998,2575
3999,428
4000,2575
4001,2660
4002,2575
4003,3551
4004,81
4005,803
4006,81
4007,3074
4008,493
4009,150
4010,493
4011,1325
4012,493
4013,2916
4014,1133
4015,2508
4016,679
4017,147
4018,679
4019,167
4020,679
4021,1729
4022,679
4023,1890
4024,679
4025,2024
4026,2800
4027,1168
4028,392
4029,1168
4030,3006
4031,1168
4032,3727
4033,2162
4034,931
4035,3192
4036,2823
4037,579
4038,44
4039,1761
4040,44
4041,2110
4042,2771
4043,3233
4044,44
4045,3554
4046,579
4047,1951
4048,2002
4049,2625
4050,1183
4051,2625
4052,1194
4053,1331
4054,1440
4055,2625
4056,1572
4057,2245
4058,2625
4059,2375
4060,2625
4061,2965
4062,2771
4063,1690
4064,3554
4065,475
4066,3554
4067,3099
4068,45
4069,2019
4070,2019
4071,170
4072,2019
4073,231
4074,316
4075,2019
4076,689
4077,738
4078,1595
4079,2019
4080,1998
4081,46
4082,324
4083,46
4084,622
4085,46
4086,2086
4087,324
4088,648
4089,1356
4090,2358
4091,622
4092,3329
4093,2086
4094,1371
4095,2086
4096,1820
4097,2086
4098,2459
4099,2086
4100,2675
4101,115
4102,93
4103,115
4104,274
4105,173
4106,3302
4107,2056
4108,275
4109,2056
4110,570
4111,2056
4112,978
4113,2056
4114,998
4115,372
4116,1649
4117,372
4118,3800
4119,1424
4120,1646
4121,804
4122,2505
4123,2697
4124,3012
4125,804
4126,3070
4127,804
4128,3127
4129,3672
4130,3899
4131,273
4132,249
4133,273
4134,1689
4135,273
4136,2250
4137,273
4138,3413
4139,3750
4140,1352
4141,1925
4142,3750
4143,2401
4144,3869
4145,1912
4146,79
4147,1419
4148,401
4149,132
4150,1045
4151,132
4152,3083
4153,3879
4154,1084
4155,346
4156,1879
4157,346
4158,2430
4159,531
4160,178
4161,531
4162,770
4163,531
4164,1780
4165,711
4166,381
4167,711
4168,984
4169,711
4170,1876
4171,711
4172,2099
4173,711
4174,2277
4175,747
4176,275
4177,747
4178,2980
4179,2779
4180,1104
4181,3897
4182,817
4183,3897
4184,823
4185,126
4186,1415
4187,126
4188,2093
4189,828
4190,863
4191,828
4192,884
4193,1741
4194,3234
4195,1316
4196,190
4197,1316
4198,477
4199,1316
4200,1342
4201,1316
4202,1689
4203,1316
4204,2427
4205,2809
4206,350
4207,2809
4208,1505
4209,1657
4210,2809
4211,2016
4212,2809
4213,2719
4214,3773
4215,1023
4216,3773
4217,2007
4218,3773
4219,3223
4220,2166
4221,54
4222,2195
4223,54
4224,2208
4225,3423
4226,3496
4227,3794
4228,1746
4229,613
4230,1648
4231,1746
4232,1738
4233,2166
4234,276
4235,772
4236,1457
4237,2166
4238,1593
4239,2166
4240,2564
4241,2166
4242,2716
4243,3436
4244,2431
4245,484
4246,2431
4247,608
4248,1075
4249,2431
4250,1467
4251,2401
4252,2431
4253,3247
4254,2782
4255,367
4256,2782
4257,790
4258,3953
4259,3423
4260,1767
4261,272
4262,820
4263,776
4264,2071
4265,269
4266,256
4267,269
4268,907
4269,279
4270,418
4271,1510
4272,279
4273,1738
4274,279
4275,2186
4276,3612
4277,279
4278,3788
4279,340
4280,919
4281,340
4282,2394
4283,590
4284,2649
4285,748
4286,116
4287,3622
4288,3228
4289,3397
4290,821
4291,937
4292,1116
4293,1114
4294,1710
4295,1114
4296,2626
4297,1114
4298,2839
4299,1470
4300,103
4301,1470
4302,1085
4303,1836
4304,480
4305,1836
4306,2616
4307,1836
4308,3470
4309,1848
4310,3130
4311,1848
4312,3798
4313,3059
4314,825
4315,59
4316,295
4317,59
4318,1072
4319,59
4320,1238
4321,1632
4322,1854
4323,1961
4324,2763
4325,59
4326,2877
4327,295
4328,266
4329,295
4330,2382
4331,1072
4332,2931
4333,1072
4334,2964
4335,948
4336,1238
4337,1534
4338,1238
4339,2582
4340,3497
4341,407
4342,1632
4343,2582
4344,2763
4345,1203
4346,2763
4347,3249
4348,350
4349,101
4350,350
4351,283
4352,350
4353,350
4354,723
4355,350
4356,866
4357,350
4358,1064
4359,350
4360,1545
4361,350
4362,1719
4363,350
4364,1733
4365,2897
4366,350
4367,3408
4368,465
4369,550
4370,465
4371,1054
4372,2746
4373,283
4374,2746
4375,1229
4376,2746
4377,2419
4378,3576
4379,410
4380,3576
4381,3504
4382,61
4383,201
4384,1877
4385,3488
4386,201
4387,242
4388,201
4389,1150
4390,201
4391,1277
4392,201
4393,1964
4394,201
4395,2384
4396,201
4397,2546
4398,3090
4399,3366
4400,2539
4401,3227
4402,1877
4403,3902
4404,3488
4405,2988
4406,1008
4407,636
4408,1172
4409,636
4410,1572
4411,636
4412,2468
4413,636
4414,2829
4415,636
4416,3013
4417,1053
4418,183
4419,1331
4420,1053
4421,1373
4422,1775
4423,1053
4424,3812
4425,1094
4426,1174
4427,2919
4428,2839
4429,3260
4430,1934
4431,3260
4432,2278
4433,3260
4434,3407
4435,63
4436,1691
4437,63
4438,1979
4439,1979
4440,581
4441,1979
4442,3688
4443,136
4444,136
4445,587
4446,136
4447,1913
4448,136
4449,2813
4450,1852
4451,1086
4452,1852
4453,1419
4454,1852
4455,1503
4456,1852
4457,3526
4458,561
4459,1274
4460,561
4461,1810
4462,1198
4463,653
4464,1198
4465,1173
4466,1198
4467,1260
4468,1198
4469,3568
4470,1324
4471,637
4472,1324
4473,677
4474,1324
4475,774
4476,1324
4477,1013
4478,1324
4479,1059
4480,1324
4481,1720
4482,1324
4483,3040
4484,1324
4485,3718
4486,832
4487,1838
4488,2074
4489,889
4490,2074
4491,3523
4492,2094
4493,183
4494,2094
4495,190
4496,2094
4497,1428
4498,2094
4499,1959
4500,2749
4501,2094
4502,3568
4503,2139
4504,2744
4505,2756
4506,412
4507,484
4508,2756
4509,2289
4510,3204
4511,383
4512,3204
4513,551
4514,3204
4515,591
4516,3204
4517,916
4518,3204
4519,1121
4520,1132
4521,3204
4522,1285
4523,2116
4524,2495
4525,3204
4526,2686
4527,3204
4528,2830
4529,3204
4530,3034
4531,3204
4532,3074
4533,3204
4534,3627
4535,3204
4536,3697
4537,101
4538,256
4539,999
4540,1170
4541,999
4542,2604
4543,1700
4544,1478
4545,69
4546,1194
4547,70
4548,325
4549,70
4550,365
4551,70
4552,587
4553,70
4554,1786
4555,3312
4556,325
4557,235
4558,404
4559,325
4560,638
4561,365
4562,604
4563,452
4564,233
4565,738
4566,2457
4567,2058
4568,1493
4569,77
4570,1572
4571,77
4572,3523
4573,225
4574,551
4575,424
4576,550
4577,424
4578,707
4579,424
4580,1023
4581,424
4582,1722
4583,825
4584,174
4585,825
4586,1096
4587,913
4588,1219
4589,1559
4590,899
4591,1502
4592,1609
4593,1559
4594,2592
4595,1780
4596,633
4597,1780
4598,2829
4599,2920
4600,183
4601,2920
4602,1217
4603,2920
4604,1252
4605,2920
4606,2237
4607,3678
4608,461
4609,72
4610,496
4611,72
4612,2813
4613,496
4614,106
4615,496
4616,496
4617,749
4618,496
4619,1680
4620,496
4621,2541
4622,73
4623,966
4624,966
4625,74
4626,1182
4627,1182
4628,2322
4629,1182
4630,2345
4631,1308
4632,1573
4633,1308
4634,3530
4635,76
4636,1793
4637,76
4638,2799
4639,1793
4640,1216
4641,1572
4642,417
4643,1572
4644,1013
4645,1572
4646,1362
4647,1572
4648,1815
4649,1572
4650,1820
4651,1572
4652,2217
4653,1572
4654,3247
4655,3523
4656,1704
4657,3523
4658,3523
4659,2286
4660,3523
4661,2290
4662,2672
4663,3278
4664,577
4665,965
4666,1018
4667,1419
4668,1365
4669,1419
4670,1592
4671,2138
4672,1419
4673,2486
4674,1419
4675,2985
4676,1419
4677,3277
4678,1419
4679,3945
4680,1918
4681,1351
4682,1918
4683,2804
4684,803
4685,655
4686,3074
4687,317
4688,3074
4689,2367
4690,2872
4691,3254
4692,3455
4693,3483
4694,82
4695,1251
4696,1251
4697,902
4698,1318
4699,551
4700,731
4701,551
4702,1228
4703,551
4704,1678
4705,551
4706,2154
4707,551
4708,2544
4709,551
4710,2981
4711,1581
4712,696
4713,1581
4714,1313
4715,1581
4716,1511
4717,2498
4718,2237
4719,86
4720,1649
4721,86
4722,2147
4723,1649
4724,408
4725,1649
4726,1341
4727,1649
4728,1675
4729,3719
4730,1649
4731,3877
4732,88
4733,183
4734,88
4735,1535
4736,88
4737,1584
4738,3883
4739,3922
4740,183
4741,133
4742,183
4743,809
4744,183
4745,3327
4746,183
4747,3350
4748,183
4749,3917
4750,183
4751,3919
4752,1535
4753,2142
4754,1535
4755,2729
4756,1535
4757,2914
4758,3174
4759,89
4760,2742
4761,709
4762,320
4763,3031
4764,702
4765,3031
4766,3242
4767,3831
4768,3838
4769,772
4770,481
4771,1159
4772,512
4773,1159
4774,1025
4775,1159
4776,1349
4777,3684
4778,3893
4779,163
4780,303
4781,192
4782,535
4783,192
4784,682
4785,192
4786,2257
4787,509
4788,1202
4789,509
4790,1708
4791,509
4792,3384
4793,1085
4794,1532
4795,1085
4796,3180
4797,3116
4798,1866
4799,3116
4800,3620
4801,93
4802,1993
4803,1116
4804,3563
4805,1993
4806,1827
4807,194
4808,167
4809,315
4810,167
4811,369
4812,738
4813,167
4814,849
4815,167
4816,1138
4817,167
4818,1932
4819,167
4820,2021
4821,167
4822,2150
4823,167
4824,2583
4825,167
4826,3042
4827,716
4828,584
4829,716
4830,2294
4831,716
4832,3035
4833,978
4834,322
4835,978
4836,389
4837,978
4838,729
4839,978
4840,800
4841,944
4842,978
4843,1792
4844,978
4845,2383
4846,978
4847,3288
4848,180
4849,789
4850,180
4851,3133
4852,358
4853,518
4854,358
4855,2632
4856,358
4857,3374
4858,478
4859,158
4860,478
4861,813
4862,478
4863,1962
4864,1477
4865,1953
4866,2121
4867,116
4868,236
4869,291
4870,725
4871,1727
4872,116
4873,1769
4874,116
4875,1775
4876,116
4877,1915
4878,116
4879,1958
4880,116
4881,2765
4882,3060
4883,831
4884,322
4885,831
4886,390
4887,831
4888,653
4889,831
4890,3202
4891,1134
4892,660
4893,1134
4894,1418
4895,1134
4896,1467
4897,1134
4898,1531
4899,1134
4900,1864
4901,1134
4902,2826
4903,1134
4904,3665
4905,1134
4906,3917
4907,3066
4908,2553
4909,1309
4910,2546
4911,1309
4912,3038
4913,1309
4914,3366
4915,256
4916,1461
4917,103
4918,147
4919,147
4920,508
4921,147
4922,910
4923,147
4924,3135
4925,104
4926,142
4927,104
4928,920
4929,920
4930,2818
4931,872
4932,1059
4933,872
4934,1265
4935,872
4936,2113
4937,872
4938,3459
4939,878
4940,1012
4941,878
4942,1462
4943,878
4944,1685
4945,878
4946,2604
4947,878
4948,2914
4949,1262
4950,1723
4951,1609
4952,220
4953,524
4954,891
4955,1214
4956,1224
4957,1234
4958,1609
4959,1412
4960,1439
4961,1609
4962,1459
4963,1550
4964,2271
4965,2395
4966,2817
4967,3078
4968,3396
4969,3441
4970,3565
4971,3633
4972,1613
4973,1751
4974,1613
4975,2618
4976,1613
4977,2766
4978,1613
4979,2903
4980,1613
4981,3823
4982,1613
4983,3943
4984,1719
4985,3919
4986,1755
4987,3919
4988,1859
4989,3919
4990,2372
4991,2604
4992,3919
4993,3776
4994,484
4995,610
4996,484
4997,1201
4998,484
4999,3825
5000,739
5001,1794
5002,1066
5003,2209
5004,2942
5005,420
5006,2942
5007,850
5008,2942
5009,1827
5010,3202
5011,1587
5012,227
5013,223
5014,227
5015,2989
5016,615
5017,276
5018,615
5019,2472
5020,615
5021,3754
5022,691
5023,568
5024,1185
5025,974
5026,1544
5027,150
5028,759
5029,1544
5030,1363
5031,1823
5032,3236
5033,2432
5034,3086
5035,1328
5036,2999
5037,2545
5038,2957
5039,2993
5040,2999
5041,3082
5042,2999
5043,3622
5044,2999
5045,3667
5046,2999
5047,3927
5048,664
5049,2944
5050,110
5051,984
5052,110
5053,3404
5054,3404
5055,1856
5056,274
5057,600
5058,303
5059,233
5060,336
5061,303
5062,894
5063,303
5064,2443
5065,342
5066,369
5067,342
5068,419
5069,342
5070,508
5071,342
5072,1929
5073,194
5074,198
5075,194
5076,2759
5077,738
5078,1153
5079,1727
5080,1912
5081,1727
5082,2664
5083,1769
5084,447
5085,1775
5086,328
5087,1775
5088,510
5089,1775
5090,889
5091,1775
5092,1336
5093,1775
5094,1552
5095,1915
5096,1762
5097,1958
5098,3671
5099,117
5100,226
5101,117
5102,2287
5103,226
5104,1364
5105,1933
5106,2655
5107,2655
5108,1347
5109,2026
5110,1708
5111,2026
5112,2127
5113,2026
5114,3088
5115,919
5116,919
5117,1049
5118,121
5119,3867
5120,417
5121,611
5122,417
5123,1441
5124,861
5125,770
5126,861
5127,905
5128,861
5129,1413
5130,1220
5131,1704
5132,1220
5133,2315
5134,1220
5135,3649
5136,1220
5137,3659
5138,3546
5139,1383
5140,3899
5141,741
5142,758
5143,3899
5144,2462
5145,2615
5146,3010
5147,3209
5148,3281
5149,1151
5150,3767
5151,2196
5152,817
5153,125
5154,1373
5155,125
5156,2864
5157,724
5158,1115
5159,724
5160,3205
5161,1149
5162,2998
5163,1373
5164,1139
5165,2864
5166,333
5167,2093
5168,276
5169,2093
5170,453
5171,1861
5172,170
5173,1861
5174,512
5175,2658
5176,2800
5177,243
5178,2800
5179,2496
5180,2033
5181,2699
5182,131
5183,3580
5184,3580
5185,560
5186,3580
5187,1745
5188,3608
5189,1171
5190,2841
5191,741
5192,613
5193,741
5194,732
5195,741
5196,1008
5197,741
5198,1107
5199,1557
5200,741
5201,2525
5202,3439
5203,1300
5204,1255
5205,1300
5206,1460
5207,1300
5208,1941
5209,1588
5210,3752
5211,1652
5212,1305
5213,1652
5214,2731
5215,1652
5216,3203
5217,1652
5218,3590
5219,1913
5220,371
5221,1913
5222,1103
5223,2542
5224,1524
5225,1042
5226,569
5227,1042
5228,1714
5229,1403
5230,3228
5231,3433
5232,3562
5233,2009
5234,980
5235,2487
5236,2681
5237,2487
5238,3397
5239,2487
5240,3616
5241,3376
5242,1050
5243,140
5244,2592
5245,798
5246,560
5247,798
5248,655
5249,1170
5250,543
5251,1170
5252,1087
5253,1170
5254,1747
5255,2088
5256,1170
5257,3534
5258,1229
5259,2552
5260,1418
5261,510
5262,1432
5263,1418
5264,1710
5265,1713
5266,1418
5267,1738
5268,1418
5269,2726
5270,1418
5271,3293
5272,1456
5273,1899
5274,1456
5275,2001
5276,1456
5277,2600
5278,2602
5279,3240
5280,1152
5281,3240
5282,2160
5283,534
5284,1641
5285,910
5286,1153
5287,148
5288,337
5289,148
5290,1189
5291,148
5292,2568
5293,148
5294,2926
5295,148
5296,2929
5297,2568
5298,563
5299,2568
5300,2670
5301,2926
5302,1485
5303,1565
5304,1798
5305,149
5306,3328
5307,586
5308,2518
5309,1801
5310,1017
5311,3328
5312,2112
5313,759
5314,2667
5315,759
5316,3476
5317,980
5318,202
5319,980
5320,2099
5321,980
5322,3461
5323,980
5324,3714
5325,1706
5326,1435
5327,1706
5328,2835
5329,1829
5330,249
5331,3412
5332,515
5333,3412
5334,1019
5335,3412
5336,1305
5337,1348
5338,435
5339,1348
5340,1337
5341,2100
5342,1193
5343,2108
5344,1017
5345,1859
5346,3623
5347,2995
5348,815
5349,153
5350,2327
5351,153
5352,2997
5353,533
5354,1225
5355,652
5356,328
5357,1312
5358,2666
5359,2619
5360,2666
5361,2674
5362,2666
5363,3578
5364,2745
5365,2163
5366,3841
5367,2309
5368,155
5369,2658
5370,584
5371,3071
5372,1010
5373,2951
5374,420
5375,1208
5376,420
5377,1504
5378,420
5379,3711
5380,921
5381,1313
5382,1029
5383,789
5384,1816
5385,1586
5386,2843
5387,1261
5388,1827
5389,2471
5390,2843
5391,3668
5392,3005
5393,1402
5394,3005
5395,3003
5396,3207
5397,293
5398,962
5399,3207
5400,2600
5401,3207
5402,2855
5403,3207
5404,3025
5405,3825
5406,3909
5407,1318
5408,3717
5409,3082
5410,511
5411,3082
5412,1680
5413,437
5414,601
5415,853
5416,1052
5417,853
5418,1440
5419,1495
5420,853
5421,3778
5422,164
5423,3591
5424,3591
5425,916
5426,931
5427,2630
5428,1281
5429,3139
5430,1365
5431,658
5432,1365
5433,2738
5434,315
5435,1487
5436,2457
5437,894
5438,2583
5439,737
5440,3042
5441,1693
5442,3475
5443,169
5444,876
5445,169
5446,1135
5447,169
5448,2960
5449,876
5450,266
5451,876
5452,3246
5453,2960
5454,1982
5455,2960
5456,2251
5457,170
5458,3705
5459,1595
5460,491
5461,171
5462,2773
5463,2773
5464,953
5465,223
5466,405
5467,1023
5468,174
5469,657
5470,175
5471,1107
5472,175
5473,2527
5474,1107
5475,1075
5476,1433
5477,1566
5478,1107
5479,2614
5480,176
5481,1478
5482,176
5483,3231
5484,1478
5485,537
5486,1478
5487,721
5488,2391
5489,1478
5490,3142
5491,3231
5492,1753
5493,339
5494,1661
5495,339
5496,2190
5497,733
5498,407
5499,733
5500,793
5501,733
5502,1048
5503,733
5504,1314
5505,733
5506,1530
5507,733
5508,1708
5509,733
5510,3946
5511,2041
5512,740
5513,2653
5514,808
5515,2660
5516,1926
5517,2660
5518,3933
5519,3234
5520,376
5521,3234
5522,433
5523,3234
5524,1878
5525,178
5526,1123
5527,178
5528,2322
5529,178
5530,3739
5531,1123
5532,2106
5533,2322
5534,1820
5535,3739
5536,237
5537,3739
5538,903
5539,453
5540,695
5541,453
5542,2112
5543,453
5544,3244
5545,1694
5546,1204
5547,1694
5548,1805
5549,1694
5550,2231
5551,1694
5552,2390
5553,2480
5554,3471
5555,2436
5556,3620
5557,3198
5558,1260
5559,181
5560,1645
5561,181
5562,1680
5563,181
5564,3517
5565,1645
5566,1957
5567,1645
5568,3014
5569,1680
5570,282
5571,1680
5572,627
5573,1680
5574,2175
5575,1680
5576,2346
5577,1680
5578,3746
5579,3517
5580,207
5581,3517
5582,474
5583,3517
5584,3510
5585,3517
5586,3746
5587,3517
5588,3854
5589,809
5590,875
5591,1260
5592,1522
5593,1260
5594,2766
5595,3275
5596,1621
5597,1537
5598,1621
5599,1867
5600,1621
5601,2897
5602,1621
5603,3291
5604,1621
5605,3638
5606,1621
5607,3812
5608,1970
5609,400
5610,1970
5611,1668
5612,1970
5613,2848
5614,1970
5615,3032
5616,1970
5617,3034
5618,1970
5619,3443
5620,1970
5621,3626
5622,1970
5623,3693
5624,3121
5625,658
5626,3121
5627,3229
5628,3917
5629,3132
5630,3917
5631,3915
5632,686
5633,975
5634,1285
5635,686
5636,1357
5637,3183
5638,3884
5639,1548
5640,1285
5641,667
5642,790
5643,2302
5644,2155
5645,188
5646,2185
5647,2185
5648,328
5649,2185
5650,527
5651,2185
5652,2185
5653,2144
5654,190
5655,271
5656,190
5657,501
5658,271
5659,246
5660,535
5661,1712
5662,682
5663,1034
5664,682
5665,682
5666,1578
5667,2257
5668,2181
5669,2258
5670,1885
5671,2258
5672,3032
5673,2258
5674,3753
5675,472
5676,2130
5677,644
5678,932
5679,644
5680,2223
5681,2767
5682,1790
5683,198
5684,858
5685,198
5686,1153
5687,2249
5688,412
5689,751
5690,886
5691,1192
5692,886
5693,1661
5694,912
5695,565
5696,912
5697,2031
5698,912
5699,2204
5700,1211
5701,432
5702,1026
5703,2768
5704,3194
5705,3857
5706,1383
5707,1339
5708,1383
5709,1380
5710,1495
5711,2003
5712,1495
5713,2823
5714,1751
5715,1724
5716,3217
5717,3357
5718,858
5719,513
5720,1153
5721,495
5722,1153
5723,2828
5724,413
5725,518
5726,1683
5727,222
5728,1683
5729,605
5730,1683
5731,1102
5732,1683
5733,1287
5734,1420
5735,1683
5736,2355
5737,1683
5738,2597
5739,2154
5740,1272
5741,1911
5742,2154
5743,2247
5744,2154
5745,2584
5746,2845
5747,2896
5748,3193
5749,2154
5750,3362
5751,242
5752,1499
5753,242
5754,2228
5755,1150
5756,1334
5757,1150
5758,3227
5759,1277
5760,2591
5761,1277
5762,3387
5763,3090
5764,1110
5765,3090
5766,2202
5767,3090
5768,3440
5769,3366
5770,1997
5771,2064
5772,203
5773,1246
5774,3225
5775,1055
5776,1331
5777,1343
5778,1768
5779,2177
5780,2180
5781,2275
5782,2438
5783,3089
5784,429
5785,3100
5786,3114
5787,3298
5788,3454
5789,1305
5790,1622
5791,2421
5792,2863
5793,3126
5794,3214
5795,1056
5796,3928
5797,1569
5798,3695
5799,1410
5800,1738
5801,2211
5802,659
5803,1905
5804,2022
5805,204
5806,706
5807,1975
5808,2022
5809,1976
5810,2393
5811,2566
5812,3061
5813,3123
5814,3570
5815,3863
5816,2462
5817,1622
5818,3225
5819,532
5820,2785
5821,3281
5822,3616
5823,3281
5824,3731
5825,333
5826,1160
5827,1723
5828,554
5829,1723
5830,1359
5831,1723
5832,1757
5833,1723
5834,2509
5835,1723
5836,2695
5837,1723
5838,3032
5839,1723
5840,3308
5841,1723
5842,3812
5843,206
5844,2289
5845,206
5846,3861
5847,2289
5848,1837
5849,2914
5850,3861
5851,1057
5852,3861
5853,2392
5854,3861
5855,3219
5856,207
5857,1929
5858,392
5859,2164
5860,392
5861,3621
5862,1929
5863,318
5864,1929
5865,2101
5866,208
5867,332
5868,332
5869,354
5870,332
5871,357
5872,210
5873,2217
5874,210
5875,2531
5876,210
5877,2936
5878,210
5879,3057
5880,210
5881,3105
5882,210
5883,3303
5884,210
5885,3539
5886,2217
5887,2331
5888,2911
5889,2217
5890,3013
5891,2217
5892,3022
5893,211
5894,769
5895,1193
5896,230
5897,1193
5898,555
5899,596
5900,1193
5901,973
5902,1193
5903,1391
5904,1193
5905,1447
5906,624
5907,371
5908,3355
5909,904
5910,1753
5911,3860
5912,283
5913,2076
5914,753
5915,2295
5916,2210
5917,219
5918,1132
5919,220
5920,1401
5921,220
5922,2342
5923,1401
5924,1612
5925,2342
5926,2342
5927,1653
5928,2342
5929,1698
5930,2342
5931,2784
5932,3342
5933,2342
5934,3343
5935,221
5936,2299
5937,2299
5938,2188
5939,2299
5940,3274
5941,222
5942,375
5943,375
5944,1183
5945,375
5946,1431
5947,375
5948,1787
5949,614
5950,699
5951,681
5952,1847
5953,699
5954,3583
5955,3819
5956,894
5957,2555
5958,894
5959,2761
5960,730
5961,230
5962,578
5963,730
5964,3236
5965,3484
5966,730
5967,3732
5968,1844
5969,728
5970,2105
5971,2000
5972,2204
5973,487
5974,2204
5975,2528
5976,2204
5977,2878
5978,2204
5979,3094
5980,2204
5981,3606
5982,2204
5983,3952
5984,2989
5985,2969
5986,230
5987,464
5988,464
5989,1870
5990,2321
5991,464
5992,3732
5993,1631
5994,604
5995,3484
5996,1313
5997,3484
5998,1951
5999,3484
6000,2334
6001,3484
6002,3859
6003,231
6004,2924
6005,2950
6006,378
6007,233
6008,689
6009,233
6010,2301
6011,234
6012,1108
6013,234
6014,1306
6015,234
6016,1442
6017,234
6018,2361
6019,3345
6020,3437
6021,234
6022,3785
6023,1108
6024,754
6025,1131
6026,1306
6027,2262
6028,3797
6029,1442
6030,2103
6031,3437
6032,2089
6033,3437
6034,2387
6035,3437
6036,3891
6037,3785
6038,591
6039,3785
6040,1188
6041,3785
6042,1984
6043,235
6044,2054
6045,404
6046,947
6047,2054
6048,3631
6049,237
6050,806
6051,968
6052,288
6053,968
6054,683
6055,968
6056,3115
6057,1782
6058,3726
6059,2376
6060,1124
6061,2376
6062,2511
6063,2376
6064,2632
6065,944
6066,2570
6067,1615
6068,2730
6069,562
6070,2730
6071,1043
6072,1303
6073,2730
6074,1472
6075,2017
6076,486
6077,2917
6078,246
6079,2519
6080,246
6081,2589
6082,2589
6083,901
6084,249
6085,2106
6086,250
6087,500
6088,683
6089,1870
6090,683
6091,2114
6092,3184
6093,253
6094,2909
6095,253
6096,2982
6097,2982
6098,294
6099,850
6100,2107
6101,2203
6102,2982
6103,3878
6104,2982
6105,3886
6106,254
6107,2984
6108,2984
6109,2374
6110,2984
6111,2887
6112,2984
6113,3010
6114,255
6115,1624
6116,1624
6117,632
6118,1624
6119,956
6120,1624
6121,1519
6122,1624
6123,1820
6124,1624
6125,3527
6126,1461
6127,2566
6128,257
6129,451
6130,735
6131,3296
6132,451
6133,819
6134,451
6135,1312
6136,2172
6137,735
6138,3086
6139,259
6140,1760
6141,259
6142,3172
6143,259
6144,3503
6145,1760
6146,1122
6147,1760
6148,2553
6149,3314
6150,3087
6151,264
6152,264
6153,1612
6154,409
6155,568
6156,503
6157,568
6158,1323
6159,568
6160,1434
6161,2207
6162,2906
6163,568
6164,3387
6165,3439
6166,1567
6167,2465
6168,2681
6169,2892
6170,1612
6171,1152
6172,1612
6173,1625
6174,1612
6175,2352
6176,3534
6177,553
6178,3534
6179,1685
6180,3534
6181,3275
6182,3534
6183,3337
6184,3534
6185,3520
6186,266
6187,322
6188,266
6189,2474
6190,266
6191,3507
6192,606
6193,601
6194,335
6195,990
6196,955
6197,3164
6198,1429
6199,1875
6200,1429
6201,1885
6202,1429
6203,2194
6204,907
6205,319
6206,270
6207,1503
6208,270
6209,2766
6210,1503
6211,1015
6212,2766
6213,1405
6214,2766
6215,1615
6216,2766
6217,2556
6218,2766
6219,3411
6220,820
6221,459
6222,820
6223,1663
6224,820
6225,3159
6226,1689
6227,1412
6228,2250
6229,562
6230,275
6231,3450
6232,3450
6233,2565
6234,3450
6235,2697
6236,3450
6237,3114
6238,3450
6239,3910
6240,276
6241,2069
6242,2069
6243,970
6244,278
6245,1614
6246,278
6247,2964
6248,3173
6249,1614
6250,938
6251,1614
6252,1904
6253,1614
6254,3438
6255,1614
6256,3691
6257,3173
6258,3333
6259,418
6260,704
6261,418
6262,823
6263,418
6264,1728
6265,418
6266,2543
6267,418
6268,3175
6269,598
6270,1510
6271,1041
6272,1272
6273,1510
6274,1826
6275,2437
6276,2827
6277,1510
6278,3269
6279,1738
6280,790
6281,1738
6282,1075
6283,1738
6284,3859
6285,1820
6286,477
6287,1820
6288,1161
6289,1820
6290,1440
6291,1820
6292,1583
6293,1820
6294,1641
6295,1820
6296,2427
6297,2186
6298,1384
6299,3612
6300,938
6301,3612
6302,1379
6303,3612
6304,3365
6305,3788
6306,2214
6307,282
6308,318
6309,282
6310,528
6311,282
6312,1219
6313,282
6314,1488
6315,282
6316,1930
6317,282
6318,2716
6319,318
6320,288
6321,309
6322,318
6323,357
6324,318
6325,617
6326,318
6327,630
6328,318
6329,786
6330,318
6331,799
6332,318
6333,1425
6334,3002
6335,3498
6336,528
6337,559
6338,2200
6339,1219
6340,3247
6341,1219
6342,3453
6343,1488
6344,643
6345,1488
6346,1199
6347,2659
6348,2716
6349,1247
6350,2716
6351,2560
6352,2716
6353,2977
6354,2716
6355,3247
6356,2928
6357,423
6358,283
6359,570
6360,283
6361,2117
6362,2117
6363,2029
6364,284
6365,1497
6366,284
6367,3386
6368,3386
6369,946
6370,656
6371,2326
6372,656
6373,2440
6374,656
6375,3270
6376,2463
6377,2114
6378,2463
6379,3250
6380,2463
6381,3588
6382,286
6383,1560
6384,1560
6385,1113
6386,1560
6387,353
6388,2806
6389,1314
6390,732
6391,1314
6392,802
6393,1314
6394,1012
6395,1314
6396,1254
6397,1314
6398,2183
6399,1314
6400,2641
6401,1314
6402,2661
6403,1314
6404,3132
6405,1708
6406,1597
6407,1708
6408,1638
6409,1708
6410,1771
6411,2119
6412,1471
6413,2119
6414,1490
6415,2119
6416,1606
6417,2875
6418,2560
6419,3533
6420,3384
6421,3533
6422,3840
6423,3533
6424,3894
6425,288
6426,640
6427,309
6428,1382
6429,309
6430,3149
6431,640
6432,3247
6433,289
6434,695
6435,695
6436,2328
6437,756
6438,1432
6439,1354
6440,911
6441,1354
6442,1330
6443,1665
6444,1354
6445,3771
6446,3037
6447,1625
6448,3037
6449,2620
6450,293
6451,428
6452,2652
6453,428
6454,1011
6455,428
6456,2490
6457,428
6458,3009
6459,962
6460,1651
6461,2265
6462,2700
6463,2334
6464,1679
6465,2107
6466,2516
6467,2107
6468,2712
6469,2334
6470,3878
6471,297
6472,609
6473,297
6474,1750
6475,297
6476,2103
6477,2109
6478,297
6479,2231
6480,2304
6481,2663
6482,297
6483,3110
6484,3446
6485,297
6486,3486
6487,297
6488,3818
6489,298
6490,609
6491,1872
6492,1592
6493,2335
6494,1750
6495,2550
6496,1750
6497,3161
6498,3485
6499,2109
6500,1805
6501,2109
6502,2807
6503,2109
6504,3545
6505,2231
6506,1766
6507,2231
6508,1883
6509,2231
6510,2848
6511,2231
6512,3142
6513,2663
6514,1096
6515,2663
6516,1529
6517,3110
6518,3295
6519,3693
6520,3446
6521,1895
6522,3446
6523,2370
6524,3446
6525,2623
6526,3446
6527,2728
6528,3446
6529,3926
6530,3818
6531,1436
6532,3818
6533,3287
6534,3818
6535,3749
6536,301
6537,1454
6538,3876
6539,2443
6540,658
6541,859
6542,658
6543,1525
6544,916
6545,875
6546,916
6547,1536
6548,1322
6549,646
6550,1322
6551,3473
6552,2648
6553,3300
6554,2692
6555,780
6556,2692
6557,1919
6558,2692
6559,2923
6560,2692
6561,3728
6562,875
6563,3142
6564,2659
6565,3142
6566,3253
6567,336
6568,3645
6569,2443
6570,416
6571,304
6572,395
6573,395
6574,1821
6575,2449
6576,395
6577,3151
6578,723
6579,1945
6580,889
6581,648
6582,889
6583,3054
6584,1040
6585,3237
6586,1146
6587,2229
6588,1469
6589,875
6590,1469
6591,3215
6592,1601
6593,2134
6594,1785
6595,655
6596,2120
6597,2820
6598,2379
6599,3249
6600,2691
6601,1906
6602,3115
6603,639
6604,3132
6605,1184
6606,3132
6607,1590
6608,2715
6609,3132
6610,2848
6611,3253
6612,3723
6613,3315
6614,3693
6615,3481
6616,1518
6617,3567
6618,639
6619,3149
6620,3604
6621,310
6622,547
6623,2240
6624,547
6625,1078
6626,547
6627,1326
6628,547
6629,1583
6630,3745
6631,577
6632,2892
6633,577
6634,3036
6635,577
6636,3258
6637,313
6638,490
6639,313
6640,786
6641,490
6642,2428
6643,314
6644,1283
6645,314
6646,2866
6647,1283
6648,2888
6649,1283
6650,3156
6651,1283
6652,3460
6653,2866
6654,2634
6655,1996
6656,2341
6657,2435
6658,630
6659,517
6660,630
6661,1900
6662,630
6663,3297
6664,1425
6665,2347
6666,3002
6667,1563
6668,3002
6669,2460
6670,1136
6671,2958
6672,1587
6673,1205
6674,1587
6675,2378
6676,1587
6677,3826
6678,323
6679,672
6680,672
6681,790
6682,672
6683,1317
6684,3555
6685,2358
6686,964
6687,2358
6688,1021
6689,2358
6690,1512
6691,2358
6692,1670
6693,933
6694,1020
6695,1292
6696,2921
6697,2444
6698,2045
6699,1160
6700,1934
6701,1160
6702,2675
6703,1160
6704,3821
6705,335
6706,348
6707,348
6708,3141
6709,1666
6710,1605
6711,1666
6712,1707
6713,1666
6714,1931
6715,3271
6716,1416
6717,3271
6718,2410
6719,3271
6720,2776
6721,1661
6722,1112
6723,1661
6724,2311
6725,1661
6726,2566
6727,2190
6728,2313
6729,3252
6730,905
6731,3252
6732,3009
6733,344
6734,352
6735,344
6736,2134
6737,2839
6738,1682
6739,1084
6740,3466
6741,1879
6742,3065
6743,1955
6744,1360
6745,1955
6746,1549
6747,1955
6748,1968
6749,2425
6750,1955
6751,2590
6752,2885
6753,1955
6754,3417
6755,2430
6756,1636
6757,2224
6758,2371
6759,2569
6760,347
6761,470
6762,347
6763,1139
6764,1177
6765,1139
6766,2850
6767,1527
6768,1734
6769,755
6770,1476
6771,793
6772,511
6773,1064
6774,1095
6775,1545
6776,1398
6777,1733
6778,414
6779,2897
6780,3378
6781,3408
6782,1655
6783,2806
6784,2352
6785,356
6786,610
6787,610
6788,767
6789,610
6790,1004
6791,1204
6792,1360
6793,610
6794,3171
6795,3868
6796,2341
6797,2608
6798,2341
6799,2748
6800,2341
6801,2753
6802,2341
6803,2873
6804,518
6805,1155
6806,2632
6807,2780
6808,2632
6809,3547
6810,3780
6811,3374
6812,1069
6813,360
6814,1176
6815,360
6816,2865
6817,1176
6818,3717
6819,2865
6820,3124
6821,1358
6822,2751
6823,3148
6824,1460
6825,3148
6826,2682
6827,3557
6828,427
6829,1312
6830,604
6831,2278
6832,604
6833,2958
6834,366
6835,653
6836,366
6837,746
6838,366
6839,1244
6840,653
6841,2958
6842,653
6843,2979
6844,746
6845,867
6846,368
6847,3027
6848,3257
6849,2344
6850,3849
6851,1213
6852,1227
6853,1213
6854,1599
6855,1213
6856,2132
6857,1213
6858,2798
6859,3080
6860,3669
6861,1963
6862,897
6863,1963
6864,1989
6865,371
6866,671
6867,371
6868,3112
6869,373
6870,1794
6871,374
6872,783
6873,374
6874,1142
6875,1142
6876,1851
6877,1183
6878,1183
6879,3347
6880,1431
6881,1995
6882,1787
6883,2739
6884,377
6885,389
6886,1003
6887,377
6888,3154
6889,389
6890,790
6891,3154
6892,3502
6893,379
6894,1096
6895,379
6896,1765
6897,1096
6898,1726
6899,751
6900,1088
6901,2493
6902,1278
6903,983
6904,1278
6905,1278
6906,3091
6907,1278
6908,3587
6909,1007
6910,1883
6911,1812
6912,3814
6913,815
6914,3814
6915,1344
6916,381
6917,2032
6918,3226
6919,900
6920,3226
6921,1564
6922,388
6923,2123
6924,790
6925,1711
6926,790
6927,1936
6928,790
6929,2434
6930,390
6931,511
6932,390
6933,2368
6934,2368
6935,3625
6936,2164
6937,2206
6938,3044
6939,3621
6940,2362
6941,2841
6942,3707
6943,1821
6944,1730
6945,3151
6946,2418
6947,3751
6948,396
6949,1000
6950,1000
6951,1463
6952,1000
6953,2738
6954,3125
6955,3473
6956,611
6957,482
6958,611
6959,1208
6960,611
6961,1552
6962,611
6963,3081
6964,3428
6965,2631
6966,692
6967,3009
6968,1690
6969,717
6970,3291
6971,1583
6972,1692
6973,1583
6974,2053
6975,3787
6976,875
6977,3787
6978,1522
6979,400
6980,1985
6981,407
6982,1233
6983,407
6984,1329
6985,407
6986,2458
6987,407
6988,3931
6989,1233
6990,2450
6991,1233
6992,3421
6993,1233
6994,3696
6995,1329
6996,1482
6997,3931
6998,423
6999,3931
7000,1104
7001,3931
7002,1218
7003,3931
7004,1779
7005,3931
7006,1994
7007,3931
7008,2391
7009,2633
7010,3931
7011,3283
7012,3931
7013,3436
7014,409
7015,1031
7016,409
7017,1054
7018,1054
7019,957
7020,1054
7021,1446
7022,1054
7023,1862
7024,1054
7025,3153
7026,522
7027,562
7028,1556
7029,1075
7030,2227
7031,1075
7032,2245
7033,3063
7034,3806
7035,411
7036,1352
7037,1352
7038,1672
7039,1352
7040,2010
7041,1352
7042,2158
7043,1352
7044,2874
7045,414
7046,2788
7047,416
7048,2647
7049,704
7050,569
7051,823
7052,1767
7053,823
7054,3093
7055,1728
7056,3220
7057,2543
7058,1175
7059,2536
7060,3175
7061,924
7062,3175
7063,1089
7064,3175
7065,1379
7066,3175
7067,2172
7068,3175
7069,3382
7070,3711
7071,2645
7072,1722
7073,3247
7074,425
7075,450
7076,425
7077,3069
7078,425
7079,3111
7080,425
7081,3206
7082,425
7083,3431
7084,450
7085,1366
7086,1509
7087,3206
7088,2840
7089,3392
7090,1960
7091,1690
7092,1011
7093,2709
7094,839
7095,935
7096,839
7097,2248
7098,839
7099,3391
7100,1078
7101,1038
7102,1078
7103,1396
7104,1331
7105,3094
7106,1909
7107,2725
7108,1909
7109,3769
7110,2061
7111,3925
7112,2275
7113,808
7114,2455
7115,1353
7116,3100
7117,1566
7118,3170
7119,3222
7120,3170
7121,3570
7122,434
7123,2085
7124,2085
7125,1876
7126,436
7127,1991
7128,436
7129,2734
7130,439
7131,3244
7132,732
7133,2442
7134,3332
7135,2372
7136,3332
7137,3849
7138,441
7139,767
7140,441
7141,1627
7142,767
7143,3575
7144,477
7145,1362
7146,477
7147,1381
7148,477
7149,1732
7150,477
7151,1845
7152,1748
7153,1837
7154,2337
7155,1340
7156,2337
7157,3775
7158,2383
7159,1184
7160,2383
7161,1368
7162,2383
7163,3147
7164,2669
7165,3274
7166,2867
7167,721
7168,3754
7169,3276
7170,1115
7171,2309
7172,445
7173,651
7174,445
7175,3339
7176,445
7177,3583
7178,651
7179,1451
7180,651
7181,2052
7182,651
7183,2237
7184,3339
7185,3549
7186,446
7187,523
7188,446
7189,2255
7190,446
7191,3190
7192,523
7193,2731
7194,2255
7195,3743
7196,447
7197,2701
7198,447
7199,3634
7200,560
7201,1001
7202,560
7203,3933
7204,2701
7205,1947
7206,2701
7207,2131
7208,631
7209,1082
7210,631
7211,1756
7212,631
7213,2447
7214,631
7215,3043
7216,816
7217,1474
7218,816
7219,3102
7220,816
7221,3940
7222,1294
7223,3434
7224,3422
7225,1917
7226,3422
7227,2377
7228,3422
7229,2612
7230,3422
7231,3641
7232,3422
7233,3674
7234,449
7235,971
7236,449
7237,1131
7238,449
7239,1226
7240,449
7241,1335
7242,2826
7243,971
7244,1427
7245,971
7246,1754
7247,562
7248,1226
7249,1370
7250,1226
7251,1427
7252,1226
7253,2414
7254,1226
7255,3257
7256,1335
7257,1186
7258,1268
7259,2291
7260,1335
7261,2320
7262,3456
7263,2826
7264,1604
7265,819
7266,2008
7267,2400
7268,522
7269,2400
7270,1725
7271,2400
7272,2665
7273,457
7274,1122
7275,457
7276,2656
7277,1828
7278,1122
7279,2851
7280,2656
7281,2441
7282,458
7283,3679
7284,2485
7285,2774
7286,2815
7287,3393
7288,3394
7289,3757
7290,3842
7291,459
7292,1394
7293,1394
7294,2259
7295,460
7296,2515
7297,460
7298,2840
7299,2840
7300,2555
7301,2840
7302,3168
7303,462
7304,903
7305,463
7306,2629
7307,2629
7308,1800
7309,2629
7310,2900
7311,1385
7312,3015
7313,1870
7314,1574
7315,1870
7316,1799
7317,3732
7318,553
7319,467
7320,1630
7321,1630
7322,993
7323,1068
7324,1790
7325,2236
7326,3097
7327,841
7328,1046
7329,1017
7330,1253
7331,1017
7332,1430
7333,1017
7334,1704
7335,1017
7336,1956
7337,2169
7338,2245
7339,1017
7340,3229
7341,3462
7342,1017
7343,3540
7344,473
7345,801
7346,473
7347,1117
7348,476
7349,497
7350,476
7351,662
7352,476
7353,1288
7354,476
7355,3774
7356,662
7357,1599
7358,662
7359,2908
7360,1362
7361,1020
7362,1156
7363,1524
7364,2824
7365,1845
7366,702
7367,1845
7368,2530
7369,1962
7370,620
7371,996
7372,642
7373,616
7374,851
7375,979
7376,864
7377,3933
7378,1273
7379,2131
7380,2111
7381,2795
7382,2111
7383,3098
7384,2111
7385,3807
7386,2300
7387,598
7388,3347
7389,3259
7390,481
7391,1180
7392,481
7393,3892
7394,3825
7395,1147
7396,3825
7397,2704
7398,485
7399,1803
7400,1803
7401,555
7402,1803
7403,1447
7404,1778
7405,2667
7406,2825
7407,877
7408,2825
7409,2497
7410,2825
7411,3023
7412,3937
7413,489
7414,2237
7415,1325
7416,779
7417,2521
7418,918
7419,2521
7420,2555
7421,2918
7422,2676
7423,3562
7424,2916
7425,2555
7426,2991
7427,3077
7428,2496
7429,1837
7430,2961
7431,2262
7432,2961
7433,3415
7434,506
7435,1038
7436,1038
7437,665
7438,3622
7439,620
7440,3622
7441,660
7442,1202
7443,2628
7444,3384
7445,1243
7446,3384
7447,2904
7448,3384
7449,3273
7450,510
7451,3501
7452,3501
7453,1763
7454,3501
7455,1910
7456,3501
7457,2858
7458,512
7459,943
7460,512
7461,1304
7462,512
7463,1956
7464,1304
7465,2052
7466,1956
7467,835
7468,1956
7469,1212
7470,1956
7471,1222
7472,514
7473,3626
7474,3626
7475,3932
7476,1774
7477,543
7478,1774
7479,1878
7480,517
7481,3469
7482,3106
7483,2499
7484,522
7485,1647
7486,522
7487,3940
7488,2348
7489,1556
7490,3676
7491,3940
7492,1286
7493,524
7494,3049
7495,524
7496,3924
7497,1422
7498,1795
7499,1818
7500,891
7501,2251
7502,2317
7503,1214
7504,1235
7505,1214
7506,2290
7507,1502
7508,1897
7509,1502
7510,2912
7511,3215
7512,2271
7513,2706
7514,2817
7515,665
7516,3049
7517,1399
7518,3049
7519,2223
7520,3049
7521,2522
7522,3049
7523,2654
7524,3049
7525,2797
7526,3491
7527,3924
7528,3079
7529,1586
7530,2471
7531,1586
7532,2517
7533,1866
7534,607
7535,526
7536,2293
7537,526
7538,2296
7539,2293
7540,1500
7541,2293
7542,2814
7543,559
7544,543
7545,770
7546,2586
7547,770
7548,3613
7549,1712
7550,3753
7551,536
7552,949
7553,949
7554,3162
7555,537
7556,2412
7557,924
7558,1880
7559,1720
7560,2441
7561,1477
7562,3440
7563,1527
7564,2579
7565,1734
7566,2202
7567,826
7568,2352
7569,1603
7570,1721
7571,2352
7572,2389
7573,2352
7574,2467
7575,3155
7576,854
7577,3745
7578,1841
7579,3745
7580,3627
7581,548
7582,1254
7583,1254
7584,1006
7585,1254
7586,1197
7587,1254
7588,1926
7589,1254
7590,2151
7591,1254
7592,3598
7593,1228
7594,3311
7595,555
7596,896
7597,896
7598,2816
7599,1475
7600,1546
7601,2560
7602,1697
7603,2774
7604,1731
7605,1508
7606,1731
7607,1546
7608,2309
7609,1709
7610,2309
7611,3101
7612,2687
7613,2343
7614,1274
7615,3087
7616,1810
7617,2858
7618,1810
7619,3320
7620,562
7621,1703
7622,562
7623,2829
7624,562
7625,2842
7626,901
7627,1157
7628,830
7629,1157
7630,1862
7631,1247
7632,1881
7633,1247
7634,3798
7635,2401
7636,965
7637,2401
7638,1255
7639,2401
7640,1701
7641,2401
7642,1902
7643,1984
7644,2031
7645,2401
7646,2095
7647,2401
7648,2199
7649,2401
7650,2398
7651,2401
7652,2577
7653,2401
7654,2741
7655,2401
7656,2760
7657,2401
7658,2853
7659,2401
7660,3256
7661,3262
7662,2401
7663,3632
7664,2401
7665,3751
7666,3247
7667,873
7668,3247
7669,1216
7670,3247
7671,1607
7672,3738
7673,2353
7674,566
7675,681
7676,566
7677,2316
7678,681
7679,780
7680,681
7681,2066
7682,2978
7683,1323
7684,1413
7685,1323
7686,2375
7687,1323
7688,3224
7689,1323
7690,3784
7691,3905
7692,2207
7693,1863
7694,2207
7695,3780
7696,569
7697,1465
7698,569
7699,2282
7700,2764
7701,1465
7702,2326
7703,2282
7704,1203
7705,2282
7706,2121
7707,572
7708,961
7709,961
7710,3828
7711,574
7712,1087
7713,1087
7714,1872
7715,575
7716,1607
7717,1685
7718,1337
7719,1685
7720,1906
7721,1685
7722,3195
7723,1311
7724,1625
7725,2914
7726,2047
7727,2914
7728,2216
7729,1216
7730,1600
7731,1216
7732,2241
7733,1216
7734,3081
7735,2892
7736,1776
7737,3036
7738,1611
7739,578
7740,2136
7741,2136
7742,2272
7743,1951
7744,2601
7745,580
7746,1012
7747,580
7748,1626
7749,580
7750,1783
7751,580
7752,1952
7753,1626
7754,1532
7755,581
7756,1082
7757,3686
7758,1082
7759,1239
7760,1082
7761,3761
7762,3686
7763,2447
7764,3686
7765,3043
7766,3686
7767,3047
7768,594
7769,1629
7770,594
7771,2790
7772,583
7773,1743
7774,1743
7775,2173
7776,2267
7777,1743
7778,2364
7779,3017
7780,1743
7781,3480
7782,3071
7783,2971
7784,2518
7785,2517
7786,589
7787,2776
7788,2776
7789,2644
7790,2649
7791,3251
7792,591
7793,1427
7794,1864
7795,591
7796,2179
7797,3021
7798,591
7799,3908
7800,1427
7801,1686
7802,1427
7803,3375
7804,2413
7805,1578
7806,2469
7807,2637
7808,1578
7809,3047
7810,1578
7811,3096
7812,1864
7813,2059
7814,1864
7815,3128
7816,2027
7817,2808
7818,2027
7819,3157
7820,2027
7821,3243
7822,2027
7823,3816
7824,2179
7825,3032
7826,2179
7827,3740
7828,1702
7829,3381
7830,1868
7831,3128
7832,1781
7833,592
7834,632
7835,592
7836,2708
7837,597
7838,867
7839,597
7840,3209
7841,3209
7842,2863
7843,598
7844,1859
7845,598
7846,2326
7847,598
7848,3849
7849,1337
7850,1088
7851,1192
7852,1903
7853,1859
7854,1827
7855,2326
7856,3947
7857,1623
7858,2214
7859,2437
7860,2755
7861,3737
7862,2604
7863,2324
7864,2604
7865,3223
7866,3849
7867,2860
7868,3849
7869,2959
7870,599
7871,958
7872,599
7873,3694
7874,3694
7875,1513
7876,2278
7877,2070
7878,3490
7879,2958
7880,1898
7881,608
7882,986
7883,608
7884,1553
7885,608
7886,3815
7887,986
7888,1249
7889,1004
7890,1076
7891,1204
7892,1391
7893,1204
7894,2234
7895,3081
7896,2526
7897,3428
7898,1515
7899,612
7900,3257
7901,3257
7902,2191
7903,3257
7904,2726
7905,613
7906,887
7907,613
7908,1255
7909,613
7910,1473
7911,1944
7912,613
7913,3130
7914,887
7915,1946
7916,887
7917,2755
7918,1255
7919,1091
7920,1255
7921,2308
7922,1255
7923,2783
7924,1473
7925,1275
7926,1533
7927,3277
7928,1648
7929,773
7930,1648
7931,1007
7932,1944
7933,2067
7934,1944
7935,3896
7936,3130
7937,2966
7938,3130
7939,3945
7940,614
7941,1835
7942,616
7943,791
7944,616
7945,1099
7946,1674
7947,618
7948,3122
7949,3122
7950,3455
7951,1491
7952,621
7953,1282
7954,621
7955,1754
7956,621
7957,1789
7958,621
7959,1994
7960,621
7961,3395
7962,621
7963,3635
7964,1282
7965,3134
7966,1754
7967,1633
7968,1754
7969,3735
7970,3395
7971,3476
7972,628
7973,2856
7974,2856
7975,3212
7976,2856
7977,3351
7978,3352
7979,629
7980,1344
7981,629
7982,2203
7983,629
7984,3850
7985,2003
7986,2209
7987,2447
7988,3467
7989,633
7990,2205
7991,633
7992,2714
7993,2205
7994,2140
7995,2714
7996,3712
7997,1249
7998,2078
7999,635
8000,3168
8001,3168
8002,1156
8003,3168
8004,1280
8005,3168
8006,1878
8007,3168
8008,2791
8009,1008
8010,1097
8011,1172
8012,3782
8013,2468
8014,3109
8015,2468
8016,3871
8017,3013
8018,2812
8019,637
8020,952
8021,952
8022,2308
8023,952
8024,3872
8025,932
8026,2165
8027,932
8028,2402
8029,2223
8030,3215
8031,875
8032,2314
8033,875
8034,2686
8035,2077
8036,740
8037,2077
8038,1140
8039,2077
8040,1580
8041,2077
8042,2143
8043,1336
8044,1822
8045,3361
8046,1912
8047,650
8048,2580
8049,2580
8050,1423
8051,2580
8052,1662
8053,2580
8054,2029
8055,2580
8056,3289
8057,2580
8058,3325
8059,2580
8060,3832
8061,3270
8062,3629
8063,660
8064,1227
8065,660
8066,1557
8067,1989
8068,1557
8069,3286
8070,1557
8071,3905
8072,1989
8073,2617
8074,1989
8075,2838
8076,1989
8077,2902
8078,1989
8079,3340
8080,3370
8081,1989
8082,3758
8083,3022
8084,1014
8085,3022
8086,2153
8087,666
8088,1320
8089,666
8090,2818
8091,666
8092,3643
8093,2818
8094,2585
8095,670
8096,1097
8097,1317
8098,2661
8099,677
8100,884
8101,677
8102,3073
8103,884
8104,2524
8105,1890
8106,2561
8107,1890
8108,2633
8109,1032
8110,2888
8111,2978
8112,3602
8113,2114
8114,1188
8115,3275
8116,1713
8117,684
8118,3125
8119,3125
8120,1417
8121,1357
8122,3276
8123,3183
8124,3415
8125,696
8126,2355
8127,2355
8128,824
8129,1650
8130,1726
8131,1650
8132,2183
8133,3162
8134,898
8135,698
8136,2613
8137,2613
8138,3707
8139,1414
8140,1067
8141,1847
8142,2710
8143,1847
8144,3363
8145,2901
8146,737
8147,2901
8148,3556
8149,1773
8150,2873
8151,702
8152,834
8153,702
8154,3137
8155,705
8156,2141
8157,705
8158,2456
8159,2141
8160,3113
8161,706
8162,1565
8163,708
8164,720
8165,710
8166,2636
8167,710
8168,3865
8169,2636
8170,2833
8171,1876
8172,3444
8173,712
8174,1310
8175,712
8176,1438
8177,1310
8178,1518
8179,1311
8180,2095
8181,1311
8182,2252
8183,2434
8184,2397
8185,3035
8186,3479
8187,3134
8188,1605
8189,3134
8190,2192
8191,3134
8192,2273
8193,719
8194,954
8195,2391
8196,3301
8197,2807
8198,2375
8199,2807
8200,2848
8201,2807
8202,2904
8203,2807
8204,3164
8205,728
8206,1616
8207,1616
8208,3166
8209,1530
8210,1579
8211,1530
8212,1604
8213,1530
8214,3946
8215,3770
8216,736
8217,1021
8218,737
8219,2369
8220,740
8221,3777
8222,779
8223,2096
8224,1275
8225,2067
8226,2324
8227,2778
8228,3348
8229,2903
8230,3459
8231,2959
8232,2792
8233,743
8234,1280
8235,1280
8236,2308
8237,1501
8238,1536
8239,3858
8240,1849
8241,2212
8242,2554
8243,1464
8244,2554
8245,1850
8246,2733
8247,2331
8248,1088
8249,1210
8250,1966
8251,3279
8252,752
8253,1608
8254,1608
8255,2602
8256,754
8257,857
8258,754
8259,2470
8260,1432
8261,1334
8262,1432
8263,1885
8264,3397
8265,3848
8266,3214
8267,1713
8268,760
8269,2540
8270,760
8271,2646
8272,2646
8273,2323
8274,2646
8275,3414
8276,2646
8277,3781
8278,2646
8279,3802
8280,3813
8281,2646
8282,3920
8283,977
8284,1237
8285,977
8286,1822
8287,977
8288,1846
8289,977
8290,3810
8291,1050
8292,3323
8293,1156
8294,3611
8295,2043
8296,2338
8297,2043
8298,2517
8299,2461
8300,3389
8301,3354
8302,2354
8303,2048
8304,3683
8305,2598
8306,1092
8307,2598
8308,2395
8309,1007
8310,3032
8311,3613
8312,1540
8313,3613
8314,3448
8315,3436
8316,1450
8317,3436
8318,3434
8319,3436
8320,3633
8321,1065
8322,1992
8323,2071
8324,1633
8325,3804
8326,1717
8327,1291
8328,2770
8329,1576
8330,1856
8331,1576
8332,2424
8333,1976
8334,1942
8335,1976
8336,2083
8337,2420
8338,2962
8339,3103
8340,1148
8341,2621
8342,1148
8343,3025
8344,1148
8345,3331
8346,1936
8347,3053
8348,794
8349,812
8350,812
8351,2996
8352,802
8353,1248
8354,802
8355,1805
8356,1949
8357,802
8358,2015
8359,802
8360,3341
8361,1805
8362,1805
8363,1757
8364,3127
8365,3856
8366,3072
8367,1350
8368,3019
8369,808
8370,950
8371,808
8372,2260
8373,950
8374,2696
8375,1355
8376,1098
8377,1355
8378,1869
8379,2175
8380,982
8381,3159
8382,1651
8383,3159
8384,2560
8385,1767
8386,2512
8387,1522
8388,1580
8389,2938
8390,1714
8391,3628
8392,1305
8393,3628
8394,2078
8395,3628
8396,3707
8397,830
8398,1807
8399,832
8400,2023
8401,832
8402,2055
8403,2055
8404,3471
8405,833
8406,1059
8407,833
8408,1408
8409,833
8410,2423
8411,3055
8412,3443
8413,1408
8414,2469
8415,3158
8416,1018
8417,3843
8418,1392
8419,1188
8420,1392
8421,2590
8422,838
8423,1239
8424,935
8425,3690
8426,840
8427,2246
8428,2246
8429,1405
8430,2246
8431,2098
8432,2246
8433,3238
8434,841
8435,3538
8436,842
8437,1162
8438,842
8439,2769
8440,2769
8441,1081
8442,844
8443,2848
8444,2848
8445,1531
8446,2848
8447,2925
8448,848
8449,2748
8450,850
8451,1643
8452,3661
8453,2209
8454,1057
8455,2209
8456,3405
8457,3661
8458,2386
8459,3661
8460,3706
8461,852
8462,1580
8463,1580
8464,3193
8465,1440
8466,2681
8467,1440
8468,2880
8469,860
8470,1091
8471,860
8472,1867
8473,860
8474,2220
8475,1091
8476,1655
8477,1867
8478,2738
8479,1867
8480,3587
8481,2220
8482,2167
8483,905
8484,1413
8485,1724
8486,862
8487,3389
8488,3063
8489,1573
8490,2113
8491,1637
8492,3459
8493,1484
8494,3459
8495,3032
8496,874
8497,1071
8498,3356
8499,1071
8500,2350
8501,3356
8502,1735
8503,3356
8504,2281
8505,3356
8506,2587
8507,3293
8508,1184
8509,3293
8510,3034
8511,3293
8512,3693
8513,3471
8514,1368
8515,3471
8516,1895
8517,3471
8518,2073
8519,1462
8520,3150
8521,879
8522,1391
8523,1391
8524,1894
8525,1391
8526,2156
8527,883
8528,2230
8529,2230
8530,3640
8531,2230
8532,3700
8533,3747
8534,2230
8535,3809
8536,2230
8537,3874
8538,2524
8539,923
8540,1910
8541,2138
8542,1379
8543,2138
8544,2283
8545,2755
8546,1448
8547,2755
8548,2737
8549,890
8550,1610
8551,890
8552,3649
8553,1422
8554,1293
8555,1422
8556,1422
8557,2072
8558,1422
8559,2563
8560,2815
8561,2713
8562,1906
8563,2388
8564,1906
8565,2698
8566,898
8567,1080
8568,1617
8569,899
8570,1152
8571,899
8572,1221
8573,899
8574,2279
8575,899
8576,2600
8577,1224
8578,2749
8579,2395
8580,1506
8581,3306
8582,3203
8583,3456
8584,3770
8585,906
8586,1899
8587,906
8588,2939
8589,1899
8590,2007
8591,908
8592,3353
8593,3353
8594,2351
8595,3791
8596,914
8597,2722
8598,914
8599,2869
8600,3372
8601,2722
8602,3781
8603,917
8604,1269
8605,917
8606,1498
8607,917
8608,3749
8609,918
8610,3092
8611,1313
8612,1002
8613,1891
8614,2090
8615,2097
8616,1090
8617,925
8618,1047
8619,1047
8620,1039
8621,928
8622,2132
8623,2132
8624,2418
8625,3065
8626,3548
8627,3698
8628,3949
8629,2630
8630,2772
8631,1020
8632,2276
8633,1020
8634,3618
8635,3676
8636,2534
8637,945
8638,1284
8639,945
8640,1594
8641,945
8642,2239
8643,2532
8644,2822
8645,2239
8646,3838
8647,2822
8648,1090
8649,948
8650,1687
8651,948
8652,2514
8653,948
8654,2617
8655,948
8656,3378
8657,1687
8658,3249
8659,2617
8660,2247
8661,2617
8662,2388
8663,2617
8664,2698
8665,3485
8666,951
8667,1279
8668,951
8669,1777
8670,951
8671,2037
8672,1777
8673,1739
8674,2308
8675,2411
8676,960
8677,1604
8678,1604
8679,2124
8680,1604
8681,2883
8682,3828
8683,1571
8684,3828
8685,3465
8686,3828
8687,3939
8688,2700
8689,3657
8690,964
8691,3911
8692,965
8693,3948
8694,967
8695,2797
8696,2088
8697,3803
8698,974
8699,1718
8700,974
8701,2118
8702,2118
8703,1257
8704,1822
8705,1831
8706,1846
8707,2381
8708,3714
8709,2011
8710,982
8711,1997
8712,3543
8713,2064
8714,3528
8715,985
8716,3285
8717,3285
8718,1405
8719,987
8720,1482
8721,987
8722,2104
8723,2104
8724,3324
8725,989
8726,1638
8727,1068
8728,1790
8729,1834
8730,1790
8731,2238
8732,1790
8733,2657
8734,3846
8735,2236
8736,3336
8737,3097
8738,2504
8739,995
8740,1633
8741,2192
8742,3131
8743,2192
8744,3707
8745,2738
8746,2063
8747,2951
8748,1809
8749,2951
8750,2404
8751,1013
8752,1921
8753,1921
8754,2126
8755,1921
8756,3844
8757,1014
8758,2330
8759,1014
8760,3160
8761,3229
8762,2736
8763,3462
8764,2029
8765,3540
8766,3138
8767,3623
8768,3836
8769,1019
8770,3793
8771,3793
8772,3050
8773,1028
8774,1542
8775,1028
8776,3566
8777,1028
8778,3740
8779,1028
8780,3801
8781,1542
8782,3660
8783,3803
8784,3566
8785,2184
8786,3566
8787,3033
8788,3566
8789,3710
8790,3566
8791,3851
8792,3740
8793,1242
8794,1030
8795,1089
8796,1030
8797,1999
8798,1030
8799,3000
8800,1999
8801,1315
8802,1033
8803,1600
8804,1041
8805,1837
8806,1041
8807,1837
8808,2620
8809,1837
8810,3545
8811,2827
8812,2319
8813,2827
8814,3176
8815,2827
8816,3343
8817,1270
8818,2478
8819,3875
8820,2579
8821,1399
8822,2793
8823,2183
8824,3323
8825,3796
8826,3323
8827,3904
8828,1862
8829,2062
8830,1305
8831,2638
8832,1057
8833,2834
8834,2116
8835,1702
8836,2116
8837,1826
8838,2338
8839,1702
8840,2338
8841,3128
8842,3443
8843,2174
8844,3443
8845,3178
8846,3443
8847,3525
8848,3443
8849,3894
8850,1061
8851,2142
8852,3482
8853,1992
8854,3885
8855,1834
8856,3822
8857,3898
8858,3791
8859,2453
8860,2931
8861,1073
8862,2931
8863,1242
8864,1074
8865,2280
8866,1074
8867,2643
8868,1074
8869,3161
8870,1074
8871,3464
8872,3651
8873,1074
8874,3901
8875,3921
8876,2681
8877,2805
8878,2681
8879,3864
8880,1077
8881,1250
8882,1077
8883,3527
8884,1250
8885,2323
8886,1396
8887,1887
8888,1081
8889,2550
8890,1081
8891,3026
8892,3761
8893,1981
8894,1532
8895,2973
8896,1086
8897,3029
8898,1658
8899,1903
8900,1973
8901,1966
8902,3614
8903,3587
8904,1374
8905,3587
8906,2605
8907,1090
8908,3136
8909,3136
8910,2451
8911,1098
8912,1302
8913,1100
8914,1534
8915,1100
8916,3033
8917,1534
8918,3108
8919,3033
8920,1920
8921,3033
8922,2492
8923,3744
8924,1102
8925,1259
8926,1102
8927,3866
8928,1259
8929,2557
8930,1259
8931,3595
8932,1420
8933,2750
8934,1105
8935,3762
8936,1566
8937,2992
8938,2852
8939,3320
8940,1710
8941,3232
8942,3563
8943,3177
8944,1121
8945,1980
8946,1980
8947,2551
8948,1296
8949,2232
8950,2977
8951,1514
8952,1910
8953,2597
8954,1713
8955,3416
8956,1467
8957,2566
8958,1531
8959,2225
8960,1137
8961,2000
8962,3346
8963,2000
8964,2188
8965,1334
8966,3783
8967,1361
8968,1570
8969,1144
8970,2135
8971,2135
8972,1611
8973,2135
8974,2861
8975,2229
8976,1165
8977,3025
8978,2707
8979,3767
8980,2930
8981,3767
8982,3923
8983,1154
8984,2151
8985,2151
8986,2335
8987,2151
8988,3648
8989,1349
8990,2762
8991,1167
8992,2312
8993,2312
8994,1263
8995,2312
8996,2879
8997,3050
8998,3782
8999,3403
9000,1272
9001,1175
9002,2934
9003,1272
9004,1965
9005,1272
9006,2899
9007,2536
9008,1468
9009,2934
9010,2910
9011,3016
9012,3468
9013,3493
9014,1184
9015,3677
9016,1186
9017,3292
9018,1188
9019,2846
9020,1188
9021,3373
9022,1611
9023,2406
9024,1813
9025,1702
9026,1813
9027,2125
9028,1813
9029,3273
9030,2635
9031,2862
9032,2740
9033,2599
9034,2740
9035,3577
9036,3756
9037,3067
9038,1203
9039,1873
9040,2798
9041,3380
9042,2798
9043,3824
9044,2271
9045,3936
9046,2290
9047,3189
9048,2241
9049,1825
9050,2241
9051,3241
9052,2241
9053,3324
9054,2241
9055,3474
9056,1218
9057,3951
9058,2315
9059,1990
9060,1439
9061,2706
9062,1439
9063,2912
9064,1439
9065,3215
9066,2749
9067,1464
9068,3311
9069,2902
9070,3421
9071,2803
9072,1240
9073,2253
9074,1242
9075,3803
9076,2184
9077,2288
9078,3803
9079,2752
9080,3494
9081,3803
9082,3532
9083,3803
9084,3599
9085,3803
9086,3764
9087,3128
9088,1895
9089,3128
9090,3445
9091,2323
9092,2222
9093,2323
9094,2354
9095,2323
9096,2417
9097,2323
9098,2454
9099,2323
9100,2459
9101,2323
9102,2475
9103,2323
9104,2530
9105,2323
9106,2887
9107,3598
9108,2080
9109,1256
9110,2674
9111,2674
9112,2694
9113,3494
9114,1827
9115,3596
9116,2471
9117,3760
9118,2638
9119,3457
9120,1267
9121,3015
9122,3015
9123,2567
9124,3015
9125,2849
9126,3015
9127,3763
9128,3015
9129,3907
9130,3203
9131,3004
9132,3203
9133,3169
9134,3203
9135,3187
9136,1623
9137,2789
9138,2899
9139,3658
9140,3906
9141,3941
9142,3277
9143,1407
9144,1276
9145,3683
9146,3683
9147,2533
9148,1290
9149,3429
9150,3429
9151,1458
9152,2770
9153,3839
9154,1293
9155,3607
9156,3607
9157,2072
9158,1298
9159,2560
9160,2560
9161,2416
9162,2006
9163,2953
9164,2006
9165,3667
9166,2571
9167,2408
9168,2571
9169,2698
9170,3797
9171,2010
9172,1573
9173,1752
9174,2365
9175,2452
9176,1925
9177,2274
9178,2183
9179,2473
9180,2183
9181,3915
9182,2641
9183,2176
9184,2641
9185,2836
9186,1315
9187,1379
9188,1379
9189,2040
9190,1379
9191,3424
9192,1321
9193,1654
9194,1321
9195,3544
9196,3544
9197,2789
9198,3544
9199,2871
9200,3784
9201,3028
9202,2168
9203,3215
9204,1330
9205,2907
9206,1332
9207,2366
9208,2366
9209,3364
9210,3570
9211,3477
9212,1345
9213,3085
9214,1345
9215,3251
9216,1347
9217,1459
9218,1351
9219,2721
9220,1353
9221,3123
9222,3123
9223,2683
9224,3771
9225,3770
9226,1570
9227,3766
9228,1374
9229,2297
9230,2297
9231,3489
9232,1375
9233,3840
9234,2040
9235,2737
9236,1387
9237,2650
9238,1387
9239,3579
9240,3579
9241,1928
9242,2590
9243,3561
9244,2259
9245,2161
9246,1399
9247,1444
9248,1784
9249,1554
9250,1784
9251,1701
9252,1404
9253,1634
9254,1405
9255,2967
9256,1405
9257,3020
9258,3020
9259,3150
9260,2469
9261,3230
9262,2178
9263,3369
9264,2273
9265,3278
9266,3610
9267,1417
9268,1830
9269,1749
9270,2868
9271,3362
9272,2750
9273,2029
9274,3633
9275,2651
9276,3375
9277,3442
9278,1995
9279,2129
9280,2880
9281,2900
9282,2880
9283,3098
9284,1445
9285,2062
9286,2062
9287,1892
9288,2062
9289,2620
9290,2566
9291,1492
9292,3201
9293,1466
9294,3795
9295,1471
9296,2413
9297,1471
9298,3938
9299,1914
9300,3833
9301,3938
9302,3184
9303,1472
9304,2507
9305,1546
9306,1489
9307,3440
9308,2445
9309,3440
9310,2796
9311,3017
9312,2083
9313,3017
9314,3937
9315,1481
9316,2639
9317,2639
9318,1508
9319,1484
9320,3713
9321,3201
9322,1637
9323,2823
9324,1804
9325,1507
9326,1702
9327,1702
9328,1625
9329,1702
9330,1739
9331,1702
9332,1882
9333,1702
9334,3585
9335,1702
9336,3709
9337,3342
9338,3829
9339,1579
9340,1802
9341,1579
9342,2281
9343,1579
9344,2886
9345,2225
9346,1938
9347,2225
9348,2801
9349,2225
9350,3199
9351,2225
9352,3808
9353,3108
9354,2833
9355,2853
9356,2545
9357,2036
9358,2545
9359,3418
9360,2545
9361,3584
9362,1551
9363,2784
9364,2784
9365,1839
9366,3360
9367,3438
9368,1555
9369,2562
9370,2562
9371,2332
9372,2562
9373,2452
9374,2348
9375,2702
9376,2348
9377,3113
9378,1562
9379,1590
9380,1590
9381,3255
9382,1568
9383,2717
9384,3766
9385,1744
9386,1571
9387,1856
9388,1571
9389,2915
9390,1571
9391,3779
9392,1856
9393,2081
9394,1856
9395,3939
9396,2915
9397,1705
9398,3779
9399,3475
9400,2424
9401,2422
9402,3096
9403,3733
9404,2281
9405,1606
9406,1796
9407,1582
9408,2270
9409,1582
9410,2363
9411,3536
9412,2517
9413,2070
9414,2517
9415,2073
9416,2284
9417,3362
9418,3485
9419,1598
9420,2735
9421,2735
9422,3912
9423,1603
9424,3472
9425,1603
9426,3639
9427,3639
9428,2467
9429,1606
9430,3445
9431,1606
9432,3644
9433,1625
9434,2466
9435,1625
9436,2775
9437,1625
9438,2947
9439,1625
9440,2994
9441,1625
9442,3124
9443,1904
9444,2881
9445,1628
9446,1957
9447,2693
9448,1957
9449,2711
9450,1957
9451,2723
9452,2693
9453,1842
9454,1635
9455,2405
9456,2501
9457,3165
9458,3165
9459,3636
9460,1896
9461,3147
9462,3402
9463,3811
9464,1675
9465,3499
9466,1653
9467,2975
9468,1653
9469,3179
9470,3179
9471,2115
9472,1664
9473,3455
9474,2754
9475,1670
9476,2187
9477,1671
9478,2213
9479,2218
9480,2611
9481,2288
9482,3334
9483,2288
9484,3553
9485,2288
9486,3710
9487,1677
9488,3016
9489,3016
9490,2983
9491,3011
9492,3335
9493,3016
9494,3419
9495,3420
9496,3873
9497,3016
9498,3889
9499,3906
9500,2597
9501,2680
9502,1693
9503,3930
9504,3939
9505,3939
9506,2946
9507,2390
9508,1986
9509,2390
9510,3617
9511,2480
9512,1766
9513,1695
9514,3457
9515,1699
9516,1927
9517,1699
9518,2479
9519,1701
9520,2189
9521,1739
9522,1886
9523,1882
9524,2057
9525,1882
9526,2551
9527,1705
9528,2087
9529,1771
9530,3157
9531,3232
9532,2698
9533,3753
9534,3181
9535,3753
9536,3515
9537,2695
9538,1868
9539,3308
9540,3492
9541,2664
9542,3403
9543,3220
9544,2949
9545,1735
9546,2933
9547,3859
9548,2538
9549,1742
9550,2620
9551,2173
9552,2201
9553,1911
9554,2494
9555,2986
9556,1759
9557,3640
9558,3640
9559,3582
9560,3640
9561,3599
9562,3914
9563,1763
9564,3320
9565,3320
9566,2889
9567,1766
9568,2429
9569,1766
9570,2606
9571,2429
9572,3062
9573,2606
9574,3062
9575,1878
9576,3245
9577,1804
9578,2007
9579,1804
9580,3630
9581,1806
9582,1868
9583,2935
9584,3200
9585,2943
9586,3200
9587,2688
9588,2858
9589,2244
9590,2858
9591,2889
9592,1905
9593,3698
9594,1817
9595,3836
9596,1824
9597,2091
9598,1824
9599,2188
9600,2091
9601,3321
9602,2188
9603,2336
9604,2188
9605,2732
9606,1825
9607,2409
9608,2409
9609,2182
9610,1832
9611,1960
9612,1960
9613,3675
9614,1853
9615,2020
9616,2020
9617,2374
9618,3065
9619,2548
9620,1884
9621,1892
9622,1888
9623,2808
9624,1888
9625,3359
9626,1888
9627,3799
9628,2561
9629,3870
9630,2561
9631,3880
9632,2633
9633,3617
9634,1898
9635,2264
9636,1898
9637,3383
9638,1973
9639,2810
9640,2035
9641,2725
9642,3655
9643,1922
9644,3653
9645,1938
9646,2627
9647,1938
9648,2685
9649,3896
9650,3388
9651,1954
9652,2266
9653,2266
9654,2380
9655,2266
9656,3056
9657,2266
9658,3067
9659,2266
9660,3560
9661,2266
9662,3654
9663,2266
9664,3685
9665,2711
9666,3495
9667,2810
9668,2610
9669,2810
9670,3248
9671,3748
9672,3934
9673,1984
9674,2176
9675,1984
9676,3099
9677,2004
9678,3256
9679,3243
9680,3131
9681,2029
9682,2941
9683,2941
9684,3146
9685,2941
9686,3463
9687,2699
9688,2149
9689,2045
9690,3743
9691,2050
9692,3602
9693,2070
9694,2482
9695,2482
9696,2373
9697,2073
9698,3138
9699,2075
9700,3617
9701,2459
9702,2415
9703,2102
9704,2453
9705,2712
9706,3581
9707,2137
9708,2862
9709,2283
9710,3143
9711,2145
9712,2831
9713,2145
9714,3084
9715,2145
9716,3385
9717,3084
9718,3518
9719,3673
9720,3751
9721,3385
9722,3518
9723,3385
9724,3673
9725,2171
9726,3146
9727,2171
9728,3647
9729,3369
9730,2184
9731,3603
9732,2593
9733,2184
9734,3309
9735,2184
9736,3552
9737,2184
9738,3830
9739,3830
9740,3599
9741,3830
9742,3914
9743,2198
9744,3430
9745,2198
9746,3903
9747,2199
9748,3601
9749,2210
9750,2318
9751,3700
9752,3914
9753,3710
9754,2832
9755,3775
9756,3479
9757,2343
9758,2922
9759,2467
9760,3542
9761,2353
9762,2956
9763,2853
9764,3305
9765,2408
9766,2792
9767,2410
9768,3722
9769,2439
9770,2483
9771,2523
9772,3028
9773,2523
9774,3741
9775,3250
9776,2678
9777,2464
9778,3502
9779,2503
9780,3655
9781,3584
9782,3845
9783,3950
9784,3900
9785,3561
9786,3559
9787,2680
9788,2889
9789,2599
9790,2758
9791,2758
9792,3187
9793,2758
9794,3264
9795,2758
9796,3577
9797,3768
9798,3781
9799,3827
9800,3781
9801,3837
9802,3881
9803,3920
9804,3403
9805,3512
9806,2684
9807,3196
9808,2684
9809,3510
9810,3692
9811,3510
9812,3662
9813,2705
9814,2812
9815,3305
9816,3834
9817,3658
9818,2890
9819,2930
9820,2894
9821,3853
9822,2898
9823,3834
9824,3658
9825,3076
9826,3556
9827,3508
9828,3318
9829,3318
9830,3889
9831,3420
9832,3513
9833,3368
9834,3656
9835,3140
9836,3487
9837,3186
9838,3283
9839,3365
9840,3609
9841,3882
9842,3890
