0,1
1,1
2,1
3,1
4,1
5,1
6,1
7,1
8,1
9,1
10,1
11,1
12,1
13,1
14,1
15,1
16,1
17,1
18,1
19,21
20,21
21,21
22,21
23,21
24,21
25,21
26,21
27,48
28,48
29,48
30,55
31,55
32,55
33,66
34,66
35,67
36,67
37,67
38,67
39,67
40,67
41,67
42,67
43,67
44,68
45,68
46,68
47,68
48,68
49,84
50,84
51,84
52,84
53,85
54,85
55,109
56,128
57,128
58,128
59,128
60,134
61,134
62,134
63,134
64,152
65,152
66,152
67,152
68,152
69,152
70,152
71,152
72,162
73,162
74,162
75,162
76,162
77,162
78,162
79,162
80,218
81,218
82,218
83,218
84,240
85,240
86,240
87,240
88,240
89,240
90,240
91,240
92,240
93,240
94,240
95,240
96,240
97,240
98,240
99,267
100,267
101,267
102,267
103,267
104,267
105,267
106,267
107,341
108,341
109,341
110,341
111,387
112,387
113,387
114,398
115,398
116,398
117,398
118,398
119,466
120,466
121,466
122,466
123,552
124,552
125,552
126,552
127,641
128,641
129,641
130,734
131,734
132,734
133,734
134,811
135,811
136,811
137,811
138,811
139,811
140,869
141,869
142,869
143,869
144,869
145,929
146,929
147,929
148,1141
149,1141
150,1141
151,1209
152,1209
153,1307
154,1307
155,1307
156,1307
157,1378
158,1378
159,1378
160,1378
161,1656
162,1656
163,1656
164,1656
165,1681
166,1681
167,1681
168,1681
169,1681
170,1978
171,1978
172,1978
173,1978
174,1978
175,3531
176,3531
177,3716
178,3716
179,3716
180,3716
181,3716
182,3716
183,3716
184,3716
185,3716
186,3716
187,3716
188,3716
189,2
190,29
191,29
192,29
193,29
194,29
195,29
196,29
197,3
198,3
199,3
200,252
201,252
202,252
203,252
204,252
205,252
206,252
207,252
208,252
209,661
210,661
211,661
212,661
213,2385
214,2385
215,4
216,4
217,4
218,4
219,4
220,4
221,5
222,5
223,5
224,5
225,5
226,5
227,5
228,8
229,8
230,8
231,8
232,8
233,14
234,14
235,14
236,14
237,14
238,177
239,177
240,177
241,177
242,177
243,177
244,177
245,177
246,177
247,205
248,205
249,205
250,205
251,205
252,216
253,216
254,216
255,216
256,216
257,224
258,224
259,224
260,224
261,224
262,224
263,331
264,331
265,331
266,331
267,331
268,331
269,362
270,362
271,362
272,362
273,362
274,362
275,363
276,363
277,363
278,492
279,492
280,492
281,492
282,492
283,492
284,697
285,697
286,697
287,697
288,697
289,697
290,697
291,697
292,697
293,697
294,697
295,722
296,722
297,722
298,722
299,836
300,836
301,836
302,836
303,836
304,992
305,992
306,992
307,992
308,992
309,992
310,992
311,1179
312,1179
313,1179
314,1236
315,1236
316,1236
317,1236
318,1236
319,1236
320,1236
321,1236
322,1236
323,1236
324,1406
325,1406
326,1406
327,1577
328,2689
329,2689
330,2689
331,2689
332,2689
333,2689
334,2689
335,2689
336,2976
337,2976
338,2976
339,3330
340,3330
341,3330
342,3330
343,3432
344,3432
345,3664
346,3664
347,3664
348,3664
349,3664
350,3664
351,3664
352,3664
353,12
354,12
355,12
356,12
357,12
358,12
359,20
360,20
361,20
362,20
363,20
364,20
365,20
366,32
367,32
368,32
369,32
370,32
371,32
372,32
373,33
374,33
375,41
376,42
377,42
378,42
379,42
380,42
381,42
382,75
383,75
384,94
385,94
386,94
387,94
388,94
389,94
390,96
391,96
392,96
393,96
394,96
395,96
396,120
397,120
398,129
399,129
400,129
401,129
402,146
403,212
404,212
405,238
406,260
407,260
408,260
409,265
410,265
411,265
412,338
413,338
414,338
415,343
416,343
417,345
418,345
419,444
420,444
421,454
422,454
423,538
424,538
425,582
426,582
427,582
428,582
429,582
430,582
431,582
432,582
433,603
434,654
435,654
436,654
437,654
438,654
439,654
440,654
441,687
442,700
443,700
444,700
445,700
446,700
447,700
448,701
449,701
450,701
451,715
452,715
453,715
454,715
455,715
456,715
457,762
458,762
459,762
460,762
461,762
462,762
463,764
464,771
465,771
466,807
467,807
468,827
469,827
470,976
471,976
472,976
473,976
474,994
475,994
476,994
477,994
478,1093
479,1093
480,1093
481,1223
482,1223
483,1486
484,1486
485,1486
486,1486
487,1486
488,1486
489,1764
490,1764
491,1764
492,1788
493,1788
494,1874
495,1874
496,1874
497,1874
498,1874
499,1971
500,1971
501,1971
502,1971
503,1971
504,1971
505,1971
506,1971
507,2743
508,2743
509,2743
510,2743
511,2802
512,2802
513,2802
514,2802
515,2802
516,2802
517,3048
518,3048
519,3048
520,3048
521,3188
522,3188
523,3458
524,3458
525,3458
526,3458
527,3458
528,3458
529,3458
530,3458
531,3521
532,3521
533,3521
534,3521
535,3521
536,3521
537,3699
538,6
539,542
540,542
541,7
542,7
543,7
544,7
545,7
546,7
547,7
548,7
549,51
550,51
551,51
552,51
553,51
554,51
555,52
556,58
557,58
558,58
559,58
560,58
561,58
562,58
563,58
564,58
565,58
566,71
567,71
568,71
569,71
570,100
571,100
572,100
573,107
574,107
575,151
576,151
577,151
578,151
579,151
580,151
581,151
582,184
583,184
584,184
585,184
586,184
587,186
588,186
589,186
590,186
591,214
592,285
593,285
594,285
595,285
596,329
597,329
598,329
599,393
600,393
601,393
602,393
603,426
604,426
605,426
606,426
607,426
608,426
609,426
610,426
611,426
612,426
613,443
614,443
615,443
616,443
617,443
618,443
619,443
620,673
621,673
622,673
623,673
624,673
625,673
626,810
627,810
628,810
629,810
630,1258
631,1258
632,1258
633,1520
634,1520
635,1520
636,1901
637,2596
638,2596
639,3715
640,3715
641,3715
642,3715
643,3715
644,3715
645,9
646,9
647,9
648,9
649,9
650,9
651,9
652,9
653,9
654,9
655,9
656,9
657,18
658,18
659,18
660,18
661,18
662,18
663,18
664,18
665,18
666,18
667,18
668,18
669,18
670,18
671,18
672,18
673,18
674,18
675,30
676,30
677,39
678,39
679,39
680,39
681,53
682,53
683,53
684,53
685,53
686,53
687,53
688,98
689,98
690,98
691,98
692,98
693,98
694,98
695,122
696,122
697,122
698,122
699,122
700,122
701,122
702,122
703,122
704,122
705,122
706,122
707,122
708,122
709,122
710,157
711,157
712,160
713,185
714,185
715,185
716,185
717,185
718,185
719,232
720,232
721,241
722,241
723,287
724,287
725,287
726,287
727,668
728,668
729,782
730,782
731,782
732,782
733,782
734,782
735,782
736,784
737,784
738,915
739,1840
740,1840
741,2025
742,2025
743,2025
744,2025
745,2025
746,3522
747,3522
748,3522
749,3522
750,3522
751,3522
752,3522
753,3522
754,3522
755,3522
756,3522
757,3522
758,3522
759,3522
760,3522
761,3522
762,3522
763,3522
764,3522
765,3522
766,3522
767,3522
768,3522
769,3522
770,3522
771,3522
772,3522
773,3522
774,3687
775,3687
776,3687
777,3687
778,3687
779,3687
780,50
781,50
782,50
783,105
784,105
785,105
786,105
787,105
788,105
789,105
790,105
791,105
792,143
793,143
794,143
795,143
796,143
797,143
798,200
799,200
800,292
801,292
802,292
803,292
804,399
805,399
806,399
807,567
808,567
809,576
810,576
811,576
812,576
813,685
814,685
815,685
816,685
817,685
818,685
819,685
820,685
821,742
822,742
823,742
824,742
825,742
826,742
827,742
828,742
829,765
830,765
831,777
832,777
833,777
834,777
835,777
836,777
837,777
838,781
839,781
840,781
841,781
842,781
843,795
844,795
845,882
846,882
847,882
848,882
849,882
850,892
851,892
852,892
853,892
854,892
855,892
856,922
857,922
858,922
859,922
860,922
861,922
862,922
863,922
864,922
865,922
866,1166
867,1619
868,1619
869,1619
870,1619
871,1619
872,1619
873,1619
874,1619
875,1619
876,1619
877,1619
878,1619
879,1619
880,1619
881,1619
882,1619
883,1619
884,1667
885,1667
886,1667
887,1667
888,1740
889,1916
890,1916
891,2012
892,2012
893,2012
894,2122
895,2263
896,2263
897,2263
898,2263
899,2263
900,2263
901,2263
902,2263
903,2263
904,2263
905,2426
906,2426
907,2446
908,2529
909,2529
910,2529
911,2786
912,2786
913,2786
914,2786
915,2786
916,2786
917,2786
918,2786
919,2786
920,2913
921,2913
922,2952
923,2952
924,2974
925,2974
926,2974
927,2974
928,3008
929,3008
930,3008
931,3008
932,3008
933,3008
934,3008
935,3008
936,3008
937,3008
938,3008
939,3008
940,3008
941,3008
942,3152
943,3152
944,3152
945,3152
946,3268
947,3268
948,3268
949,3268
950,3268
951,3316
952,3406
953,3406
954,3535
955,3703
956,3703
957,3703
958,3703
959,3913
960,3913
961,3913
962,10
963,10
964,539
965,539
966,539
967,539
968,539
969,539
970,11
971,11
972,22
973,92
974,92
975,92
976,92
977,92
978,92
979,145
980,145
981,145
982,156
983,156
984,161
985,161
986,161
987,179
988,179
989,179
990,179
991,3759
992,40
993,40
994,40
995,40
996,40
997,40
998,49
999,49
1000,49
1001,123
1002,123
1003,123
1004,123
1005,123
1006,123
1007,123
1008,123
1009,139
1010,397
1011,397
1012,397
1013,397
1014,397
1015,663
1016,663
1017,663
1018,663
1019,663
1020,663
1021,669
1022,669
1023,669
1024,669
1025,669
1026,669
1027,761
1028,761
1029,761
1030,761
1031,761
1032,761
1033,761
1034,761
1035,761
1036,763
1037,763
1038,805
1039,805
1040,805
1041,805
1042,805
1043,805
1044,805
1045,805
1046,1009
1047,1009
1048,1009
1049,1009
1050,1009
1051,1516
1052,1516
1053,1516
1054,1737
1055,1737
1056,1737
1057,2500
1058,2690
1059,3045
1060,3045
1061,3045
1062,3045
1063,3398
1064,3398
1065,3398
1066,3398
1067,3398
1068,3398
1069,3398
1070,3398
1071,3398
1072,3398
1073,3398
1074,3605
1075,3605
1076,3605
1077,3605
1078,13
1079,3689
1080,3689
1081,3689
1082,127
1083,127
1084,127
1085,127
1086,127
1087,127
1088,127
1089,127
1090,127
1091,127
1092,196
1093,196
1094,196
1095,196
1096,196
1097,196
1098,196
1099,196
1100,196
1101,196
1102,196
1103,196
1104,196
1105,196
1106,217
1107,217
1108,217
1109,217
1110,516
1111,516
1112,516
1113,516
1114,516
1115,714
1116,714
1117,714
1118,714
1119,714
1120,714
1121,714
1122,714
1123,870
1124,870
1125,880
1126,880
1127,880
1128,880
1129,1027
1130,1027
1131,1027
1132,1027
1133,1027
1134,1027
1135,1395
1136,1395
1137,1395
1138,1395
1139,3847
1140,3847
1141,3847
1142,3847
1143,3847
1144,3847
1145,15
1146,15
1147,15
1148,15
1149,15
1150,15
1151,15
1152,15
1153,15
1154,15
1155,305
1156,305
1157,305
1158,305
1159,305
1160,305
1161,305
1162,305
1163,305
1164,305
1165,305
1166,305
1167,305
1168,305
1169,305
1170,385
1171,385
1172,385
1173,385
1174,385
1175,385
1176,385
1177,745
1178,745
1179,745
1180,745
1181,745
1182,745
1183,745
1184,745
1185,745
1186,1044
1187,1044
1188,1044
1189,1044
1190,1044
1191,1044
1192,1044
1193,1044
1194,1044
1195,1044
1196,1044
1197,1044
1198,1044
1199,1044
1200,1044
1201,1044
1202,1044
1203,1051
1204,1051
1205,1051
1206,1051
1207,1111
1208,1111
1209,1111
1210,1111
1211,1111
1212,1111
1213,1111
1214,1118
1215,1118
1216,1118
1217,1426
1218,1426
1219,1496
1220,1496
1221,1496
1222,1496
1223,1644
1224,1644
1225,1644
1226,1644
1227,1644
1228,2261
1229,2261
1230,2261
1231,16
1232,16
1233,471
1234,471
1235,471
1236,471
1237,471
1238,17
1239,37
1240,37
1241,37
1242,37
1243,37
1244,37
1245,37
1246,37
1247,37
1248,37
1249,80
1250,80
1251,80
1252,80
1253,80
1254,108
1255,108
1256,108
1257,108
1258,108
1259,108
1260,108
1261,108
1262,108
1263,111
1264,111
1265,111
1266,111
1267,111
1268,119
1269,119
1270,119
1271,119
1272,193
1273,193
1274,193
1275,199
1276,199
1277,199
1278,199
1279,258
1280,406
1281,545
1282,545
1283,545
1284,545
1285,545
1286,545
1287,545
1288,545
1289,545
1290,625
1291,625
1292,625
1293,625
1294,625
1295,625
1296,625
1297,625
1298,625
1299,1129
1300,1129
1301,1129
1302,1129
1303,1129
1304,1129
1305,1181
1306,1181
1307,1181
1308,1190
1309,1190
1310,1190
1311,1327
1312,1327
1313,1327
1314,1327
1315,1327
1316,1327
1317,1327
1318,1327
1319,1327
1320,1327
1321,1327
1322,1327
1323,1327
1324,1543
1325,1543
1326,1543
1327,1639
1328,1639
1329,1639
1330,1640
1331,1640
1332,1640
1333,1640
1334,1640
1335,1640
1336,1715
1337,1715
1338,1715
1339,1797
1340,1797
1341,1797
1342,1797
1343,1797
1344,1797
1345,1797
1346,1797
1347,2359
1348,2359
1349,2844
1350,2844
1351,2844
1352,2847
1353,2847
1354,2847
1355,2948
1356,2948
1357,2948
1358,2948
1359,2948
1360,2990
1361,3344
1362,3344
1363,3344
1364,3344
1365,3344
1366,3344
1367,3344
1368,3344
1369,3344
1370,19
1371,19
1372,19
1373,499
1374,499
1375,499
1376,1200
1377,1200
1378,1200
1379,1200
1380,1200
1381,1200
1382,1200
1383,1200
1384,1200
1385,1200
1386,1200
1387,2603
1388,2603
1389,2603
1390,2603
1391,135
1392,135
1393,135
1394,154
1395,213
1396,213
1397,213
1398,215
1399,215
1400,215
1401,296
1402,296
1403,296
1404,296
1405,502
1406,502
1407,502
1408,502
1409,502
1410,502
1411,571
1412,571
1413,571
1414,571
1415,571
1416,571
1417,571
1418,571
1419,571
1420,571
1421,571
1422,649
1423,649
1424,649
1425,649
1426,649
1427,727
1428,727
1429,727
1430,727
1431,750
1432,750
1433,750
1434,963
1435,963
1436,963
1437,1037
1438,1127
1439,1127
1440,1164
1441,1164
1442,1264
1443,1264
1444,1264
1445,1264
1446,1264
1447,1264
1448,1264
1449,1264
1450,1264
1451,1295
1452,1295
1453,1295
1454,1808
1455,1893
1456,1893
1457,2491
1458,2491
1459,2491
1460,2491
1461,2491
1462,2624
1463,2624
1464,2624
1465,3064
1466,3064
1467,3235
1468,3235
1469,3235
1470,3235
1471,3589
1472,3720
1473,3720
1474,3725
1475,3725
1476,38
1477,38
1478,38
1479,38
1480,263
1481,263
1482,263
1483,334
1484,334
1485,455
1486,455
1487,455
1488,455
1489,455
1490,455
1491,829
1492,829
1493,829
1494,829
1495,829
1496,829
1497,888
1498,888
1499,888
1500,888
1501,888
1502,888
1503,888
1504,1063
1505,1063
1506,1676
1507,3120
1508,3120
1509,3120
1510,3120
1511,3120
1512,3239
1513,3239
1514,3239
1515,3239
1516,3239
1517,3261
1518,3261
1519,3261
1520,3261
1521,744
1522,744
1523,744
1524,744
1525,744
1526,744
1527,23
1528,23
1529,23
1530,23
1531,23
1532,868
1533,868
1534,868
1535,868
1536,868
1537,1207
1538,1207
1539,1207
1540,1421
1541,2148
1542,2298
1543,24
1544,24
1545,182
1546,302
1547,302
1548,302
1549,302
1550,302
1551,302
1552,302
1553,302
1554,302
1555,302
1556,448
1557,448
1558,448
1559,448
1560,448
1561,448
1562,448
1563,448
1564,448
1565,448
1566,448
1567,448
1568,448
1569,448
1570,448
1571,25
1572,1673
1573,2325
1574,2679
1575,2940
1576,2940
1577,2940
1578,3018
1579,3018
1580,3018
1581,26
1582,26
1583,90
1584,90
1585,855
1586,855
1587,855
1588,855
1589,1109
1590,1109
1591,1109
1592,1109
1593,27
1594,27
1595,27
1596,27
1597,27
1598,251
1599,251
1600,251
1601,251
1602,290
1603,290
1604,290
1605,290
1606,330
1607,1642
1608,1642
1609,1642
1610,2303
1611,2303
1612,3075
1613,3075
1614,3075
1615,3075
1616,3075
1617,28
1618,28
1619,28
1620,28
1621,97
1622,97
1623,97
1624,159
1625,159
1626,268
1627,268
1628,488
1629,488
1630,488
1631,488
1632,488
1633,634
1634,634
1635,634
1636,634
1637,718
1638,718
1639,1860
1640,2537
1641,2537
1642,2537
1643,43
1644,43
1645,43
1646,172
1647,172
1648,172
1649,351
1650,1022
1651,1022
1652,1521
1653,1521
1654,1814
1655,1814
1656,2028
1657,31
1658,31
1659,31
1660,940
1661,940
1662,940
1663,940
1664,940
1665,1924
1666,62
1667,138
1668,138
1669,306
1670,306
1671,306
1672,306
1673,456
1674,456
1675,456
1676,456
1677,456
1678,456
1679,1659
1680,1659
1681,1659
1682,1659
1683,1972
1684,2018
1685,2018
1686,2018
1687,2018
1688,2018
1689,2018
1690,2219
1691,2219
1692,2219
1693,2219
1694,2219
1695,2987
1696,2987
1697,2987
1698,3786
1699,3786
1700,195
1701,195
1702,195
1703,349
1704,349
1705,349
1706,349
1707,1857
1708,1857
1709,1857
1710,3371
1711,3371
1712,3371
1713,3371
1714,3371
1715,3371
1716,34
1717,34
1718,34
1719,34
1720,34
1721,34
1722,34
1723,34
1724,34
1725,34
1726,34
1727,34
1728,34
1729,34
1730,34
1731,34
1732,34
1733,34
1734,34
1735,34
1736,34
1737,34
1738,34
1739,34
1740,34
1741,34
1742,34
1743,34
1744,34
1745,34
1746,34
1747,34
1748,34
1749,34
1750,34
1751,34
1752,34
1753,34
1754,34
1755,34
1756,34
1757,34
1758,34
1759,34
1760,34
1761,34
1762,34
1763,34
1764,34
1765,34
1766,34
1767,34
1768,34
1769,34
1770,34
1771,34
1772,34
1773,34
1774,34
1775,34
1776,34
1777,34
1778,34
1779,34
1780,34
1781,34
1782,34
1783,34
1784,34
1785,34
1786,34
1787,312
1788,312
1789,312
1790,312
1791,479
1792,479
1793,479
1794,479
1795,479
1796,479
1797,479
1798,479
1799,479
1800,479
1801,479
1802,479
1803,564
1804,564
1805,564
1806,564
1807,564
1808,564
1809,564
1810,564
1811,564
1812,564
1813,564
1814,564
1815,564
1816,564
1817,595
1818,674
1819,674
1820,674
1821,775
1822,972
1823,972
1824,972
1825,972
1826,988
1827,988
1828,991
1829,991
1830,997
1831,997
1832,997
1833,997
1834,1145
1835,1145
1836,1145
1837,1145
1838,1145
1839,1145
1840,1145
1841,1145
1842,1145
1843,1145
1844,1145
1845,1145
1846,1191
1847,1191
1848,1191
1849,1191
1850,1191
1851,1191
1852,1191
1853,1191
1854,1245
1855,1245
1856,1245
1857,1245
1858,1271
1859,1271
1860,1271
1861,1299
1862,1299
1863,1299
1864,1299
1865,1299
1866,1299
1867,1299
1868,1299
1869,1299
1870,1299
1871,1299
1872,1301
1873,1301
1874,1301
1875,1301
1876,1301
1877,1301
1878,1301
1879,1301
1880,1301
1881,1301
1882,1367
1883,1367
1884,1400
1885,1400
1886,1400
1887,1400
1888,1400
1889,1400
1890,1452
1891,1452
1892,1455
1893,1455
1894,1517
1895,1517
1896,1517
1897,1523
1898,1523
1899,1523
1900,1620
1901,1688
1902,2146
1903,2146
1904,2146
1905,2146
1906,2157
1907,2157
1908,2305
1909,2305
1910,2305
1911,2305
1912,2333
1913,2340
1914,2356
1915,2356
1916,2356
1917,2356
1918,2356
1919,2360
1920,2407
1921,2477
1922,2477
1923,2510
1924,2510
1925,2510
1926,2520
1927,2520
1928,2547
1929,2547
1930,2547
1931,2547
1932,2547
1933,2547
1934,2547
1935,2547
1936,2547
1937,2547
1938,2547
1939,2547
1940,2547
1941,2547
1942,2559
1943,2559
1944,2559
1945,2578
1946,2578
1947,2578
1948,2578
1949,2578
1950,2588
1951,2588
1952,2588
1953,2588
1954,2594
1955,2594
1956,2609
1957,2609
1958,2609
1959,2609
1960,2609
1961,2609
1962,2671
1963,2671
1964,2724
1965,2724
1966,2781
1967,2781
1968,2811
1969,2811
1970,2811
1971,2811
1972,2870
1973,2870
1974,2870
1975,2905
1976,2905
1977,2905
1978,2945
1979,2945
1980,2945
1981,2945
1982,2945
1983,2970
1984,2970
1985,3030
1986,3030
1987,3030
1988,3039
1989,3039
1990,3039
1991,3039
1992,3039
1993,3119
1994,3119
1995,3119
1996,3119
1997,3129
1998,3129
1999,3129
2000,3129
2001,3129
2002,3129
2003,3129
2004,3129
2005,3129
2006,3197
2007,3197
2008,3208
2009,3210
2010,3210
2011,3210
2012,3210
2013,3210
2014,3213
2015,3221
2016,3221
2017,3221
2018,3304
2019,3326
2020,3326
2021,3326
2022,3367
2023,3367
2024,3399
2025,3399
2026,3399
2027,3399
2028,3399
2029,3500
2030,3500
2031,3524
2032,3524
2033,3558
2034,3558
2035,3558
2036,3574
2037,3574
2038,3574
2039,3574
2040,3586
2041,3586
2042,3586
2043,3592
2044,3592
2045,3592
2046,3592
2047,3592
2048,3624
2049,3624
2050,3642
2051,3646
2052,3646
2053,3670
2054,3681
2055,3681
2056,3701
2057,3704
2058,3704
2059,3704
2060,3721
2061,3729
2062,3730
2063,3730
2064,3790
2065,3790
2066,3820
2067,3862
2068,3916
2069,3944
2070,3944
2071,3944
2072,3944
2073,3944
2074,3944
2075,35
2076,35
2077,35
2078,35
2079,35
2080,144
2081,248
2082,248
2083,248
2084,262
2085,262
2086,382
2087,382
2088,382
2089,382
2090,382
2091,403
2092,403
2093,403
2094,403
2095,415
2096,415
2097,442
2098,442
2099,442
2100,442
2101,442
2102,442
2103,442
2104,442
2105,442
2106,442
2107,442
2108,442
2109,442
2110,442
2111,442
2112,442
2113,442
2114,442
2115,442
2116,442
2117,442
2118,442
2119,1232
2120,1232
2121,1232
2122,1232
2123,36
2124,36
2125,36
2126,36
2127,36
2128,36
2129,83
2130,83
2131,83
2132,191
2133,384
2134,384
2135,2673
2136,2673
2137,3265
2138,91
2139,91
2140,166
2141,166
2142,311
2143,311
2144,558
2145,558
2146,558
2147,558
2148,558
2149,558
2150,814
2151,814
2152,814
2153,1024
2154,1024
2155,1024
2156,1024
2157,1187
2158,1187
2159,1187
2160,1393
2161,1393
2162,1393
2163,1393
2164,1443
2165,1443
2166,1443
2167,1528
2168,1528
2169,1528
2170,1585
2171,1585
2172,1585
2173,1585
2174,1585
2175,1585
2176,1585
2177,1585
2178,1585
2179,3007
2180,3007
2181,3007
2182,3007
2183,3007
2184,3007
2185,3007
2186,3163
2187,3163
2188,3163
2189,3163
2190,3163
2191,3637
2192,3637
2193,3637
2194,3637
2195,3637
2196,3637
2197,3637
2198,3637
2199,3637
2200,3637
2201,3637
2202,99
2203,99
2204,99
2205,99
2206,130
2207,130
2208,130
2209,380
2210,380
2211,380
2212,380
2213,380
2214,440
2215,440
2216,440
2217,440
2218,440
2219,507
2220,507
2221,525
2222,525
2223,525
2224,525
2225,525
2226,525
2227,546
2228,546
2229,546
2230,847
2231,1120
2232,1130
2233,1130
2234,1130
2235,1409
2236,1409
2237,1409
2238,1409
2239,1409
2240,1409
2241,1409
2242,1409
2243,1479
2244,1479
2245,1479
2246,1479
2247,1494
2248,1494
2249,1494
2250,1494
2251,1494
2252,1494
2253,1538
2254,1538
2255,1538
2256,1538
2257,1538
2258,1538
2259,2013
2260,2013
2261,2013
2262,2030
2263,2030
2264,2030
2265,2575
2266,2575
2267,2575
2268,2575
2269,2575
2270,3117
2271,81
2272,81
2273,81
2274,81
2275,81
2276,493
2277,493
2278,493
2279,493
2280,505
2281,505
2282,792
2283,1133
2284,1133
2285,679
2286,679
2287,679
2288,679
2289,679
2290,679
2291,679
2292,688
2293,688
2294,1168
2295,1168
2296,1168
2297,1168
2298,2162
2299,2162
2300,3192
2301,3192
2302,114
2303,44
2304,44
2305,44
2306,44
2307,579
2308,579
2309,1761
2310,2110
2311,2625
2312,2625
2313,2625
2314,2625
2315,2625
2316,2625
2317,2625
2318,2771
2319,2771
2320,3233
2321,3554
2322,3554
2323,3554
2324,45
2325,45
2326,2019
2327,2019
2328,2019
2329,2019
2330,2019
2331,46
2332,46
2333,46
2334,46
2335,324
2336,324
2337,622
2338,622
2339,2086
2340,2086
2341,2086
2342,2086
2343,2086
2344,47
2345,115
2346,115
2347,115
2348,115
2349,115
2350,173
2351,173
2352,173
2353,173
2354,2056
2355,2056
2356,2056
2357,2056
2358,2056
2359,2056
2360,2056
2361,372
2362,372
2363,372
2364,804
2365,804
2366,804
2367,804
2368,804
2369,56
2370,56
2371,273
2372,273
2373,273
2374,273
2375,273
2376,273
2377,273
2378,1411
2379,1411
2380,1561
2381,3750
2382,3750
2383,3750
2384,3869
2385,3869
2386,3869
2387,79
2388,79
2389,79
2390,132
2391,132
2392,132
2393,187
2394,346
2395,346
2396,346
2397,346
2398,346
2399,364
2400,531
2401,531
2402,531
2403,531
2404,626
2405,711
2406,711
2407,711
2408,711
2409,711
2410,711
2411,711
2412,747
2413,747
2414,747
2415,747
2416,2779
2417,2779
2418,3216
2419,3216
2420,3897
2421,3897
2422,3897
2423,3897
2424,126
2425,126
2426,126
2427,494
2428,647
2429,828
2430,828
2431,828
2432,930
2433,1316
2434,1316
2435,1316
2436,1316
2437,1316
2438,1316
2439,1316
2440,1316
2441,1316
2442,2809
2443,2809
2444,2809
2445,2809
2446,2809
2447,2809
2448,2809
2449,2809
2450,3358
2451,3358
2452,3773
2453,3773
2454,3773
2455,3773
2456,54
2457,54
2458,54
2459,54
2460,1746
2461,1746
2462,1746
2463,1746
2464,1746
2465,2166
2466,2166
2467,2166
2468,2166
2469,2166
2470,2195
2471,2208
2472,2431
2473,2431
2474,2431
2475,2431
2476,2431
2477,2431
2478,2782
2479,2782
2480,2782
2481,3423
2482,3423
2483,3496
2484,3794
2485,272
2486,272
2487,272
2488,272
2489,776
2490,776
2491,776
2492,57
2493,269
2494,269
2495,269
2496,269
2497,279
2498,279
2499,279
2500,279
2501,279
2502,279
2503,279
2504,307
2505,340
2506,340
2507,340
2508,438
2509,590
2510,590
2511,748
2512,748
2513,757
2514,757
2515,821
2516,821
2517,1114
2518,1114
2519,1114
2520,1114
2521,1470
2522,1470
2523,1470
2524,1470
2525,1470
2526,1836
2527,1836
2528,1836
2529,1836
2530,1836
2531,1848
2532,1848
2533,1848
2534,3059
2535,3059
2536,3218
2537,3390
2538,59
2539,59
2540,59
2541,59
2542,59
2543,59
2544,59
2545,295
2546,295
2547,295
2548,295
2549,549
2550,1072
2551,1072
2552,1072
2553,1238
2554,1238
2555,1238
2556,1238
2557,1238
2558,1632
2559,1632
2560,1854
2561,1961
2562,2763
2563,2763
2564,2763
2565,2877
2566,60
2567,60
2568,60
2569,60
2570,350
2571,350
2572,350
2573,350
2574,350
2575,350
2576,350
2577,350
2578,350
2579,350
2580,350
2581,350
2582,350
2583,350
2584,465
2585,465
2586,465
2587,465
2588,2572
2589,2746
2590,2746
2591,2746
2592,2746
2593,2746
2594,2746
2595,3576
2596,3576
2597,3576
2598,61
2599,61
2600,201
2601,201
2602,201
2603,201
2604,201
2605,201
2606,201
2607,201
2608,201
2609,201
2610,1877
2611,1877
2612,3488
2613,3488
2614,636
2615,636
2616,636
2617,636
2618,636
2619,636
2620,636
2621,636
2622,636
2623,1053
2624,1053
2625,1053
2626,1053
2627,1062
2628,1062
2629,1094
2630,1094
2631,2919
2632,2919
2633,2919
2634,3260
2635,3260
2636,3260
2637,3260
2638,63
2639,63
2640,63
2641,63
2642,1691
2643,1979
2644,1979
2645,1979
2646,64
2647,65
2648,136
2649,136
2650,136
2651,136
2652,136
2653,136
2654,136
2655,394
2656,394
2657,1852
2658,1852
2659,1852
2660,1852
2661,1852
2662,2419
2663,2419
2664,561
2665,561
2666,561
2667,561
2668,941
2669,1198
2670,1198
2671,1198
2672,1198
2673,1198
2674,1324
2675,1324
2676,1324
2677,1324
2678,1324
2679,1324
2680,1324
2681,1324
2682,1324
2683,1324
2684,1324
2685,1324
2686,1589
2687,1950
2688,2074
2689,2074
2690,2074
2691,2094
2692,2094
2693,2094
2694,2094
2695,2094
2696,2094
2697,2128
2698,2139
2699,2139
2700,2292
2701,2756
2702,2756
2703,2756
2704,3204
2705,3204
2706,3204
2707,3204
2708,3204
2709,3204
2710,3204
2711,3204
2712,3204
2713,3204
2714,3204
2715,3204
2716,3204
2717,3204
2718,3204
2719,3204
2720,3204
2721,3204
2722,3204
2723,101
2724,101
2725,101
2726,101
2727,101
2728,845
2729,969
2730,999
2731,999
2732,999
2733,1173
2734,1173
2735,1173
2736,1173
2737,1700
2738,1700
2739,1700
2740,69
2741,69
2742,1194
2743,1194
2744,1194
2745,1194
2746,70
2747,70
2748,70
2749,70
2750,70
2751,70
2752,325
2753,325
2754,325
2755,325
2756,365
2757,365
2758,452
2759,452
2760,452
2761,587
2762,587
2763,587
2764,1786
2765,2058
2766,2058
2767,3312
2768,3312
2769,77
2770,77
2771,77
2772,225
2773,225
2774,361
2775,361
2776,424
2777,424
2778,424
2779,424
2780,424
2781,424
2782,424
2783,424
2784,424
2785,825
2786,825
2787,825
2788,825
2789,825
2790,913
2791,913
2792,913
2793,1559
2794,1559
2795,1559
2796,1780
2797,1780
2798,1780
2799,1780
2800,1780
2801,2819
2802,2920
2803,2920
2804,2920
2805,2920
2806,2920
2807,2920
2808,3678
2809,3678
2810,72
2811,72
2812,72
2813,72
2814,72
2815,496
2816,496
2817,496
2818,496
2819,496
2820,496
2821,2813
2822,2813
2823,73
2824,966
2825,966
2826,966
2827,74
2828,1182
2829,1182
2830,1182
2831,602
2832,1308
2833,1308
2834,1308
2835,1308
2836,76
2837,76
2838,1793
2839,1793
2840,2799
2841,2799
2842,2799
2843,1572
2844,1572
2845,1572
2846,1572
2847,1572
2848,1572
2849,1572
2850,1572
2851,1572
2852,1572
2853,1572
2854,3523
2855,3523
2856,3523
2857,3523
2858,3523
2859,3523
2860,3523
2861,3523
2862,3523
2863,3523
2864,78
2865,1419
2866,1419
2867,1419
2868,1419
2869,1419
2870,1419
2871,1419
2872,1419
2873,1419
2874,1419
2875,796
2876,796
2877,1918
2878,1918
2879,1918
2880,2197
2881,803
2882,803
2883,803
2884,3074
2885,3074
2886,3074
2887,3074
2888,82
2889,1251
2890,1251
2891,902
2892,902
2893,936
2894,551
2895,551
2896,551
2897,551
2898,551
2899,551
2900,551
2901,551
2902,551
2903,1581
2904,1581
2905,1581
2906,1581
2907,2498
2908,2498
2909,3379
2910,86
2911,86
2912,1649
2913,1649
2914,1649
2915,1649
2916,1649
2917,1649
2918,1649
2919,2147
2920,87
2921,88
2922,88
2923,88
2924,183
2925,183
2926,183
2927,183
2928,183
2929,183
2930,183
2931,183
2932,183
2933,183
2934,183
2935,183
2936,183
2937,183
2938,1535
2939,1535
2940,1535
2941,1535
2942,1584
2943,3883
2944,3922
2945,89
2946,89
2947,89
2948,2742
2949,386
2950,386
2951,709
2952,709
2953,1388
2954,3031
2955,3031
2956,3031
2957,645
2958,772
2959,772
2960,772
2961,772
2962,1159
2963,1159
2964,1159
2965,1159
2966,2640
2967,2954
2968,3167
2969,3684
2970,3684
2971,3684
2972,163
2973,163
2974,189
2975,192
2976,192
2977,192
2978,192
2979,192
2980,509
2981,509
2982,509
2983,509
2984,1085
2985,1085
2986,1085
2987,1085
2988,1085
2989,2718
2990,2718
2991,3116
2992,3116
2993,3116
2994,3116
2995,93
2996,93
2997,93
2998,1116
2999,1116
3000,1993
3001,1993
3002,167
3003,167
3004,167
3005,167
3006,167
3007,167
3008,167
3009,167
3010,167
3011,167
3012,167
3013,167
3014,167
3015,167
3016,421
3017,716
3018,716
3019,716
3020,716
3021,716
3022,978
3023,978
3024,978
3025,978
3026,978
3027,978
3028,978
3029,978
3030,978
3031,978
3032,978
3033,1923
3034,95
3035,180
3036,180
3037,180
3038,317
3039,317
3040,358
3041,358
3042,358
3043,358
3044,358
3045,478
3046,478
3047,478
3048,478
3049,478
3050,520
3051,1174
3052,1174
3053,1174
3054,1174
3055,1174
3056,1953
3057,1953
3058,116
3059,116
3060,116
3061,116
3062,116
3063,116
3064,116
3065,116
3066,116
3067,530
3068,942
3069,942
3070,3514
3071,102
3072,102
3073,831
3074,831
3075,831
3076,831
3077,831
3078,831
3079,831
3080,1134
3081,1134
3082,1134
3083,1134
3084,1134
3085,1134
3086,1134
3087,1134
3088,1134
3089,3066
3090,3066
3091,3066
3092,3066
3093,1169
3094,1169
3095,1377
3096,137
3097,1309
3098,1309
3099,1309
3100,1309
3101,1309
3102,1309
3103,2306
3104,2306
3105,256
3106,256
3107,256
3108,256
3109,103
3110,103
3111,103
3112,147
3113,147
3114,147
3115,147
3116,147
3117,104
3118,104
3119,104
3120,142
3121,142
3122,920
3123,920
3124,872
3125,872
3126,872
3127,872
3128,872
3129,878
3130,878
3131,878
3132,878
3133,878
3134,878
3135,878
3136,878
3137,878
3138,1125
3139,1125
3140,1125
3141,1262
3142,1262
3143,1609
3144,1609
3145,1609
3146,1609
3147,1609
3148,1613
3149,1613
3150,1613
3151,1613
3152,1613
3153,1613
3154,1613
3155,1613
3156,1613
3157,1613
3158,1613
3159,2329
3160,3919
3161,3919
3162,3919
3163,3919
3164,3919
3165,3919
3166,3919
3167,106
3168,484
3169,484
3170,484
3171,484
3172,484
3173,484
3174,484
3175,739
3176,739
3177,1066
3178,1066
3179,1819
3180,2942
3181,2942
3182,2942
3183,2942
3184,2942
3185,3202
3186,3202
3187,3202
3188,3290
3189,227
3190,227
3191,227
3192,228
3193,277
3194,277
3195,615
3196,615
3197,615
3198,615
3199,615
3200,615
3201,691
3202,691
3203,691
3204,691
3205,1185
3206,1185
3207,1544
3208,1544
3209,1544
3210,1823
3211,1823
3212,2432
3213,2432
3214,2999
3215,2999
3216,2999
3217,2999
3218,2999
3219,2999
3220,2999
3221,2999
3222,3505
3223,664
3224,664
3225,110
3226,110
3227,110
3228,984
3229,984
3230,3404
3231,3404
3232,112
3233,113
3234,274
3235,274
3236,303
3237,303
3238,303
3239,303
3240,303
3241,303
3242,303
3243,342
3244,342
3245,342
3246,342
3247,342
3248,194
3249,194
3250,194
3251,194
3252,236
3253,291
3254,725
3255,738
3256,738
3257,738
3258,738
3259,1727
3260,1727
3261,1727
3262,1769
3263,1769
3264,1769
3265,1775
3266,1775
3267,1775
3268,1775
3269,1775
3270,1775
3271,1775
3272,1775
3273,1775
3274,1775
3275,1915
3276,1915
3277,1958
3278,1958
3279,2765
3280,3060
3281,117
3282,117
3283,226
3284,226
3285,1770
3286,2287
3287,2287
3288,118
3289,1858
3290,1858
3291,2655
3292,2655
3293,2026
3294,2026
3295,2026
3296,2026
3297,919
3298,919
3299,919
3300,919
3301,919
3302,919
3303,919
3304,919
3305,2005
3306,2005
3307,2005
3308,2005
3309,2005
3310,121
3311,3867
3312,3867
3313,281
3314,417
3315,417
3316,417
3317,417
3318,417
3319,417
3320,417
3321,417
3322,843
3323,861
3324,861
3325,861
3326,861
3327,861
3328,861
3329,1220
3330,1220
3331,1220
3332,1220
3333,1220
3334,3541
3335,3541
3336,3541
3337,3546
3338,3546
3339,3899
3340,3899
3341,3899
3342,3899
3343,124
3344,244
3345,1151
3346,1151
3347,2159
3348,2196
3349,2196
3350,125
3351,125
3352,125
3353,125
3354,724
3355,724
3356,724
3357,724
3358,724
3359,817
3360,817
3361,817
3362,1149
3363,1149
3364,1373
3365,1373
3366,1373
3367,1373
3368,2864
3369,2864
3370,1415
3371,2093
3372,2093
3373,2093
3374,391
3375,600
3376,600
3377,600
3378,1861
3379,1861
3380,1861
3381,1861
3382,2800
3383,2800
3384,2800
3385,2800
3386,247
3387,2033
3388,2033
3389,131
3390,3580
3391,3580
3392,3580
3393,401
3394,1045
3395,1745
3396,1745
3397,1745
3398,1745
3399,3083
3400,3879
3401,133
3402,1171
3403,1171
3404,741
3405,741
3406,741
3407,741
3408,741
3409,741
3410,741
3411,1300
3412,1300
3413,1300
3414,1300
3415,1300
3416,1588
3417,1588
3418,1652
3419,1652
3420,1652
3421,1652
3422,1652
3423,1652
3424,1913
3425,1913
3426,1913
3427,2542
3428,2542
3429,2542
3430,1042
3431,1042
3432,1042
3433,1042
3434,1403
3435,1403
3436,2009
3437,2009
3438,2487
3439,2487
3440,2487
3441,2487
3442,2487
3443,3376
3444,3376
3445,140
3446,2592
3447,2592
3448,141
3449,165
3450,165
3451,165
3452,798
3453,798
3454,798
3455,798
3456,1170
3457,1170
3458,1170
3459,1170
3460,1170
3461,1170
3462,1229
3463,1229
3464,1229
3465,1418
3466,1418
3467,1418
3468,1418
3469,1418
3470,1418
3471,1418
3472,1418
3473,1418
3474,1418
3475,1418
3476,1456
3477,1456
3478,1456
3479,1456
3480,3240
3481,3240
3482,3240
3483,3817
3484,534
3485,534
3486,534
3487,508
3488,508
3489,508
3490,910
3491,910
3492,3135
3493,148
3494,148
3495,148
3496,148
3497,148
3498,337
3499,337
3500,1189
3501,2568
3502,2568
3503,2568
3504,2568
3505,2926
3506,2926
3507,2929
3508,149
3509,149
3510,149
3511,149
3512,586
3513,586
3514,1801
3515,1801
3516,1801
3517,3328
3518,3328
3519,150
3520,150
3521,759
3522,759
3523,759
3524,980
3525,980
3526,980
3527,980
3528,980
3529,980
3530,1706
3531,1706
3532,1706
3533,529
3534,573
3535,619
3536,1390
3537,1829
3538,1829
3539,3412
3540,3412
3541,3412
3542,3412
3543,1348
3544,1348
3545,1348
3546,1348
3547,1575
3548,2100
3549,2100
3550,2108
3551,2108
3552,2995
3553,2995
3554,3772
3555,153
3556,153
3557,2327
3558,2327
3559,2997
3560,533
3561,533
3562,652
3563,652
3564,2666
3565,2666
3566,2666
3567,2666
3568,2666
3569,2666
3570,2745
3571,2745
3572,2745
3573,2876
3574,3046
3575,3841
3576,3841
3577,155
3578,155
3579,584
3580,584
3581,584
3582,585
3583,2658
3584,2658
3585,1010
3586,1010
3587,1010
3588,420
3589,420
3590,420
3591,420
3592,420
3593,420
3594,420
3595,921
3596,921
3597,1029
3598,1029
3599,1029
3600,1029
3601,1816
3602,1816
3603,2843
3604,2843
3605,2843
3606,3005
3607,3005
3608,3005
3609,3207
3610,3207
3611,3207
3612,3207
3613,3207
3614,3537
3615,158
3616,158
3617,158
3618,308
3619,209
3620,3663
3621,1297
3622,1318
3623,1318
3624,1318
3625,3082
3626,3082
3627,3082
3628,3082
3629,3401
3630,856
3631,437
3632,437
3633,437
3634,853
3635,853
3636,853
3637,853
3638,853
3639,1550
3640,1550
3641,164
3642,164
3643,3591
3644,3591
3645,766
3646,931
3647,931
3648,931
3649,1281
3650,1281
3651,1365
3652,1365
3653,1365
3654,1365
3655,2985
3656,2985
3657,1871
3658,315
3659,315
3660,369
3661,369
3662,785
3663,849
3664,1138
3665,1932
3666,2021
3667,2150
3668,2150
3669,2457
3670,2457
3671,2583
3672,2583
3673,3042
3674,3042
3675,168
3676,169
3677,169
3678,169
3679,876
3680,876
3681,876
3682,1135
3683,2960
3684,2960
3685,2960
3686,170
3687,170
3688,170
3689,316
3690,1595
3691,1595
3692,3705
3693,171
3694,171
3695,2773
3696,2773
3697,223
3698,223
3699,223
3700,405
3701,405
3702,405
3703,405
3704,405
3705,3302
3706,174
3707,174
3708,657
3709,175
3710,175
3711,175
3712,1107
3713,1107
3714,1107
3715,1107
3716,2527
3717,176
3718,176
3719,1478
3720,1478
3721,1478
3722,1478
3723,1478
3724,3231
3725,3231
3726,339
3727,339
3728,339
3729,339
3730,435
3731,435
3732,435
3733,435
3734,733
3735,733
3736,733
3737,733
3738,733
3739,733
3740,733
3741,733
3742,1195
3743,2041
3744,2041
3745,2256
3746,2653
3747,2653
3748,2660
3749,2660
3750,2660
3751,2660
3752,2660
3753,2668
3754,3234
3755,3234
3756,3234
3757,3234
3758,3234
3759,3666
3760,3666
3761,178
3762,178
3763,178
3764,178
3765,178
3766,1123
3767,1123
3768,2322
3769,2322
3770,2322
3771,2322
3772,3739
3773,3739
3774,3739
3775,453
3776,453
3777,453
3778,453
3779,453
3780,1694
3781,1694
3782,1694
3783,1694
3784,1694
3785,2436
3786,2436
3787,3198
3788,3198
3789,789
3790,789
3791,3133
3792,181
3793,181
3794,181
3795,1645
3796,1645
3797,1645
3798,1680
3799,1680
3800,1680
3801,1680
3802,1680
3803,1680
3804,1680
3805,1680
3806,3517
3807,3517
3808,3517
3809,3517
3810,3517
3811,3517
3812,809
3813,809
3814,1260
3815,1260
3816,1260
3817,1260
3818,1260
3819,1621
3820,1621
3821,1621
3822,1621
3823,1621
3824,1621
3825,1621
3826,1970
3827,1970
3828,1970
3829,1970
3830,1970
3831,1970
3832,1970
3833,1970
3834,1970
3835,1970
3836,1970
3837,1970
3838,2285
3839,3121
3840,3121
3841,3121
3842,3327
3843,3350
3844,3917
3845,3917
3846,3917
3847,3917
3848,229
3849,686
3850,686
3851,686
3852,1548
3853,1548
3854,667
3855,667
3856,667
3857,667
3858,818
3859,593
3860,2302
3861,2302
3862,188
3863,188
3864,188
3865,2185
3866,2185
3867,2185
3868,2185
3869,2185
3870,190
3871,190
3872,190
3873,190
3874,271
3875,271
3876,271
3877,501
3878,501
3879,327
3880,535
3881,535
3882,682
3883,682
3884,682
3885,682
3886,2257
3887,2257
3888,2257
3889,2258
3890,2258
3891,2258
3892,2258
3893,472
3894,472
3895,644
3896,644
3897,644
3898,1437
3899,1541
3900,2403
3901,2662
3902,2767
3903,2767
3904,3942
3905,198
3906,198
3907,198
3908,2759
3909,412
3910,412
3911,412
3912,320
3913,320
3914,886
3915,886
3916,886
3917,886
3918,912
3919,912
3920,912
3921,912
3922,1211
3923,1211
3924,1383
3925,1383
3926,1383
3927,1383
3928,1495
3929,1495
3930,1495
3931,1495
3932,1751
3933,1751
3934,1751
3935,1751
3936,3217
3937,3217
3938,197
3939,858
3940,858
3941,1153
3942,1153
3943,1153
3944,1153
3945,1153
3946,2249
3947,413
3948,413
3949,413
3950,1683
3951,1683
3952,1683
3953,1683
3954,1683
3955,1683
3956,1683
3957,1683
3958,2154
3959,2154
3960,2154
3961,2154
3962,2154
3963,2154
3964,2154
3965,242
3966,242
3967,242
3968,1150
3969,1150
3970,1150
3971,1150
3972,1277
3973,1277
3974,1277
3975,1277
3976,1964
3977,2384
3978,2546
3979,2546
3980,3090
3981,3090
3982,3090
3983,3090
3984,3090
3985,3366
3986,3366
3987,3366
3988,202
3989,203
3990,203
3991,203
3992,429
3993,429
3994,1056
3995,1056
3996,1056
3997,1246
3998,1569
3999,1569
4000,1646
4001,1646
4002,1935
4003,2022
4004,2022
4005,2022
4006,2022
4007,2462
4008,2462
4009,3012
4010,3225
4011,3225
4012,3225
4013,3281
4014,3281
4015,3281
4016,204
4017,204
4018,204
4019,333
4020,333
4021,333
4022,1723
4023,1723
4024,1723
4025,1723
4026,1723
4027,1723
4028,1723
4029,1723
4030,1723
4031,1723
4032,1723
4033,1723
4034,206
4035,206
4036,2289
4037,2289
4038,2289
4039,2289
4040,3861
4041,3861
4042,3861
4043,3861
4044,3861
4045,3861
4046,207
4047,207
4048,207
4049,392
4050,392
4051,392
4052,392
4053,1929
4054,1929
4055,1929
4056,1929
4057,208
4058,332
4059,332
4060,332
4061,210
4062,210
4063,210
4064,210
4065,210
4066,210
4067,210
4068,210
4069,210
4070,2217
4071,2217
4072,2217
4073,2217
4074,2217
4075,2217
4076,2217
4077,2531
4078,2936
4079,3057
4080,3105
4081,3303
4082,3303
4083,3539
4084,211
4085,769
4086,769
4087,1193
4088,1193
4089,1193
4090,1193
4091,1193
4092,1193
4093,1193
4094,1193
4095,1193
4096,431
4097,431
4098,624
4099,624
4100,624
4101,904
4102,904
4103,904
4104,1397
4105,1397
4106,3860
4107,3860
4108,2076
4109,2076
4110,2295
4111,2295
4112,219
4113,219
4114,219
4115,1132
4116,1132
4117,220
4118,220
4119,220
4120,1401
4121,1401
4122,1401
4123,2342
4124,2342
4125,2342
4126,2342
4127,2342
4128,2342
4129,221
4130,2299
4131,2299
4132,2299
4133,222
4134,222
4135,222
4136,375
4137,375
4138,375
4139,375
4140,699
4141,699
4142,699
4143,894
4144,894
4145,894
4146,894
4147,894
4148,730
4149,730
4150,730
4151,730
4152,730
4153,895
4154,1844
4155,1844
4156,2046
4157,2105
4158,2105
4159,2204
4160,2204
4161,2204
4162,2204
4163,2204
4164,2204
4165,2204
4166,2204
4167,2486
4168,2486
4169,2584
4170,2584
4171,2584
4172,1364
4173,1364
4174,1364
4175,2989
4176,2989
4177,230
4178,230
4179,230
4180,464
4181,464
4182,464
4183,464
4184,464
4185,1631
4186,1631
4187,3484
4188,3484
4189,3484
4190,3484
4191,3484
4192,231
4193,231
4194,2924
4195,2950
4196,2950
4197,233
4198,233
4199,233
4200,233
4201,233
4202,689
4203,689
4204,2301
4205,234
4206,234
4207,234
4208,234
4209,234
4210,234
4211,1108
4212,1108
4213,1306
4214,1306
4215,1306
4216,1442
4217,1442
4218,2361
4219,3345
4220,3437
4221,3437
4222,3437
4223,3437
4224,3785
4225,3785
4226,3785
4227,3785
4228,235
4229,235
4230,404
4231,404
4232,2054
4233,2054
4234,237
4235,237
4236,237
4237,806
4238,239
4239,239
4240,968
4241,968
4242,968
4243,968
4244,968
4245,1782
4246,1782
4247,1988
4248,2376
4249,2376
4250,2376
4251,2376
4252,2570
4253,2570
4254,2570
4255,2570
4256,2730
4257,2730
4258,2730
4259,2730
4260,2730
4261,2891
4262,326
4263,486
4264,486
4265,2884
4266,1499
4267,2228
4268,2228
4269,243
4270,245
4271,246
4272,246
4273,246
4274,2519
4275,2589
4276,2589
4277,249
4278,249
4279,249
4280,2106
4281,2106
4282,2106
4283,250
4284,250
4285,500
4286,1206
4287,461
4288,461
4289,468
4290,683
4291,683
4292,683
4293,683
4294,2944
4295,2944
4296,3568
4297,3568
4298,3568
4299,3568
4300,3680
4301,253
4302,253
4303,2909
4304,2982
4305,2982
4306,2982
4307,2982
4308,254
4309,2984
4310,2984
4311,2984
4312,2984
4313,2984
4314,255
4315,1624
4316,1624
4317,1624
4318,1624
4319,1624
4320,1624
4321,1461
4322,1461
4323,1461
4324,257
4325,451
4326,451
4327,451
4328,451
4329,735
4330,735
4331,735
4332,3296
4333,259
4334,259
4335,259
4336,1760
4337,1760
4338,1760
4339,3172
4340,3503
4341,3314
4342,3314
4343,261
4344,3564
4345,264
4346,264
4347,264
4348,568
4349,568
4350,568
4351,568
4352,568
4353,568
4354,1119
4355,1612
4356,1612
4357,1612
4358,1612
4359,1612
4360,1612
4361,1612
4362,1612
4363,893
4364,3534
4365,3534
4366,3534
4367,3534
4368,3534
4369,3534
4370,3534
4371,3534
4372,3534
4373,3736
4374,3736
4375,3736
4376,266
4377,266
4378,266
4379,266
4380,266
4381,322
4382,322
4383,322
4384,322
4385,322
4386,322
4387,2474
4388,3507
4389,601
4390,601
4391,601
4392,955
4393,955
4394,1429
4395,1429
4396,1429
4397,1429
4398,1429
4399,1429
4400,1716
4401,2233
4402,3789
4403,3902
4404,3902
4405,907
4406,907
4407,270
4408,270
4409,270
4410,270
4411,270
4412,1503
4413,1503
4414,1503
4415,1503
4416,1503
4417,2766
4418,2766
4419,2766
4420,2766
4421,2766
4422,2766
4423,2766
4424,2766
4425,820
4426,820
4427,820
4428,820
4429,1689
4430,1689
4431,1689
4432,2250
4433,2250
4434,3413
4435,275
4436,275
4437,275
4438,3450
4439,3450
4440,3450
4441,3450
4442,3450
4443,276
4444,276
4445,276
4446,276
4447,276
4448,2069
4449,2069
4450,278
4451,278
4452,1614
4453,1614
4454,1614
4455,1614
4456,1614
4457,2964
4458,2964
4459,3173
4460,3173
4461,3173
4462,418
4463,418
4464,418
4465,418
4466,418
4467,418
4468,418
4469,1510
4470,1510
4471,1510
4472,1510
4473,1738
4474,1738
4475,1738
4476,1738
4477,1738
4478,1738
4479,1738
4480,1738
4481,1820
4482,1820
4483,1820
4484,1820
4485,1820
4486,1820
4487,1820
4488,1820
4489,1820
4490,1820
4491,1820
4492,2186
4493,2186
4494,3612
4495,3612
4496,3612
4497,3612
4498,3788
4499,3788
4500,280
4501,282
4502,282
4503,282
4504,282
4505,282
4506,282
4507,282
4508,282
4509,282
4510,282
4511,318
4512,318
4513,318
4514,318
4515,318
4516,318
4517,318
4518,318
4519,318
4520,528
4521,528
4522,1219
4523,1219
4524,1219
4525,1219
4526,1488
4527,1488
4528,1488
4529,1930
4530,1930
4531,2716
4532,2716
4533,2716
4534,2716
4535,2716
4536,2716
4537,2716
4538,2928
4539,2928
4540,283
4541,283
4542,283
4543,283
4544,283
4545,283
4546,283
4547,570
4548,570
4549,2117
4550,2117
4551,284
4552,284
4553,284
4554,1497
4555,3386
4556,3386
4557,656
4558,656
4559,656
4560,656
4561,1855
4562,2463
4563,2463
4564,2463
4565,2463
4566,2463
4567,2677
4568,286
4569,1560
4570,1560
4571,1560
4572,353
4573,353
4574,1314
4575,1314
4576,1314
4577,1314
4578,1314
4579,1314
4580,1314
4581,1314
4582,1314
4583,1314
4584,1314
4585,1314
4586,1708
4587,1708
4588,1708
4589,1708
4590,1708
4591,1708
4592,1708
4593,1708
4594,1875
4595,1875
4596,2119
4597,2119
4598,2119
4599,2119
4600,2875
4601,2875
4602,3533
4603,3533
4604,3533
4605,3533
4606,3533
4607,288
4608,288
4609,288
4610,309
4611,309
4612,309
4613,640
4614,640
4615,289
4616,289
4617,695
4618,695
4619,695
4620,1539
4621,756
4622,756
4623,1354
4624,1354
4625,1354
4626,1354
4627,1354
4628,1354
4629,1354
4630,3037
4631,3037
4632,3037
4633,293
4634,293
4635,293
4636,428
4637,428
4638,428
4639,428
4640,428
4641,428
4642,962
4643,962
4644,962
4645,2652
4646,294
4647,2107
4648,2107
4649,2107
4650,2334
4651,2334
4652,2334
4653,2382
4654,300
4655,297
4656,297
4657,297
4658,297
4659,297
4660,297
4661,297
4662,297
4663,609
4664,609
4665,1750
4666,1750
4667,1750
4668,1750
4669,2103
4670,2103
4671,2109
4672,2109
4673,2109
4674,2109
4675,2231
4676,2231
4677,2231
4678,2231
4679,2231
4680,2231
4681,2231
4682,2304
4683,2663
4684,2663
4685,2663
4686,3110
4687,3110
4688,3110
4689,3110
4690,3446
4691,3446
4692,3446
4693,3446
4694,3446
4695,3446
4696,3486
4697,3486
4698,3818
4699,3818
4700,3818
4701,3818
4702,298
4703,299
4704,301
4705,301
4706,1454
4707,1454
4708,3876
4709,3876
4710,658
4711,658
4712,658
4713,658
4714,658
4715,658
4716,658
4717,916
4718,916
4719,916
4720,916
4721,916
4722,1322
4723,1322
4724,1322
4725,1322
4726,1322
4727,1668
4728,1668
4729,1668
4730,2692
4731,2692
4732,2692
4733,2692
4734,2692
4735,3142
4736,3142
4737,3142
4738,3142
4739,3142
4740,3142
4741,3313
4742,3313
4743,336
4744,336
4745,2443
4746,2443
4747,2443
4748,304
4749,395
4750,395
4751,395
4752,723
4753,723
4754,723
4755,889
4756,889
4757,889
4758,889
4759,889
4760,1040
4761,1040
4762,1146
4763,1146
4764,1469
4765,1469
4766,1469
4767,1469
4768,1601
4769,1601
4770,1601
4771,1669
4772,1785
4773,1785
4774,1785
4775,1943
4776,2379
4777,2379
4778,2691
4779,2691
4780,3115
4781,3115
4782,3115
4783,3115
4784,3132
4785,3132
4786,3132
4787,3132
4788,3132
4789,3132
4790,3132
4791,3132
4792,3132
4793,3132
4794,3132
4795,3132
4796,3132
4797,3132
4798,3253
4799,3253
4800,3253
4801,3315
4802,3315
4803,3481
4804,3481
4805,3567
4806,3567
4807,2481
4808,1382
4809,3149
4810,3149
4811,310
4812,547
4813,547
4814,547
4815,547
4816,547
4817,2240
4818,1791
4819,577
4820,577
4821,577
4822,577
4823,577
4824,588
4825,778
4826,778
4827,778
4828,313
4829,313
4830,490
4831,490
4832,786
4833,786
4834,786
4835,314
4836,314
4837,1283
4838,1283
4839,1283
4840,1283
4841,1283
4842,2866
4843,2866
4844,1487
4845,3483
4846,357
4847,357
4848,617
4849,617
4850,630
4851,630
4852,630
4853,630
4854,799
4855,1425
4856,1425
4857,3002
4858,3002
4859,3002
4860,3498
4861,319
4862,321
4863,606
4864,1587
4865,1587
4866,1587
4867,1587
4868,1587
4869,323
4870,672
4871,672
4872,672
4873,672
4874,672
4875,648
4876,648
4877,1356
4878,2358
4879,2358
4880,2358
4881,2358
4882,2358
4883,638
4884,328
4885,328
4886,328
4887,402
4888,933
4889,933
4890,1292
4891,1292
4892,2339
4893,2444
4894,2444
4895,2444
4896,354
4897,1160
4898,1160
4899,1160
4900,1160
4901,383
4902,383
4903,335
4904,335
4905,348
4906,348
4907,990
4908,3645
4909,3645
4910,3645
4911,3645
4912,1231
4913,1369
4914,1449
4915,1666
4916,1666
4917,1666
4918,1666
4919,2972
4920,3271
4921,3271
4922,3271
4923,3271
4924,3792
4925,3792
4926,1661
4927,1661
4928,1661
4929,1661
4930,1661
4931,1661
4932,1661
4933,1661
4934,1661
4935,1661
4936,1661
4937,2190
4938,2190
4939,2190
4940,3252
4941,3252
4942,3252
4943,2394
4944,419
4945,344
4946,344
4947,352
4948,2134
4949,2134
4950,2839
4951,2839
4952,2839
4953,2839
4954,2839
4955,2839
4956,2839
4957,1084
4958,1084
4959,1879
4960,1879
4961,1955
4962,1955
4963,1955
4964,1955
4965,1955
4966,1955
4967,2430
4968,2430
4969,347
4970,347
4971,470
4972,1139
4973,1139
4974,1139
4975,1177
4976,3141
4977,544
4978,544
4979,755
4980,755
4981,755
4982,793
4983,793
4984,793
4985,866
4986,1064
4987,1064
4988,1545
4989,1545
4990,1545
4991,1719
4992,1719
4993,1733
4994,1733
4995,1733
4996,1733
4997,2897
4998,2897
4999,2897
5000,2897
5001,2897
5002,3408
5003,3408
5004,2806
5005,2806
5006,355
5007,356
5008,610
5009,610
5010,610
5011,610
5012,610
5013,1996
5014,2341
5015,2341
5016,2341
5017,2341
5018,2341
5019,2341
5020,2435
5021,518
5022,518
5023,518
5024,518
5025,2632
5026,2632
5027,2632
5028,2632
5029,3374
5030,3374
5031,359
5032,360
5033,360
5034,1176
5035,1176
5036,2865
5037,2865
5038,1358
5039,1358
5040,1358
5041,1526
5042,3148
5043,3148
5044,3148
5045,427
5046,427
5047,604
5048,604
5049,604
5050,604
5051,366
5052,366
5053,366
5054,653
5055,653
5056,653
5057,653
5058,653
5059,746
5060,746
5061,1244
5062,367
5063,368
5064,368
5065,498
5066,2344
5067,2344
5068,2344
5069,2344
5070,3027
5071,370
5072,1213
5073,1213
5074,1213
5075,1213
5076,1213
5077,1963
5078,1963
5079,1963
5080,371
5081,371
5082,371
5083,371
5084,671
5085,3112
5086,3800
5087,373
5088,373
5089,1794
5090,1794
5091,374
5092,374
5093,374
5094,783
5095,1142
5096,1142
5097,1183
5098,1183
5099,1183
5100,1183
5101,1431
5102,1431
5103,1787
5104,1787
5105,376
5106,376
5107,377
5108,377
5109,389
5110,389
5111,389
5112,1003
5113,3154
5114,3154
5115,378
5116,379
5117,379
5118,379
5119,1096
5120,1096
5121,1096
5122,1096
5123,1765
5124,480
5125,480
5126,480
5127,751
5128,751
5129,751
5130,751
5131,1278
5132,1278
5133,1278
5134,1278
5135,1278
5136,1883
5137,1883
5138,1883
5139,1883
5140,2549
5141,2549
5142,3814
5143,3814
5144,3814
5145,381
5146,381
5147,381
5148,2032
5149,540
5150,3226
5151,3226
5152,3226
5153,3226
5154,541
5155,2777
5156,388
5157,2123
5158,2123
5159,790
5160,790
5161,790
5162,790
5163,790
5164,790
5165,790
5166,790
5167,790
5168,944
5169,944
5170,390
5171,390
5172,390
5173,390
5174,511
5175,511
5176,511
5177,511
5178,2368
5179,2368
5180,2164
5181,2164
5182,3621
5183,3621
5184,430
5185,2841
5186,2841
5187,2841
5188,1821
5189,1821
5190,2449
5191,3151
5192,3151
5193,3151
5194,396
5195,1000
5196,1000
5197,1000
5198,611
5199,611
5200,611
5201,611
5202,611
5203,611
5204,611
5205,611
5206,611
5207,2631
5208,2631
5209,2631
5210,2631
5211,3009
5212,3009
5213,3009
5214,3009
5215,3009
5216,717
5217,717
5218,717
5219,1583
5220,1583
5221,1583
5222,1583
5223,1583
5224,1583
5225,1583
5226,2092
5227,2092
5228,3051
5229,3299
5230,3787
5231,3787
5232,3787
5233,3787
5234,400
5235,400
5236,400
5237,1985
5238,2927
5239,3280
5240,947
5241,1023
5242,1023
5243,1023
5244,407
5245,407
5246,407
5247,407
5248,407
5249,407
5250,1233
5251,1233
5252,1233
5253,1233
5254,1329
5255,1329
5256,2458
5257,3931
5258,3931
5259,3931
5260,3931
5261,3931
5262,3931
5263,3931
5264,3931
5265,3931
5266,3931
5267,3931
5268,408
5269,409
5270,409
5271,409
5272,1031
5273,1054
5274,1054
5275,1054
5276,1054
5277,1054
5278,1054
5279,1054
5280,1075
5281,1075
5282,1075
5283,1075
5284,1075
5285,410
5286,411
5287,1352
5288,1352
5289,1352
5290,1352
5291,1352
5292,1352
5293,414
5294,414
5295,414
5296,2788
5297,3426
5298,416
5299,416
5300,416
5301,2647
5302,1441
5303,704
5304,704
5305,823
5306,823
5307,823
5308,823
5309,823
5310,1728
5311,1728
5312,2543
5313,2543
5314,3175
5315,3175
5316,3175
5317,3175
5318,3175
5319,3175
5320,1208
5321,1208
5322,1504
5323,3711
5324,3711
5325,422
5326,423
5327,423
5328,550
5329,550
5330,707
5331,1722
5332,1722
5333,1722
5334,425
5335,425
5336,425
5337,425
5338,425
5339,425
5340,425
5341,450
5342,450
5343,450
5344,3069
5345,3069
5346,3111
5347,3206
5348,3206
5349,3206
5350,3431
5351,519
5352,2747
5353,3144
5354,3392
5355,3392
5356,1312
5357,1312
5358,1312
5359,1312
5360,1011
5361,1011
5362,2490
5363,758
5364,839
5365,839
5366,839
5367,839
5368,1055
5369,1060
5370,1078
5371,1078
5372,1078
5373,1078
5374,1331
5375,1331
5376,1331
5377,1331
5378,1343
5379,1768
5380,1909
5381,1909
5382,1909
5383,2044
5384,2051
5385,2061
5386,2061
5387,2177
5388,2180
5389,2275
5390,2275
5391,2438
5392,2455
5393,2455
5394,2697
5395,2697
5396,3010
5397,3010
5398,3089
5399,3100
5400,3100
5401,3114
5402,3114
5403,3170
5404,3170
5405,3170
5406,3298
5407,3454
5408,3672
5409,3954
5410,432
5411,1026
5412,2768
5413,3194
5414,3857
5415,433
5416,433
5417,433
5418,433
5419,434
5420,2085
5421,2085
5422,436
5423,436
5424,436
5425,1991
5426,2734
5427,439
5428,3244
5429,3244
5430,732
5431,732
5432,732
5433,732
5434,732
5435,959
5436,3332
5437,3332
5438,3332
5439,3332
5440,3332
5441,3332
5442,441
5443,441
5444,767
5445,767
5446,767
5447,767
5448,1627
5449,469
5450,477
5451,477
5452,477
5453,477
5454,477
5455,477
5456,477
5457,477
5458,477
5459,1748
5460,1748
5461,1748
5462,1939
5463,2254
5464,2337
5465,2337
5466,2337
5467,2383
5468,2383
5469,2383
5470,2383
5471,2383
5472,2383
5473,2383
5474,2669
5475,2669
5476,2867
5477,2867
5478,2867
5479,3754
5480,3754
5481,3754
5482,3754
5483,1115
5484,1115
5485,1115
5486,483
5487,445
5488,445
5489,445
5490,651
5491,651
5492,651
5493,651
5494,3339
5495,3339
5496,3583
5497,3583
5498,446
5499,446
5500,446
5501,446
5502,523
5503,523
5504,2255
5505,2255
5506,3190
5507,447
5508,447
5509,447
5510,447
5511,560
5512,560
5513,560
5514,560
5515,560
5516,2082
5517,2701
5518,2701
5519,2701
5520,3634
5521,495
5522,495
5523,521
5524,631
5525,631
5526,631
5527,631
5528,631
5529,726
5530,816
5531,816
5532,816
5533,816
5534,1294
5535,1294
5536,3422
5537,3422
5538,3422
5539,3422
5540,3422
5541,3422
5542,3422
5543,449
5544,449
5545,449
5546,449
5547,971
5548,971
5549,971
5550,1131
5551,1131
5552,1131
5553,1226
5554,1226
5555,1226
5556,1226
5557,1226
5558,1335
5559,1335
5560,1335
5561,2826
5562,2826
5563,2826
5564,1366
5565,819
5566,819
5567,819
5568,2172
5569,2172
5570,2112
5571,2112
5572,2226
5573,1660
5574,1660
5575,2400
5576,2400
5577,2400
5578,2400
5579,457
5580,457
5581,1122
5582,1122
5583,1122
5584,1122
5585,1122
5586,1122
5587,2656
5588,2656
5589,458
5590,3078
5591,3679
5592,459
5593,459
5594,459
5595,1394
5596,1394
5597,460
5598,460
5599,2515
5600,2840
5601,2840
5602,2840
5603,2840
5604,2840
5605,462
5606,903
5607,903
5608,903
5609,903
5610,463
5611,2629
5612,2629
5613,2629
5614,1385
5615,1385
5616,1870
5617,1870
5618,1870
5619,1870
5620,2321
5621,3732
5622,3732
5623,3732
5624,467
5625,1630
5626,1630
5627,1630
5628,1017
5629,1017
5630,1017
5631,1017
5632,1017
5633,1017
5634,1017
5635,1017
5636,2130
5637,473
5638,473
5639,801
5640,801
5641,1117
5642,474
5643,474
5644,475
5645,476
5646,476
5647,476
5648,476
5649,497
5650,662
5651,662
5652,662
5653,1288
5654,3774
5655,1362
5656,1362
5657,1362
5658,1362
5659,1362
5660,1381
5661,1732
5662,1845
5663,1845
5664,1845
5665,1845
5666,2993
5667,813
5668,1962
5669,1962
5670,642
5671,642
5672,851
5673,851
5674,864
5675,864
5676,1273
5677,1273
5678,2111
5679,2111
5680,2111
5681,2111
5682,2300
5683,2300
5684,2300
5685,3347
5686,3347
5687,3347
5688,3347
5689,3347
5690,481
5691,481
5692,481
5693,1180
5694,3892
5695,482
5696,1201
5697,2042
5698,2042
5699,3825
5700,3825
5701,3825
5702,3825
5703,485
5704,1803
5705,1803
5706,1803
5707,2917
5708,2917
5709,487
5710,1778
5711,1778
5712,2825
5713,2825
5714,2825
5715,2825
5716,489
5717,2237
5718,2237
5719,2237
5720,2237
5721,2428
5722,491
5723,1325
5724,1325
5725,2521
5726,2521
5727,2521
5728,2676
5729,2676
5730,2676
5731,2916
5732,2916
5733,2991
5734,2991
5735,3267
5736,749
5737,749
5738,2541
5739,2496
5740,2496
5741,2496
5742,1428
5743,1428
5744,1215
5745,2170
5746,2882
5747,2961
5748,2961
5749,2961
5750,3590
5751,3590
5752,3590
5753,3650
5754,503
5755,504
5756,506
5757,506
5758,1038
5759,1038
5760,1038
5761,1038
5762,3622
5763,3622
5764,3622
5765,3622
5766,3622
5767,1202
5768,1202
5769,3384
5770,3384
5771,3384
5772,3384
5773,3384
5774,510
5775,510
5776,510
5777,510
5778,3501
5779,3501
5780,3501
5781,3501
5782,512
5783,512
5784,512
5785,512
5786,512
5787,943
5788,1304
5789,1304
5790,1956
5791,1956
5792,1956
5793,1956
5794,1956
5795,513
5796,514
5797,514
5798,514
5799,1005
5800,1005
5801,3626
5802,3626
5803,3626
5804,515
5805,1774
5806,1774
5807,1774
5808,1774
5809,2703
5810,517
5811,517
5812,3469
5813,1155
5814,3106
5815,3106
5816,3106
5817,522
5818,522
5819,522
5820,522
5821,1556
5822,1556
5823,1567
5824,1567
5825,1647
5826,3940
5827,3940
5828,3940
5829,3940
5830,2731
5831,2731
5832,2731
5833,2731
5834,2731
5835,2731
5836,524
5837,524
5838,524
5839,891
5840,891
5841,1214
5842,1214
5843,1214
5844,1214
5845,1234
5846,1502
5847,1502
5848,1502
5849,2485
5850,2817
5851,2817
5852,3049
5853,3049
5854,3049
5855,3049
5856,3049
5857,3049
5858,3924
5859,3924
5860,1586
5861,1586
5862,1586
5863,1586
5864,1586
5865,1866
5866,1866
5867,1866
5868,1866
5869,526
5870,526
5871,526
5872,2293
5873,2293
5874,2293
5875,2296
5876,527
5877,559
5878,559
5879,2200
5880,770
5881,770
5882,770
5883,770
5884,532
5885,1225
5886,1641
5887,1641
5888,1641
5889,1712
5890,1712
5891,1712
5892,536
5893,949
5894,949
5895,537
5896,537
5897,2412
5898,924
5899,924
5900,924
5901,924
5902,2859
5903,1178
5904,543
5905,543
5906,543
5907,543
5908,1477
5909,1477
5910,1527
5911,1527
5912,1734
5913,1734
5914,643
5915,643
5916,837
5917,2352
5918,2352
5919,2352
5920,2352
5921,2352
5922,2352
5923,3155
5924,3155
5925,1326
5926,3745
5927,3745
5928,3745
5929,548
5930,1254
5931,1254
5932,1254
5933,1254
5934,1254
5935,1254
5936,1254
5937,731
5938,1228
5939,1228
5940,1678
5941,1678
5942,1678
5943,2544
5944,2981
5945,553
5946,553
5947,554
5948,555
5949,555
5950,555
5951,596
5952,896
5953,896
5954,896
5955,896
5956,556
5957,557
5958,557
5959,981
5960,1475
5961,1475
5962,1663
5963,1663
5964,1697
5965,1697
5966,1731
5967,1731
5968,1731
5969,2034
5970,2242
5971,2309
5972,2309
5973,2309
5974,2309
5975,2309
5976,2687
5977,2687
5978,3425
5979,1001
5980,3933
5981,3933
5982,3933
5983,1274
5984,1274
5985,1810
5986,1810
5987,1810
5988,562
5989,562
5990,562
5991,562
5992,562
5993,562
5994,562
5995,1703
5996,2465
5997,2829
5998,2829
5999,2829
6000,2842
6001,3806
6002,563
6003,901
6004,901
6005,901
6006,1157
6007,1157
6008,1157
6009,1247
6010,1247
6011,1247
6012,1247
6013,1247
6014,2396
6015,2401
6016,2401
6017,2401
6018,2401
6019,2401
6020,2401
6021,2401
6022,2401
6023,2401
6024,2401
6025,2401
6026,2401
6027,2401
6028,2401
6029,2401
6030,2401
6031,2401
6032,2401
6033,3247
6034,3247
6035,3247
6036,3247
6037,3247
6038,3247
6039,3247
6040,3247
6041,3247
6042,3247
6043,3738
6044,3738
6045,565
6046,566
6047,566
6048,681
6049,681
6050,681
6051,681
6052,2316
6053,1453
6054,1323
6055,1323
6056,1323
6057,1323
6058,1323
6059,1433
6060,1434
6061,2207
6062,2207
6063,2207
6064,2207
6065,2906
6066,3387
6067,3387
6068,3439
6069,3439
6070,569
6071,569
6072,569
6073,569
6074,569
6075,1465
6076,1465
6077,2282
6078,2282
6079,2282
6080,2764
6081,1474
6082,1474
6083,2607
6084,572
6085,961
6086,961
6087,574
6088,1087
6089,1087
6090,1087
6091,575
6092,1607
6093,1607
6094,1685
6095,1685
6096,1685
6097,1685
6098,1685
6099,1685
6100,1685
6101,1685
6102,1685
6103,2914
6104,2914
6105,2914
6106,2914
6107,2914
6108,2914
6109,2914
6110,1216
6111,1216
6112,1216
6113,1216
6114,1216
6115,1216
6116,1216
6117,1216
6118,2892
6119,2892
6120,2892
6121,3036
6122,3036
6123,3258
6124,578
6125,578
6126,2136
6127,2136
6128,1951
6129,1951
6130,1951
6131,1951
6132,2002
6133,580
6134,580
6135,580
6136,580
6137,580
6138,580
6139,1012
6140,1012
6141,1012
6142,1626
6143,1626
6144,1783
6145,1952
6146,581
6147,581
6148,581
6149,581
6150,1082
6151,1082
6152,1082
6153,1082
6154,3686
6155,3686
6156,3686
6157,3686
6158,594
6159,594
6160,594
6161,583
6162,1743
6163,1743
6164,1743
6165,1743
6166,3071
6167,3071
6168,2518
6169,2518
6170,589
6171,589
6172,2776
6173,2776
6174,2776
6175,2776
6176,2649
6177,2649
6178,591
6179,591
6180,591
6181,591
6182,591
6183,591
6184,1427
6185,1427
6186,1427
6187,1427
6188,1427
6189,1578
6190,1578
6191,1578
6192,1578
6193,1578
6194,1578
6195,1864
6196,1864
6197,1864
6198,1864
6199,2027
6200,2027
6201,2027
6202,2027
6203,2027
6204,2179
6205,2179
6206,2179
6207,3021
6208,3381
6209,3381
6210,3908
6211,3929
6212,3929
6213,592
6214,592
6215,632
6216,632
6217,2708
6218,1629
6219,2790
6220,597
6221,597
6222,867
6223,867
6224,3209
6225,3209
6226,3209
6227,598
6228,598
6229,598
6230,598
6231,598
6232,598
6233,598
6234,1337
6235,1337
6236,1337
6237,1337
6238,1859
6239,1859
6240,1859
6241,1859
6242,2326
6243,2326
6244,2326
6245,2326
6246,2326
6247,2326
6248,2437
6249,2437
6250,2604
6251,2604
6252,2604
6253,2604
6254,2604
6255,2604
6256,2604
6257,3849
6258,3849
6259,3849
6260,3849
6261,3849
6262,599
6263,599
6264,958
6265,3694
6266,3694
6267,3694
6268,2278
6269,2278
6270,2278
6271,2958
6272,2958
6273,2958
6274,2958
6275,605
6276,607
6277,608
6278,608
6279,608
6280,608
6281,608
6282,986
6283,986
6284,1553
6285,3815
6286,1872
6287,1872
6288,1004
6289,1004
6290,1204
6291,1204
6292,1204
6293,1204
6294,1360
6295,1360
6296,1360
6297,3171
6298,1552
6299,1552
6300,3081
6301,3081
6302,3081
6303,3428
6304,3428
6305,612
6306,3257
6307,3257
6308,3257
6309,3257
6310,3257
6311,613
6312,613
6313,613
6314,613
6315,613
6316,613
6317,887
6318,887
6319,887
6320,887
6321,1255
6322,1255
6323,1255
6324,1255
6325,1255
6326,1255
6327,1473
6328,1473
6329,1648
6330,1648
6331,1648
6332,1944
6333,1944
6334,1944
6335,3130
6336,3130
6337,3130
6338,3130
6339,614
6340,614
6341,1835
6342,2472
6343,616
6344,616
6345,616
6346,791
6347,1099
6348,1674
6349,618
6350,3122
6351,3122
6352,620
6353,620
6354,996
6355,1491
6356,621
6357,621
6358,621
6359,621
6360,621
6361,621
6362,621
6363,621
6364,1282
6365,1282
6366,1754
6367,1754
6368,1754
6369,1754
6370,1789
6371,1994
6372,1994
6373,3395
6374,3395
6375,3635
6376,3329
6377,623
6378,3355
6379,3447
6380,627
6381,628
6382,2856
6383,2856
6384,2856
6385,629
6386,629
6387,629
6388,1344
6389,1344
6390,1344
6391,2203
6392,2203
6393,3850
6394,1900
6395,3297
6396,1756
6397,2447
6398,2447
6399,2447
6400,2447
6401,2447
6402,2447
6403,3043
6404,3043
6405,633
6406,633
6407,633
6408,2205
6409,2205
6410,2714
6411,2714
6412,1249
6413,1249
6414,1249
6415,2837
6416,3357
6417,3357
6418,635
6419,3168
6420,3168
6421,3168
6422,3168
6423,3168
6424,3168
6425,1008
6426,1008
6427,1008
6428,1008
6429,1172
6430,1172
6431,2468
6432,2468
6433,2468
6434,3013
6435,3013
6436,3013
6437,3013
6438,637
6439,637
6440,637
6441,952
6442,952
6443,952
6444,639
6445,639
6446,1376
6447,678
6448,826
6449,932
6450,932
6451,932
6452,2223
6453,2223
6454,2223
6455,646
6456,875
6457,875
6458,875
6459,875
6460,875
6461,875
6462,875
6463,875
6464,875
6465,2077
6466,2077
6467,2077
6468,2077
6469,2077
6470,1336
6471,1336
6472,1336
6473,1336
6474,1336
6475,1937
6476,3361
6477,3361
6478,650
6479,2580
6480,2580
6481,2580
6482,2580
6483,2580
6484,2580
6485,2580
6486,1451
6487,2052
6488,2052
6489,2979
6490,1483
6491,655
6492,655
6493,655
6494,2440
6495,3270
6496,3270
6497,859
6498,1525
6499,659
6500,660
6501,660
6502,660
6503,660
6504,660
6505,660
6506,1227
6507,1227
6508,1557
6509,1557
6510,1557
6511,1557
6512,1557
6513,1989
6514,1989
6515,1989
6516,1989
6517,1989
6518,1989
6519,1989
6520,1599
6521,1599
6522,2908
6523,3022
6524,3022
6525,3022
6526,3022
6527,3022
6528,665
6529,665
6530,666
6531,666
6532,666
6533,1320
6534,2818
6535,2818
6536,2818
6537,3643
6538,2502
6539,2727
6540,2791
6541,2791
6542,3835
6543,670
6544,670
6545,1097
6546,1097
6547,1317
6548,1317
6549,3555
6550,927
6551,927
6552,3310
6553,1811
6554,2127
6555,2127
6556,2357
6557,675
6558,676
6559,677
6560,677
6561,677
6562,884
6563,884
6564,884
6565,3073
6566,1729
6567,1890
6568,1890
6569,1890
6570,1890
6571,2024
6572,680
6573,1032
6574,1032
6575,780
6576,780
6577,780
6578,2066
6579,2978
6580,2978
6581,1034
6582,1505
6583,1657
6584,2114
6585,2114
6586,2114
6587,3275
6588,3275
6589,3275
6590,684
6591,3125
6592,3125
6593,3125
6594,1865
6595,2552
6596,2552
6597,2896
6598,2896
6599,2896
6600,975
6601,1285
6602,1285
6603,1285
6604,1357
6605,1357
6606,3183
6607,3183
6608,3884
6609,690
6610,692
6611,693
6612,694
6613,2328
6614,696
6615,696
6616,2355
6617,2355
6618,2355
6619,1650
6620,1650
6621,1650
6622,3162
6623,3162
6624,3162
6625,3682
6626,698
6627,2613
6628,2613
6629,2613
6630,1414
6631,1414
6632,1833
6633,1847
6634,1847
6635,1847
6636,2901
6637,2901
6638,2901
6639,2901
6640,3819
6641,1773
6642,1773
6643,1773
6644,2581
6645,702
6646,702
6647,702
6648,702
6649,834
6650,3137
6651,703
6652,705
6653,705
6654,705
6655,2141
6656,2141
6657,2456
6658,706
6659,706
6660,706
6661,1565
6662,1565
6663,708
6664,720
6665,720
6666,710
6667,710
6668,2636
6669,2636
6670,3865
6671,1876
6672,1876
6673,1876
6674,2099
6675,2099
6676,2277
6677,712
6678,712
6679,712
6680,1310
6681,1310
6682,1438
6683,1438
6684,713
6685,1311
6686,1311
6687,1311
6688,1311
6689,1311
6690,1311
6691,2434
6692,2434
6693,2434
6694,2294
6695,3035
6696,3035
6697,3291
6698,3291
6699,3134
6700,3134
6701,3134
6702,3134
6703,3134
6704,719
6705,719
6706,954
6707,721
6708,721
6709,2391
6710,2391
6711,2391
6712,1799
6713,1799
6714,2807
6715,2807
6716,2807
6717,2807
6718,2807
6719,2807
6720,2807
6721,1945
6722,3205
6723,1430
6724,1430
6725,2955
6726,728
6727,728
6728,1616
6729,1616
6730,729
6731,3236
6732,3236
6733,3236
6734,2442
6735,1048
6736,1530
6737,1530
6738,1530
6739,1530
6740,3946
6741,3946
6742,2084
6743,3349
6744,3086
6745,3086
6746,736
6747,1021
6748,1021
6749,737
6750,737
6751,737
6752,2369
6753,740
6754,740
6755,740
6756,3777
6757,2525
6758,779
6759,779
6760,779
6761,909
6762,909
6763,1196
6764,1275
6765,1275
6766,1275
6767,2324
6768,2324
6769,2324
6770,2720
6771,2787
6772,2903
6773,2903
6774,2903
6775,2903
6776,2959
6777,2959
6778,2959
6779,743
6780,743
6781,1280
6782,1280
6783,1280
6784,1280
6785,3095
6786,3619
6787,865
6788,1501
6789,1501
6790,1536
6791,1536
6792,1536
6793,1815
6794,1815
6795,1849
6796,1849
6797,1849
6798,2047
6799,2047
6800,2216
6801,2216
6802,2554
6803,2554
6804,2554
6805,2733
6806,2733
6807,2733
6808,2733
6809,2857
6810,2980
6811,1088
6812,1088
6813,1088
6814,2493
6815,752
6816,1608
6817,1608
6818,753
6819,754
6820,754
6821,754
6822,857
6823,2470
6824,1476
6825,1476
6826,1432
6827,1432
6828,1432
6829,1432
6830,3228
6831,3228
6832,3397
6833,3397
6834,3397
6835,1424
6836,2421
6837,3214
6838,3214
6839,3863
6840,2667
6841,2667
6842,3476
6843,3476
6844,760
6845,760
6846,2540
6847,2646
6848,2646
6849,2646
6850,2646
6851,2646
6852,2646
6853,977
6854,977
6855,977
6856,977
6857,977
6858,977
6859,1050
6860,1050
6861,1050
6862,1101
6863,1156
6864,1156
6865,1156
6866,1156
6867,2043
6868,2043
6869,2043
6870,2461
6871,2461
6872,3354
6873,3354
6874,2048
6875,2048
6876,2598
6877,2598
6878,2598
6879,2598
6880,1558
6881,3765
6882,3575
6883,768
6884,768
6885,1007
6886,1007
6887,1007
6888,1007
6889,2586
6890,2586
6891,3613
6892,3613
6893,3613
6894,1457
6895,3436
6896,3436
6897,3436
6898,3436
6899,3436
6900,773
6901,774
6902,1065
6903,1065
6904,2071
6905,2071
6906,1289
6907,3118
6908,3804
6909,3804
6910,2096
6911,1977
6912,939
6913,1291
6914,1291
6915,1576
6916,1576
6917,1576
6918,1976
6919,1976
6920,1976
6921,1976
6922,2573
6923,3427
6924,3427
6925,3519
6926,3571
6927,3708
6928,787
6929,788
6930,1148
6931,1148
6932,1148
6933,1148
6934,1711
6935,1936
6936,1936
6937,794
6938,812
6939,812
6940,812
6941,797
6942,800
6943,802
6944,802
6945,802
6946,802
6947,802
6948,1248
6949,1805
6950,1805
6951,1805
6952,1805
6953,1805
6954,1805
6955,1805
6956,1949
6957,2015
6958,3341
6959,2505
6960,3070
6961,3127
6962,3127
6963,1792
6964,1792
6965,2389
6966,2389
6967,3671
6968,3671
6969,3072
6970,3072
6971,808
6972,808
6973,808
6974,808
6975,950
6976,950
6977,2260
6978,1355
6979,1355
6980,1355
6981,2175
6982,2175
6983,2175
6984,2996
6985,815
6986,815
6987,3102
6988,2008
6989,3159
6990,3159
6991,3159
6992,937
6993,822
6994,1767
6995,1767
6996,1767
6997,3093
6998,824
6999,863
7000,1522
7001,1522
7002,1522
7003,1522
7004,1741
7005,1907
7006,2642
7007,2938
7008,2938
7009,3628
7010,3628
7011,3628
7012,3628
7013,830
7014,830
7015,1807
7016,832
7017,832
7018,832
7019,1838
7020,2023
7021,2055
7022,2055
7023,833
7024,833
7025,833
7026,1059
7027,1059
7028,1059
7029,1059
7030,1408
7031,1408
7032,2423
7033,835
7034,1018
7035,1018
7036,1018
7037,1392
7038,1392
7039,1392
7040,2193
7041,838
7042,1239
7043,1239
7044,935
7045,935
7046,935
7047,2248
7048,3391
7049,840
7050,2246
7051,2246
7052,2246
7053,2246
7054,841
7055,841
7056,3538
7057,842
7058,842
7059,1162
7060,2769
7061,2769
7062,844
7063,844
7064,2848
7065,2848
7066,2848
7067,2848
7068,2848
7069,2848
7070,2848
7071,2848
7072,846
7073,848
7074,2748
7075,2748
7076,850
7077,850
7078,850
7079,1643
7080,1679
7081,2003
7082,2003
7083,2209
7084,2209
7085,2209
7086,2209
7087,3661
7088,3661
7089,3661
7090,979
7091,852
7092,852
7093,852
7094,852
7095,1580
7096,1580
7097,1580
7098,1580
7099,1580
7100,1580
7101,1052
7102,1440
7103,1440
7104,1440
7105,1440
7106,1440
7107,3778
7108,854
7109,1092
7110,1092
7111,3529
7112,860
7113,860
7114,860
7115,1091
7116,1091
7117,1091
7118,1867
7119,1867
7120,1867
7121,1867
7122,1867
7123,2220
7124,2220
7125,905
7126,905
7127,905
7128,1413
7129,1413
7130,1413
7131,1413
7132,862
7133,3389
7134,3389
7135,2120
7136,2820
7137,2820
7138,3063
7139,3063
7140,3063
7141,871
7142,1265
7143,2113
7144,2113
7145,3459
7146,3459
7147,3459
7148,3459
7149,3459
7150,873
7151,874
7152,1071
7153,1071
7154,3356
7155,3356
7156,3356
7157,3356
7158,2314
7159,2314
7160,2686
7161,2686
7162,3293
7163,3293
7164,3293
7165,3293
7166,3293
7167,3293
7168,3471
7169,3471
7170,3471
7171,3471
7172,3471
7173,3471
7174,3246
7175,877
7176,1462
7177,1462
7178,879
7179,1391
7180,1391
7181,1391
7182,1391
7183,1391
7184,1391
7185,3600
7186,881
7187,1338
7188,2661
7189,2661
7190,2661
7191,2661
7192,3227
7193,3227
7194,3227
7195,3227
7196,3307
7197,883
7198,2230
7199,2230
7200,2230
7201,2230
7202,2230
7203,2524
7204,2524
7205,885
7206,1192
7207,1192
7208,1946
7209,2138
7210,2138
7211,2138
7212,2755
7213,2755
7214,2755
7215,2755
7216,1070
7217,1197
7218,1197
7219,1197
7220,2095
7221,2095
7222,2095
7223,3742
7224,2495
7225,3054
7226,890
7227,890
7228,1610
7229,3649
7230,3649
7231,1422
7232,1422
7233,1422
7234,1422
7235,1422
7236,1795
7237,1818
7238,2251
7239,2251
7240,2317
7241,2815
7242,2815
7243,3441
7244,3565
7245,3842
7246,1906
7247,1906
7248,1906
7249,1906
7250,1906
7251,2079
7252,2555
7253,2555
7254,2555
7255,2555
7256,2761
7257,2816
7258,897
7259,898
7260,898
7261,1080
7262,1617
7263,899
7264,899
7265,899
7266,899
7267,899
7268,1152
7269,1152
7270,1152
7271,1221
7272,1224
7273,1224
7274,2279
7275,2395
7276,2395
7277,2395
7278,2600
7279,2600
7280,2600
7281,900
7282,1969
7283,2476
7284,1753
7285,1753
7286,1268
7287,3456
7288,3456
7289,906
7290,906
7291,1899
7292,1899
7293,1899
7294,2939
7295,908
7296,3353
7297,3353
7298,911
7299,2031
7300,2031
7301,914
7302,914
7303,2722
7304,2722
7305,2869
7306,3372
7307,917
7308,917
7309,917
7310,1269
7311,1498
7312,3749
7313,3749
7314,918
7315,918
7316,3092
7317,1049
7318,1313
7319,1313
7320,1313
7321,1313
7322,1036
7323,1891
7324,1891
7325,2097
7326,2097
7327,2715
7328,2715
7329,3588
7330,3588
7331,923
7332,1880
7333,925
7334,925
7335,1047
7336,1047
7337,926
7338,928
7339,2132
7340,2132
7341,2132
7342,2630
7343,2630
7344,2630
7345,3855
7346,2165
7347,2402
7348,1020
7349,1020
7350,1020
7351,1020
7352,934
7353,3284
7354,1235
7355,1235
7356,3690
7357,938
7358,938
7359,938
7360,3702
7361,1035
7362,3676
7363,3676
7364,3676
7365,945
7366,945
7367,945
7368,1284
7369,1594
7370,2239
7371,2239
7372,2532
7373,2822
7374,2822
7375,946
7376,948
7377,948
7378,948
7379,948
7380,948
7381,948
7382,1687
7383,1687
7384,2514
7385,2617
7386,2617
7387,2617
7388,2617
7389,2617
7390,2617
7391,3378
7392,3378
7393,2696
7394,951
7395,951
7396,951
7397,1279
7398,1777
7399,1777
7400,2037
7401,2308
7402,2308
7403,2308
7404,2308
7405,3872
7406,953
7407,3164
7408,3164
7409,956
7410,957
7411,957
7412,960
7413,1604
7414,1604
7415,1604
7416,1604
7417,1604
7418,3828
7419,3828
7420,3828
7421,3828
7422,1651
7423,1651
7424,2265
7425,2700
7426,2700
7427,3909
7428,2039
7429,964
7430,964
7431,3911
7432,965
7433,965
7434,965
7435,3158
7436,3948
7437,967
7438,2797
7439,2797
7440,2088
7441,2088
7442,970
7443,2243
7444,973
7445,974
7446,974
7447,974
7448,1718
7449,2118
7450,2118
7451,1237
7452,1237
7453,1822
7454,1822
7455,1822
7456,1846
7457,1846
7458,3810
7459,3288
7460,3461
7461,3714
7462,3714
7463,982
7464,982
7465,1997
7466,1997
7467,2064
7468,2064
7469,983
7470,985
7471,3285
7472,3285
7473,987
7474,987
7475,987
7476,1482
7477,1482
7478,1482
7479,2104
7480,2104
7481,989
7482,1638
7483,1638
7484,1948
7485,2757
7486,3516
7487,993
7488,1068
7489,1068
7490,1790
7491,1790
7492,1790
7493,1790
7494,1790
7495,2236
7496,2236
7497,3097
7498,3097
7499,995
7500,995
7501,1633
7502,1633
7503,1633
7504,2192
7505,2192
7506,2192
7507,2192
7508,2192
7509,998
7510,1463
7511,2738
7512,2738
7513,2738
7514,2738
7515,3473
7516,3473
7517,1002
7518,1076
7519,1006
7520,3032
7521,3032
7522,3032
7523,3032
7524,3032
7525,3032
7526,3032
7527,2951
7528,2951
7529,2951
7530,2709
7531,1013
7532,1013
7533,1013
7534,1013
7535,1921
7536,1921
7537,1921
7538,1014
7539,1014
7540,1014
7541,1014
7542,2330
7543,3160
7544,1015
7545,1016
7546,1046
7547,1253
7548,1704
7549,1704
7550,1704
7551,2169
7552,2245
7553,2245
7554,2245
7555,3229
7556,3229
7557,3229
7558,3462
7559,3462
7560,3540
7561,3540
7562,3623
7563,3623
7564,3843
7565,1019
7566,1019
7567,3793
7568,3793
7569,1524
7570,1524
7571,1524
7572,2276
7573,2824
7574,3618
7575,1025
7576,2014
7577,1028
7578,1028
7579,1028
7580,1028
7581,1542
7582,1542
7583,3566
7584,3566
7585,3566
7586,3566
7587,3566
7588,3740
7589,3740
7590,3740
7591,3801
7592,1030
7593,1030
7594,1030
7595,1030
7596,1089
7597,1089
7598,1999
7599,1999
7600,3000
7601,3000
7602,2888
7603,2888
7604,1033
7605,1600
7606,1600
7607,1039
7608,3237
7609,1041
7610,1041
7611,1041
7612,1837
7613,1837
7614,1837
7615,1837
7616,1837
7617,1837
7618,1837
7619,2214
7620,2214
7621,2827
7622,2827
7623,2827
7624,2827
7625,2827
7626,3737
7627,1714
7628,1714
7629,1043
7630,1270
7631,1303
7632,2017
7633,2399
7634,2478
7635,2478
7636,2579
7637,2579
7638,2579
7639,2793
7640,2793
7641,2793
7642,2793
7643,3452
7644,3323
7645,3323
7646,3323
7647,1368
7648,1368
7649,1368
7650,1368
7651,3812
7652,3812
7653,3812
7654,1446
7655,1446
7656,1862
7657,1862
7658,1862
7659,3153
7660,1305
7661,1305
7662,1305
7663,1305
7664,1305
7665,1622
7666,1622
7667,2615
7668,2863
7669,2863
7670,3126
7671,3928
7672,1057
7673,1057
7674,1057
7675,2834
7676,1058
7677,1591
7678,2116
7679,2116
7680,2116
7681,2338
7682,2338
7683,2338
7684,2338
7685,2637
7686,3055
7687,3443
7688,3443
7689,3443
7690,3443
7691,3443
7692,3443
7693,1061
7694,2142
7695,2142
7696,3174
7697,1095
7698,1992
7699,1992
7700,1992
7701,1067
7702,2351
7703,3791
7704,3791
7705,1069
7706,2350
7707,2931
7708,2931
7709,2931
7710,1073
7711,1074
7712,1074
7713,1074
7714,1074
7715,1074
7716,2280
7717,2643
7718,3161
7719,3161
7720,3464
7721,3651
7722,3901
7723,3921
7724,2227
7725,2681
7726,2681
7727,2681
7728,2681
7729,2681
7730,1077
7731,1077
7732,1077
7733,1250
7734,1250
7735,3527
7736,3527
7737,1396
7738,1396
7739,1410
7740,1975
7741,2211
7742,1079
7743,1081
7744,1081
7745,1081
7746,2550
7747,2550
7748,3026
7749,3761
7750,3761
7751,1083
7752,3466
7753,1532
7754,1532
7755,1532
7756,3180
7757,1086
7758,1086
7759,3029
7760,3029
7761,1126
7762,1128
7763,1210
7764,1903
7765,1903
7766,1966
7767,1966
7768,3279
7769,3587
7770,3587
7771,3587
7772,3587
7773,3587
7774,1090
7775,1090
7776,1090
7777,3136
7778,3136
7779,1655
7780,1655
7781,2558
7782,1726
7783,1726
7784,1098
7785,1098
7786,1302
7787,1100
7788,1100
7789,1534
7790,1534
7791,1534
7792,3033
7793,3033
7794,3033
7795,3033
7796,1102
7797,1102
7798,1102
7799,1259
7800,1259
7801,1259
7802,1420
7803,1420
7804,1420
7805,3866
7806,3866
7807,1103
7808,1104
7809,1104
7810,1105
7811,3762
7812,3762
7813,1106
7814,1566
7815,1566
7816,1566
7817,2614
7818,3509
7819,1110
7820,2852
7821,2852
7822,1112
7823,1113
7824,1113
7825,1710
7826,1710
7827,1710
7828,2626
7829,3563
7830,3563
7831,1319
7832,3145
7833,1121
7834,1121
7835,1121
7836,1121
7837,1980
7838,1980
7839,1296
7840,1296
7841,1828
7842,2506
7843,2851
7844,2977
7845,2977
7846,2977
7847,1124
7848,2659
7849,2659
7850,2659
7851,1910
7852,1910
7853,1910
7854,3034
7855,3034
7856,3034
7857,3211
7858,1713
7859,1713
7860,1713
7861,1713
7862,2508
7863,1467
7864,1467
7865,1467
7866,1531
7867,1531
7868,1531
7869,3665
7870,1136
7871,1137
7872,2000
7873,2000
7874,2000
7875,3346
7876,2850
7877,1140
7878,1334
7879,1334
7880,1334
7881,1334
7882,1361
7883,1361
7884,1851
7885,1143
7886,3348
7887,3348
7888,1144
7889,2135
7890,2135
7891,2135
7892,1346
7893,2221
7894,2221
7895,3594
7896,2229
7897,2229
7898,1147
7899,2621
7900,3025
7901,3025
7902,3025
7903,3331
7904,2998
7905,3767
7906,3767
7907,3767
7908,2828
7909,1154
7910,1154
7911,2151
7912,2151
7913,2151
7914,2151
7915,3611
7916,1158
7917,1349
7918,1349
7919,1934
7920,1934
7921,2675
7922,2675
7923,3821
7924,1161
7925,1163
7926,1165
7927,1167
7928,2312
7929,2312
7930,2312
7931,3006
7932,3727
7933,1747
7934,3782
7935,3782
7936,3182
7937,1175
7938,1175
7939,1272
7940,1272
7941,1272
7942,1272
7943,1272
7944,2536
7945,2536
7946,2934
7947,2934
7948,3717
7949,3717
7950,1696
7951,2345
7952,1184
7953,1184
7954,1184
7955,1184
7956,3677
7957,1186
7958,1186
7959,3292
7960,1188
7961,1188
7962,1188
7963,1188
7964,1188
7965,1188
7966,2846
7967,3373
7968,1243
7969,1243
7970,1611
7971,1611
7972,1611
7973,1611
7974,1813
7975,1813
7976,1813
7977,1813
7978,1967
7979,1967
7980,2535
7981,2635
7982,2635
7983,2740
7984,2740
7985,2740
7986,3024
7987,3041
7988,3272
7989,3756
7990,3756
7991,3918
7992,1447
7993,1447
7994,1241
7995,1199
7996,2628
7997,1203
7998,1203
7999,1203
8000,1203
8001,1873
8002,2234
8003,1205
8004,2038
8005,1212
8006,2798
8007,2798
8008,2798
8009,3080
8010,3669
8011,2271
8012,2271
8013,2271
8014,2290
8015,2290
8016,2290
8017,2241
8018,2241
8019,2241
8020,2241
8021,2241
8022,1217
8023,1218
8024,1218
8025,3951
8026,3453
8027,2315
8028,2315
8029,3659
8030,1222
8031,1439
8032,1439
8033,1439
8034,1439
8035,2749
8036,2749
8037,2749
8038,1370
8039,2414
8040,3311
8041,3311
8042,1230
8043,2450
8044,3421
8045,3421
8046,3696
8047,1333
8048,1412
8049,1412
8050,1412
8051,2310
8052,2582
8053,2582
8054,3497
8055,1240
8056,2253
8057,2253
8058,1242
8059,1242
8060,1242
8061,3803
8062,3803
8063,3803
8064,3803
8065,3803
8066,3803
8067,3803
8068,3128
8069,3128
8070,3128
8071,3128
8072,3128
8073,1881
8074,3798
8075,3798
8076,2078
8077,2078
8078,2323
8079,2323
8080,2323
8081,2323
8082,2323
8083,2323
8084,2323
8085,2323
8086,2323
8087,2323
8088,1252
8089,1926
8090,1926
8091,1926
8092,3598
8093,3598
8094,2783
8095,1256
8096,2674
8097,2674
8098,2674
8099,1257
8100,1386
8101,2557
8102,3595
8103,1261
8104,1827
8105,1827
8106,1827
8107,1827
8108,1827
8109,2471
8110,2471
8111,2471
8112,3494
8113,3494
8114,1263
8115,1263
8116,2448
8117,2638
8118,2638
8119,2638
8120,3697
8121,3697
8122,1266
8123,2065
8124,1267
8125,3015
8126,3015
8127,3015
8128,3015
8129,3015
8130,3015
8131,2291
8132,3203
8133,3203
8134,3203
8135,3203
8136,3203
8137,3322
8138,1623
8139,1623
8140,1965
8141,2899
8142,2899
8143,2131
8144,2131
8145,3087
8146,3087
8147,1533
8148,2067
8149,2067
8150,3277
8151,3277
8152,3277
8153,1276
8154,3683
8155,3683
8156,3683
8157,2591
8158,3091
8159,3139
8160,3156
8161,3460
8162,1286
8163,1287
8164,1290
8165,3429
8166,3429
8167,3429
8168,2770
8169,2770
8170,2921
8171,1293
8172,1293
8173,3607
8174,3607
8175,3434
8176,3434
8177,2232
8178,1298
8179,2560
8180,2560
8181,2560
8182,2560
8183,2560
8184,2560
8185,1889
8186,1889
8187,2006
8188,2006
8189,2006
8190,2411
8191,2411
8192,2411
8193,3266
8194,1460
8195,1460
8196,1941
8197,1684
8198,1684
8199,2571
8200,2571
8201,2571
8202,2571
8203,2571
8204,2262
8205,2262
8206,3797
8207,3797
8208,1573
8209,1573
8210,1573
8211,2365
8212,2365
8213,3530
8214,1925
8215,1925
8216,3038
8217,1518
8218,1518
8219,2252
8220,1690
8221,1690
8222,1690
8223,1690
8224,2911
8225,2183
8226,2183
8227,2183
8228,2183
8229,2183
8230,2183
8231,2183
8232,2641
8233,2641
8234,2641
8235,1315
8236,1315
8237,1379
8238,1379
8239,1379
8240,1379
8241,1379
8242,1379
8243,1379
8244,1342
8245,2427
8246,2427
8247,1321
8248,1321
8249,1654
8250,3544
8251,3544
8252,3544
8253,2375
8254,2375
8255,2375
8256,3224
8257,3784
8258,3784
8259,1720
8260,1720
8261,3040
8262,3040
8263,3718
8264,1602
8265,2168
8266,2168
8267,1328
8268,1330
8269,1330
8270,2907
8271,3094
8272,3094
8273,1332
8274,1332
8275,2366
8276,2366
8277,3783
8278,2320
8279,2320
8280,1339
8281,1340
8282,1341
8283,3570
8284,3570
8285,3570
8286,1345
8287,1345
8288,3085
8289,3251
8290,3251
8291,1347
8292,1347
8293,1459
8294,1459
8295,2762
8296,1350
8297,1350
8298,3019
8299,1351
8300,1351
8301,2721
8302,1672
8303,2010
8304,2010
8305,2158
8306,2874
8307,1353
8308,1353
8309,3123
8310,3123
8311,3123
8312,1665
8313,3771
8314,3771
8315,1869
8316,3276
8317,3276
8318,2751
8319,1359
8320,1570
8321,1570
8322,1363
8323,2268
8324,1371
8325,1372
8326,1374
8327,1374
8328,2297
8329,2297
8330,1375
8331,3840
8332,3840
8333,2040
8334,2040
8335,3424
8336,1380
8337,1384
8338,1509
8339,1509
8340,1387
8341,1387
8342,2650
8343,2650
8344,3579
8345,3579
8346,1389
8347,1894
8348,2156
8349,2590
8350,2590
8351,2590
8352,2259
8353,2259
8354,2484
8355,1887
8356,1398
8357,1399
8358,1399
8359,1399
8360,1444
8361,3491
8362,3491
8363,1784
8364,1784
8365,1784
8366,1402
8367,3433
8368,3562
8369,3562
8370,1404
8371,1404
8372,1634
8373,1405
8374,1405
8375,1405
8376,1405
8377,1405
8378,2967
8379,3020
8380,3020
8381,1407
8382,2469
8383,2469
8384,2469
8385,2178
8386,2178
8387,2845
8388,3278
8389,3278
8390,3278
8391,1724
8392,1724
8393,1416
8394,1417
8395,1417
8396,1830
8397,2726
8398,2726
8399,1592
8400,1592
8401,3945
8402,3945
8403,2750
8404,2750
8405,2072
8406,2072
8407,2563
8408,3633
8409,3633
8410,3633
8411,1423
8412,2347
8413,1686
8414,3375
8415,3375
8416,1885
8417,1885
8418,1885
8419,2194
8420,2194
8421,2194
8422,1995
8423,1995
8424,3905
8425,3905
8426,1435
8427,1436
8428,2706
8429,2706
8430,2912
8431,2912
8432,3215
8433,3215
8434,3215
8435,3215
8436,3215
8437,2880
8438,2880
8439,2880
8440,1445
8441,2062
8442,2062
8443,2062
8444,2062
8445,1448
8446,1450
8447,2001
8448,2602
8449,2602
8450,1458
8451,2566
8452,2566
8453,2566
8454,2566
8455,2566
8456,3150
8457,3150
8458,3150
8459,1464
8460,1464
8461,1464
8462,1466
8463,3795
8464,3795
8465,1468
8466,1471
8467,1471
8468,1471
8469,2413
8470,2413
8471,3938
8472,3938
8473,1472
8474,1472
8475,2507
8476,1546
8477,1546
8478,1546
8479,2441
8480,2441
8481,3440
8482,3440
8483,3440
8484,3440
8485,2349
8486,3017
8487,3017
8488,3017
8489,3017
8490,1480
8491,1481
8492,2639
8493,2639
8494,1484
8495,1484
8496,3713
8497,1485
8498,1485
8499,1798
8500,1489
8501,1490
8502,1492
8503,3201
8504,3201
8505,1493
8506,2823
8507,2823
8508,2823
8509,1500
8510,1897
8511,1506
8512,1507
8513,1702
8514,1702
8515,1702
8516,1702
8517,1702
8518,1702
8519,1702
8520,1702
8521,1702
8522,1702
8523,1702
8524,1508
8525,1508
8526,1826
8527,1826
8528,3269
8529,3342
8530,3342
8531,1511
8532,1512
8533,1513
8534,1514
8535,1515
8536,3435
8537,3935
8538,1519
8539,2269
8540,1529
8541,1579
8542,1579
8543,1579
8544,1579
8545,3184
8546,3184
8547,2225
8548,2225
8549,2225
8550,2225
8551,2225
8552,2973
8553,3108
8554,3108
8555,2729
8556,3858
8557,1537
8558,2545
8559,2545
8560,2545
8561,2545
8562,2545
8563,1540
8564,3660
8565,2155
8566,2155
8567,3888
8568,1547
8569,1549
8570,2885
8571,1551
8572,2784
8573,2784
8574,2784
8575,1554
8576,1555
8577,2562
8578,2562
8579,2562
8580,2348
8581,2348
8582,2348
8583,3286
8584,3193
8585,3193
8586,1562
8587,1590
8588,1590
8589,1590
8590,1563
8591,1564
8592,2992
8593,1568
8594,2717
8595,2717
8596,3695
8597,3766
8598,3766
8599,1571
8600,1571
8601,1571
8602,1571
8603,1856
8604,1856
8605,1856
8606,1856
8607,1856
8608,2915
8609,2915
8610,3779
8611,3779
8612,1752
8613,1574
8614,2424
8615,2424
8616,3047
8617,3047
8618,3096
8619,3096
8620,1802
8621,2281
8622,2281
8623,2281
8624,2886
8625,1582
8626,1582
8627,1582
8628,1796
8629,1796
8630,1796
8631,2270
8632,2363
8633,3104
8634,3185
8635,3282
8636,3536
8637,3770
8638,3770
8639,3770
8640,3770
8641,3852
8642,1692
8643,2053
8644,1974
8645,2576
8646,2517
8647,2517
8648,2517
8649,2517
8650,2517
8651,2378
8652,3826
8653,3752
8654,3255
8655,1749
8656,2335
8657,2335
8658,2868
8659,3362
8660,3362
8661,3362
8662,1593
8663,1596
8664,1597
8665,1598
8666,2735
8667,2735
8668,2735
8669,1603
8670,1603
8671,1603
8672,1721
8673,3472
8674,3639
8675,3639
8676,2124
8677,2883
8678,1605
8679,1605
8680,1605
8681,1606
8682,1606
8683,1606
8684,1606
8685,1606
8686,3445
8687,3445
8688,3644
8689,3396
8690,2406
8691,1625
8692,1625
8693,1625
8694,1625
8695,1625
8696,1625
8697,1625
8698,1625
8699,1625
8700,1625
8701,1625
8702,2618
8703,3823
8704,3943
8705,1904
8706,1904
8707,3438
8708,3438
8709,3691
8710,1615
8711,1615
8712,3166
8713,1618
8714,1850
8715,1850
8716,3107
8717,3593
8718,3638
8719,2789
8720,2789
8721,2466
8722,2775
8723,2947
8724,2994
8725,3124
8726,3124
8727,1628
8728,1957
8729,1957
8730,1957
8731,1957
8732,2693
8733,2693
8734,2963
8735,1635
8736,2405
8737,2405
8738,2501
8739,3165
8740,3165
8741,1636
8742,2224
8743,2371
8744,2569
8745,1637
8746,1637
8747,1896
8748,1896
8749,2068
8750,3402
8751,3402
8752,1908
8753,1736
8754,3068
8755,3014
8756,1675
8757,1675
8758,3719
8759,3877
8760,1653
8761,1653
8762,1653
8763,2975
8764,3179
8765,3179
8766,1658
8767,2937
8768,2937
8769,2311
8770,1662
8771,1664
8772,3455
8773,3455
8774,3455
8775,1707
8776,1931
8777,2648
8778,3300
8779,1670
8780,1670
8781,2187
8782,1671
8783,2213
8784,2218
8785,2288
8786,2288
8787,2288
8788,2288
8789,3744
8790,2152
8791,3499
8792,1677
8793,3016
8794,3016
8795,3016
8796,3016
8797,3016
8798,2346
8799,2346
8800,3746
8801,3746
8802,1682
8803,2597
8804,2597
8805,2597
8806,3195
8807,3249
8808,3249
8809,3249
8810,3249
8811,3249
8812,1693
8813,1693
8814,3475
8815,3475
8816,3930
8817,3939
8818,3939
8819,3939
8820,3939
8821,2390
8822,2390
8823,2390
8824,2480
8825,2480
8826,1695
8827,3457
8828,3457
8829,2774
8830,2774
8831,1698
8832,1699
8833,1699
8834,1699
8835,1927
8836,2479
8837,1701
8838,1701
8839,1701
8840,2189
8841,3262
8842,1739
8843,1739
8844,1739
8845,1882
8846,1882
8847,1882
8848,3585
8849,3709
8850,1705
8851,1705
8852,2087
8853,2835
8854,1771
8855,1771
8856,1709
8857,3232
8858,3232
8859,3232
8860,3753
8861,3753
8862,3753
8863,3753
8864,3416
8865,1717
8866,1757
8867,1757
8868,2509
8869,2695
8870,2695
8871,3308
8872,3308
8873,1725
8874,1912
8875,1912
8876,1912
8877,2664
8878,2664
8879,3220
8880,3220
8881,1730
8882,2202
8883,2202
8884,1735
8885,1735
8886,2933
8887,3859
8888,3859
8889,3859
8890,1886
8891,1742
8892,2620
8893,2620
8894,2620
8895,2620
8896,2620
8897,2173
8898,2173
8899,2267
8900,2364
8901,3480
8902,1744
8903,3608
8904,1911
8905,1911
8906,3485
8907,3485
8908,3485
8909,3735
8910,1755
8911,1758
8912,1759
8913,3640
8914,3640
8915,3640
8916,3640
8917,2553
8918,2553
8919,1762
8920,1763
8921,1763
8922,3320
8923,3320
8924,3320
8925,3320
8926,3409
8927,1766
8928,1766
8929,1766
8930,1766
8931,2429
8932,2429
8933,2606
8934,2606
8935,2512
8936,1933
8937,2489
8938,3157
8939,3157
8940,1772
8941,2873
8942,2873
8943,1878
8944,1878
8945,1878
8946,1878
8947,1878
8948,1776
8949,1779
8950,3263
8951,1781
8952,3726
8953,2739
8954,1834
8955,1834
8956,2238
8957,2657
8958,3846
8959,2736
8960,2736
8961,1800
8962,1804
8963,1804
8964,1804
8965,2007
8966,2007
8967,2007
8968,3630
8969,1806
8970,1806
8971,1868
8972,1868
8973,1868
8974,2935
8975,3200
8976,3200
8977,1809
8978,2858
8979,2858
8980,2858
8981,2858
8982,1812
8983,2125
8984,3273
8985,3273
8986,1905
8987,1905
8988,1817
8989,3836
8990,3836
8991,1831
8992,1824
8993,1824
8994,2091
8995,2091
8996,2091
8997,2188
8998,2188
8999,2188
9000,2188
9001,2188
9002,1825
9003,1825
9004,1825
9005,2409
9006,2409
9007,3596
9008,1832
9009,1960
9010,1960
9011,1960
9012,2616
9013,3470
9014,3545
9015,3545
9016,1839
9017,3360
9018,1841
9019,1842
9020,1843
9021,2530
9022,2530
9023,2381
9024,2710
9025,3363
9026,2212
9027,3526
9028,1853
9029,2020
9030,2020
9031,2081
9032,1863
9033,2059
9034,2943
9035,3444
9036,2539
9037,3245
9038,3065
9039,3065
9040,3065
9041,3065
9042,2057
9043,2551
9044,2551
9045,1884
9046,1892
9047,1892
9048,1892
9049,1888
9050,1888
9051,1888
9052,2808
9053,2808
9054,3359
9055,3799
9056,2561
9057,2561
9058,2561
9059,2633
9060,2633
9061,2633
9062,2090
9063,1895
9064,1895
9065,1895
9066,3147
9067,3147
9068,1898
9069,1898
9070,1898
9071,2264
9072,3383
9073,1902
9074,1973
9075,1973
9076,2881
9077,3698
9078,3698
9079,2388
9080,2388
9081,2698
9082,2698
9083,2698
9084,2698
9085,2725
9086,2725
9087,2785
9088,3769
9089,2494
9090,1914
9091,3833
9092,3887
9093,1917
9094,2804
9095,1919
9096,1920
9097,2126
9098,3844
9099,1922
9100,3653
9101,3653
9102,2274
9103,1928
9104,2101
9105,3053
9106,1938
9107,1938
9108,1938
9109,2627
9110,2685
9111,1940
9112,1942
9113,3103
9114,3896
9115,3896
9116,1947
9117,2601
9118,2121
9119,2121
9120,1954
9121,2266
9122,2266
9123,2266
9124,2266
9125,2266
9126,2266
9127,2266
9128,1968
9129,2425
9130,3417
9131,2711
9132,2711
9133,2723
9134,1959
9135,3675
9136,3614
9137,3693
9138,3693
9139,3693
9140,3693
9141,1983
9142,2810
9143,2810
9144,2810
9145,2083
9146,2083
9147,2420
9148,2962
9149,3688
9150,1981
9151,1982
9152,1984
9153,1984
9154,1984
9155,1984
9156,2176
9157,2176
9158,3099
9159,3099
9160,1986
9161,1987
9162,2838
9163,2902
9164,2902
9165,3340
9166,3370
9167,3758
9168,1990
9169,3885
9170,2129
9171,3868
9172,3543
9173,1998
9174,2004
9175,3256
9176,3256
9177,2953
9178,3667
9179,3667
9180,2011
9181,2016
9182,2374
9183,2374
9184,2393
9185,3061
9186,3506
9187,3088
9188,3243
9189,3243
9190,3816
9191,2029
9192,2029
9193,2029
9194,2029
9195,2029
9196,2941
9197,2941
9198,2941
9199,2699
9200,2699
9201,2035
9202,2418
9203,2418
9204,3548
9205,3949
9206,2036
9207,2737
9208,2737
9209,2045
9210,2045
9211,3743
9212,3743
9213,2049
9214,3319
9215,3550
9216,2050
9217,3602
9218,3602
9219,3631
9220,2060
9221,3925
9222,2063
9223,3528
9224,2070
9225,2070
9226,2070
9227,2284
9228,2482
9229,2482
9230,3490
9231,2073
9232,2073
9233,2073
9234,3138
9235,3138
9236,2075
9237,3617
9238,3617
9239,3617
9240,2143
9241,2080
9242,2080
9243,2459
9244,2459
9245,2459
9246,2089
9247,3321
9248,2098
9249,2102
9250,2453
9251,2453
9252,3324
9253,3324
9254,2516
9255,2712
9256,2712
9257,2795
9258,2795
9259,3098
9260,3098
9261,3807
9262,2115
9263,2133
9264,2861
9265,2272
9266,2137
9267,2862
9268,2862
9269,2283
9270,2283
9271,2744
9272,2140
9273,3113
9274,3113
9275,3482
9276,2144
9277,2145
9278,2145
9279,2145
9280,2831
9281,3084
9282,3084
9283,3385
9284,3385
9285,3385
9286,2149
9287,3648
9288,2153
9289,2247
9290,2247
9291,2672
9292,2160
9293,2161
9294,2163
9295,2206
9296,3044
9297,2564
9298,2167
9299,2171
9300,2171
9301,3146
9302,3146
9303,3647
9304,2201
9305,2174
9306,3369
9307,3369
9308,2181
9309,2182
9310,2473
9311,3603
9312,3603
9313,3915
9314,3915
9315,2184
9316,2184
9317,2184
9318,2184
9319,2184
9320,2184
9321,2611
9322,3309
9323,3552
9324,3830
9325,3830
9326,3830
9327,2336
9328,2732
9329,2313
9330,2191
9331,3131
9332,3131
9333,3707
9334,3707
9335,3707
9336,3707
9337,3707
9338,2198
9339,2198
9340,2198
9341,3430
9342,3903
9343,2199
9344,2199
9345,3601
9346,2528
9347,2878
9348,3606
9349,3952
9350,3780
9351,3780
9352,3405
9353,2210
9354,2210
9355,2318
9356,2215
9357,2331
9358,2331
9359,2574
9360,2222
9361,2801
9362,3199
9363,3808
9364,3700
9365,3700
9366,3747
9367,3809
9368,3874
9369,2235
9370,3336
9371,3838
9372,3838
9373,3241
9374,3474
9375,2244
9376,3238
9377,2986
9378,3569
9379,3050
9380,3050
9381,3050
9382,3652
9383,2380
9384,3056
9385,3067
9386,3067
9387,3560
9388,3654
9389,3685
9390,3936
9391,2273
9392,2273
9393,3143
9394,2286
9395,3334
9396,3553
9397,3710
9398,3710
9399,3710
9400,3189
9401,2814
9402,3489
9403,3274
9404,3274
9405,3511
9406,2307
9407,3101
9408,2879
9409,2319
9410,2354
9411,2354
9412,2417
9413,2454
9414,2475
9415,2887
9416,2887
9417,2778
9418,3947
9419,2332
9420,3878
9421,3878
9422,3775
9423,3775
9424,2608
9425,2753
9426,3343
9427,3343
9428,2343
9429,2343
9430,2922
9431,2702
9432,3822
9433,3898
9434,2467
9435,2467
9436,2467
9437,2353
9438,2353
9439,2956
9440,2362
9441,2452
9442,2452
9443,3364
9444,2367
9445,3625
9446,2370
9447,2372
9448,2372
9449,2373
9450,2511
9451,2377
9452,2386
9453,2387
9454,3301
9455,2392
9456,2397
9457,2398
9458,2665
9459,2577
9460,2741
9461,2760
9462,2853
9463,2853
9464,2853
9465,3632
9466,3751
9467,3751
9468,3751
9469,2404
9470,2408
9471,2408
9472,2792
9473,2792
9474,2410
9475,2410
9476,3722
9477,2415
9478,2416
9479,3748
9480,3934
9481,2422
9482,3062
9483,3062
9484,2433
9485,3620
9486,3620
9487,2439
9488,2483
9489,2523
9490,2523
9491,2445
9492,3467
9493,2451
9494,2451
9495,2460
9496,3250
9497,3250
9498,2464
9499,3502
9500,3502
9501,3542
9502,3109
9503,3871
9504,3230
9505,3760
9506,3875
9507,3028
9508,3028
9509,3394
9510,3616
9511,3616
9512,2488
9513,2492
9514,2497
9515,2499
9516,2503
9517,3655
9518,3655
9519,2504
9520,2513
9521,2918
9522,2522
9523,3741
9524,2526
9525,2533
9526,2534
9527,2538
9528,2957
9529,3418
9530,3584
9531,3584
9532,3400
9533,3410
9534,3451
9535,3451
9536,3451
9537,3451
9538,3573
9539,2548
9540,3757
9541,2556
9542,3870
9543,3880
9544,2565
9545,2567
9546,2670
9547,3551
9548,3950
9549,3950
9550,3289
9551,3325
9552,3832
9553,2585
9554,2587
9555,3561
9556,3561
9557,2593
9558,2595
9559,3724
9560,2680
9561,2680
9562,2599
9563,2599
9564,2758
9565,2758
9566,2758
9567,2758
9568,3306
9569,3223
9570,3223
9571,2605
9572,2610
9573,2612
9574,2619
9575,2622
9576,2623
9577,2965
9578,2900
9579,2900
9580,2772
9581,2780
9582,3547
9583,2634
9584,2833
9585,2833
9586,2836
9587,2644
9588,2645
9589,3414
9590,3781
9591,3781
9592,3781
9593,3781
9594,3802
9595,3813
9596,3920
9597,3920
9598,2754
9599,2651
9600,2654
9601,3403
9602,3403
9603,3403
9604,3578
9605,2694
9606,2678
9607,2889
9608,2889
9609,2889
9610,2805
9611,3864
9612,2682
9613,3557
9614,2683
9615,2684
9616,2684
9617,3196
9618,3510
9619,3510
9620,3510
9621,3692
9622,2688
9623,2923
9624,3728
9625,3657
9626,2704
9627,2705
9628,2812
9629,2812
9630,2707
9631,3495
9632,3581
9633,2713
9634,3712
9635,2719
9636,2728
9637,3912
9638,3577
9639,3577
9640,2752
9641,3187
9642,3187
9643,3264
9644,3411
9645,3839
9646,3953
9647,2794
9648,2796
9649,3380
9650,3824
9651,2803
9652,2904
9653,2904
9654,3248
9655,2821
9656,3023
9657,3937
9658,3937
9659,3176
9660,2830
9661,2832
9662,3668
9663,2925
9664,2849
9665,3305
9666,3305
9667,2854
9668,2855
9669,3212
9670,3351
9671,3352
9672,2860
9673,2871
9674,2872
9675,2890
9676,2930
9677,2930
9678,2893
9679,2894
9680,2894
9681,3853
9682,2895
9683,2898
9684,3834
9685,3834
9686,3658
9687,3658
9688,3658
9689,3906
9690,3906
9691,3941
9692,3556
9693,3556
9694,3525
9695,3525
9696,2910
9697,3318
9698,3318
9699,3420
9700,3420
9701,2932
9702,3468
9703,3493
9704,3463
9705,2946
9706,2949
9707,3415
9708,3415
9709,2966
9710,2968
9711,2969
9712,2971
9713,3886
9714,2983
9715,2988
9716,3077
9717,3927
9718,3001
9719,3003
9720,3004
9721,3368
9722,3368
9723,3895
9724,3011
9725,3763
9726,3907
9727,3335
9728,3419
9729,3873
9730,3889
9731,3889
9732,3191
9733,3242
9734,3831
9735,3479
9736,3479
9737,3052
9738,3058
9739,3254
9740,3478
9741,3076
9742,3393
9743,3079
9744,3518
9745,3518
9746,3673
9747,3673
9748,3733
9749,3295
9750,3572
9751,3856
9752,3140
9753,3140
9754,3487
9755,3604
9756,3377
9757,3805
9758,3636
9759,3169
9760,3222
9761,3333
9762,3382
9763,3177
9764,3178
9765,3181
9766,3186
9767,3283
9768,3283
9769,3627
9770,3627
9771,3219
9772,3723
9773,3259
9774,3407
9775,3629
9776,3610
9777,3731
9778,3287
9779,3294
9780,3734
9781,3755
9782,3492
9783,3317
9784,3796
9785,3904
9786,3337
9787,3338
9788,3549
9789,3829
9790,3365
9791,3365
9792,3609
9793,3656
9794,3442
9795,3388
9796,3848
9797,3811
9798,3512
9799,3513
9800,3641
9801,3674
9802,3891
9803,3894
9804,3894
9805,3926
9806,3448
9807,3449
9808,3910
9809,3465
9810,3477
9811,3504
9812,3508
9813,3662
9814,3515
9815,3854
9816,3520
9817,3532
9818,3559
9819,3851
9820,3582
9821,3914
9822,3914
9823,3914
9824,3845
9825,3597
9826,3599
9827,3599
9828,3599
9829,3615
9830,3932
9831,3706
9832,3893
9833,3764
9834,3923
9835,3768
9836,3881
9837,3882
9838,3890
9839,3776
9840,3827
9841,3837
9842,3900
