2	4025
3	4026
11	4027
22	4028
26	4029
28	4030
31	4031
32	4032
33	4033
35	4034
55	4035
56	4036
57	4037
60	4038
62	4039
66	4040
67	4041
68	4042
70	4043
73	4044
75	4045
76	4046
77	4047
80	4048
81	4049
87	4050
90	4051
100	4052
130	4053
131	4054
135	4055
138	4056
143	4057
150	4058
155	4059
158	4060
163	4061
166	4062
178	4063
189	4064
190	4065
195	4066
196	4067
197	4068
203	4069
211	4070
213	4071
214	4072
215	4073
223	4074
227	4075
228	4076
231	4077
234	4078
238	4079
243	4080
262	4081
265	4082
274	4083
279	4084
292	4085
302	4086
304	4087
307	4088
324	4089
334	4090
340	4091
341	4092
349	4093
351	4094
354	4095
355	4096
357	4097
358	4098
359	4099
364	4100
370	4101
372	4102
380	4103
385	4104
389	4105
401	4106
411	4107
412	4108
415	4109
422	4110
425	4111
431	4112
432	4113
443	4114
445	4115
454	4116
456	4117
458	4118
459	4119
460	4120
461	4121
474	4122
479	4123
480	4124
487	4125
494	4126
513	4127
514	4128
515	4129
517	4130
521	4131
525	4132
527	4133
536	4134
537	4135
544	4136
551	4137
552	4138
555	4139
561	4140
571	4141
572	4142
574	4143
579	4144
585	4145
599	4146
609	4147
612	4148
618	4149
619	4150
621	4151
623	4152
624	4153
636	4154
638	4155
650	4156
656	4157
660	4158
668	4159
675	4160
676	4161
681	4162
682	4163
689	4164
690	4165
692	4166
696	4167
704	4168
705	4169
711	4170
727	4171
728	4172
732	4173
752	4174
758	4175
761	4176
762	4177
775	4178
782	4179
784	4180
801	4181
819	4182
829	4183
835	4184
838	4185
839	4186
847	4187
858	4188
876	4189
881	4190
884	4191
889	4192
904	4193
932	4194
940	4195
942	4196
962	4197
966	4198
974	4199
975	4200
980	4201
986	4202
987	4203
992	4204
995	4205
1019	4206
1022	4207
1027	4208
1033	4209
1038	4210
1051	4211
1052	4212
1053	4213
1056	4214
1073	4215
1084	4216
1088	4217
1100	4218
1103	4219
1109	4220
1116	4221
1117	4222
1119	4223
1123	4224
1127	4225
1134	4226
1140	4227
1141	4228
1160	4229
1174	4230
1176	4231
1186	4232
1188	4233
1200	4234
1201	4235
1202	4236
1216	4237
1223	4238
1235	4239
1238	4240
1245	4241
1251	4242
1252	4243
1254	4244
1257	4245
1267	4246
1281	4247
1286	4248
1287	4249
1300	4250
1325	4251
1326	4252
1331	4253
1342	4254
1359	4255
1374	4256
1391	4257
1392	4258
1393	4259
1406	4260
1407	4261
1413	4262
1414	4263
1417	4264
1419	4265
1433	4266
1434	4267
1435	4268
1437	4269
1438	4270
1439	4271
1442	4272
1447	4273
1448	4274
1454	4275
1455	4276
1459	4277
1464	4278
1465	4279
1466	4280
1472	4281
1483	4282
1492	4283
1497	4284
1509	4285
1511	4286
1512	4287
1517	4288
1518	4289
1530	4290
1531	4291
1541	4292
1544	4293
1564	4294
1569	4295
1583	4296
1589	4297
1596	4298
1602	4299
1603	4300
1609	4301
1615	4302
1617	4303
1619	4304
1622	4305
1623	4306
1630	4307
1643	4308
1662	4309
1706	4310
1707	4311
1710	4312
1712	4313
1714	4314
1720	4315
1725	4316
1733	4317
1765	4318
1774	4319
1783	4320
1788	4321
1793	4322
1800	4323
1816	4324
1824	4325
1835	4326
1838	4327
2926	4328
2928	4329
2937	4330
2942	4331
2983	4332
2984	4333
3031	4334
3039	4335
3042	4336
3052	4337
3057	4338
3058	4339
3705	4340
3731	4341
3737	4342
3753	4343
3765	4344
3770	4345
3776	4346
3778	4347
3783	4348
3793	4349
3800	4350
3818	4351
3831	4352
3837	4353
3839	4354
3851	4355
3854	4356
3855	4357
3859	4358
3861	4359
3864	4360
3867	4361
3891	4362
3907	4363
3909	4364
3930	4365
3947	4366
3949	4367
3968	4368
3986	4369
3992	4370
3993	4371
3998	4372
4001	4373
4003	4374
4014	4375
4019	4376
4041	4377
4043	4378
4115	4379
4139	4380
4166	4381
5036	4382
5057	4383
5064	4384
5255	4385
5309	4386
5327	4387
5333	4388
5366	4389
5373	4390
5382	4391
5383	4392
5395	4393
5403	4394
5416	4395
5484	4396
5486	4397
5488	4398
5489	4399
5503	4400
5509	4401
5517	4402
5522	4403
5526	4404
5536	4405
5537	4406
5574	4407
5576	4408
5584	4409
5607	4410
5626	4411
5634	4412
5638	4413
5649	4414
5656	4415
5663	4416
5693	4417
5705	4418
5706	4419
5708	4420
5720	4421
5727	4422
5732	4423
5749	4424
5775	4425
5777	4426
5797	4427
5800	4428
5808	4429
5813	4430
5826	4431
5829	4432
5830	4433
5840	4434
5842	4435
5853	4436
5859	4437
5860	4438
5870	4439
5875	4440
5878	4441
5905	4442
5906	4443
5923	4444
5940	4445
5959	4446
5968	4447
5974	4448
5976	4449
5977	4450
5978	4451
5988	4452
5989	4453
5990	4454
5999	4455
6008	4456
6073	4457
6075	4458
6099	4459
6104	4460
6130	4461
6161	4462
6184	4463
6228	4464
6230	4465
6231	4466
6261	4467
6280	4468
6296	4469
6344	4470
6392	4471
6412	4472
6465	4473
6483	4474
6540	4475
6567	4476
6576	4477
6633	4478
6655	4479
6679	4480
6702	4481
6705	4482
6716	4483
6735	4484
6740	4485
6749	4486
6770	4487
6771	4488
6819	4489
6835	4490
6860	4491
6866	4492
6872	4493
6876	4494
6877	4495
6878	4496
6884	4497
6897	4498
6901	4499
6996	4500
7008	4501
7011	4502
7028	4503
7029	4504
7038	4505
7042	4506
7056	4507
7062	4508
7095	4509
7114	4510
7137	4511
7163	4512
7180	4513
7196	4514
7216	4515
7274	4516
7276	4517
7278	4518
7323	4519
7361	4520
7377	4521
7415	4522
7424	4523
7452	4524
7453	4525
7462	4526
7467	4527
7473	4528
7479	4529
7487	4530
7501	4531
7524	4532
7543	4533
7560	4534
7600	4535
7603	4536
7605	4537
7607	4538
7620	4539
7632	4540
7657	4541
7664	4542
7714	4543
7717	4544
7750	4545
7776	4546
7806	4547
7809	4548
7821	4549
7845	4550
7853	4551
7911	4552
7943	4553
7957	4554
7981	4555
8004	4556
8024	4557
8028	4558
8031	4559
8042	4560
8090	4561
8091	4562
8096	4563
8149	4564
8188	4565
8208	4566
8255	4567
8283	4568
8296	4569
8300	4570
8315	4571
8324	4572
8342	4573
8375	4574
8398	4575
8405	4576
8410	4577
8450	4578
8486	4579
8488	4580
8520	4581
8610	4582
8634	4583
8641	4584
8674	4585
8837	4586
8862	4587
8870	4588
8876	4589
8884	4590
8913	4591
8943	4592
8962	4593
8963	4594
8996	4595
9004	4596
9039	4597
9045	4598
9059	4599
9064	4600
9113	4601
9114	4602
9162	4603
9193	4604
9195	4605
9198	4606
9223	4607
9278	4608
9283	4609
9284	4610
9298	4611
9305	4612
9329	4613
9336	4614
9338	4615
9401	4616
9422	4617
9427	4618
9435	4619
9437	4620
9448	4621
9458	4622
9486	4623
9502	4624
9541	4625
9562	4626
9589	4627
9703	4628
9811	4629
9820	4630
9828	4631
9864	4632
9871	4633
9872	4634
9973	4635
9976	4636
10027	4637
10028	4638
10068	4639
10104	4640
10119	4641
10125	4642
10129	4643
10130	4644
10151	4645
10169	4646
10194	4647
10230	4648
10281	4649
10363	4650
10401	4651
10402	4652
10416	4653
10442	4654
10509	4655
10545	4656
10548	4657
10554	4658
10581	4659
10586	4660
10632	4661
10640	4662
10659	4663
10666	4664
10682	4665
10683	4666
10684	4667
10728	4668
10729	4669
10774	4670
10783	4671
10837	4672
10857	4673
10868	4674
10874	4675
10886	4676
10899	4677
10900	4678
10942	4679
10949	4680
10950	4681
10954	4682
10992	4683
10996	4684
11052	4685
11068	4686
11088	4687
11108	4688
11121	4689
11137	4690
11177	4691
11200	4692
11230	4693
11300	4694
11312	4695
11348	4696
11378	4697
11386	4698
11413	4699
11427	4700
11428	4701
11437	4702
11467	4703
11468	4704
11470	4705
11473	4706
11487	4707
11489	4708
11516	4709
11682	4710
11686	4711
11701	4712
11709	4713
11719	4714
11720	4715
11760	4716
11809	4717
11842	4718
11858	4719
11859	4720
11860	4721
11930	4722
12014	4723
12038	4724
12042	4725
12067	4726
12095	4727
12098	4728
12113	4729
12120	4730
12127	4731
12147	4732
12154	4733
12212	4734
12228	4735
12311	4736
12334	4737
12344	4738
12429	4739
12452	4740
12485	4741
12516	4742
12530	4743
12576	4744
12577	4745
12593	4746
12596	4747
12608	4748
12612	4749
12622	4750
12656	4751
12690	4752
12696	4753
12698	4754
12701	4755
12716	4756
12732	4757
12737	4758
12743	4759
12759	4760
12779	4761
12818	4762
12819	4763
12842	4764
12867	4765
12885	4766
12887	4767
12909	4768
12992	4769
13003	4770
13017	4771
13018	4772
13023	4773
13061	4774
13076	4775
13095	4776
13130	4777
13164	4778
13167	4779
13168	4780
13259	4781
13282	4782
13320	4783
13332	4784
13382	4785
13477	4786
13482	4787
13532	4788
13586	4789
13608	4790
13609	4791
13619	4792
13653	4793
13693	4794
13711	4795
13712	4796
13713	4797
13731	4798
13734	4799
13739	4800
13743	4801
13766	4802
13788	4803
13809	4804
13829	4805
13832	4806
13848	4807
13852	4808
13906	4809
13911	4810
13918	4811
13934	4812
13948	4813
13955	4814
13975	4815
13976	4816
13983	4817
13989	4818
13990	4819
13992	4820
13999	4821
14000	4822
14006	4823
14017	4824
14019	4825
14026	4826
14027	4827
14034	4828
14038	4829
14039	4830
14041	4831
14042	4832
14051	4833
14068	4834
14072	4835
14080	4836
14095	4837
14097	4838
14109	4839
14112	4840
14115	4841
14131	4842
14132	4843
14133	4844
14136	4845
14147	4846
14150	4847
14163	4848
14169	4849
14185	4850
14188	4851
14217	4852
14234	4853
14257	4854
14267	4855
14271	4856
14311	4857
14348	4858
14370	4859
14380	4860
14381	4861
14389	4862
14393	4863
14396	4864
14414	4865
14424	4866
14435	4867
14452	4868
14471	4869
14487	4870
14519	4871
14525	4872
14526	4873
14563	4874
14608	4875
14620	4876
14637	4877
14654	4878
14676	4879
14687	4880
14709	4881
14726	4882
14738	4883
14772	4884
14776	4885
14781	4886
14784	4887
14792	4888
14817	4889
14863	4890
14867	4891
14886	4892
14928	4893
14956	4894
14963	4895
14964	4896
14976	4897
14998	4898
15006	4899
15016	4900
15061	4901
15063	4902
15064	4903
15080	4904
15087	4905
15106	4906
15117	4907
15150	4908
15184	4909
15195	4910
15196	4911
15198	4912
15202	4913
15206	4914
15233	4915
15303	4916
15310	4917
15329	4918
15330	4919
15346	4920
15353	4921
15368	4922
15401	4923
15437	4924
15451	4925
15493	4926
15532	4927
15562	4928
15572	4929
15593	4930
15602	4931
15634	4932
15637	4933
15657	4934
15694	4935
15699	4936
15753	4937
15784	4938
15810	4939
15840	4940
15843	4941
15862	4942
15867	4943
15872	4944
15884	4945
15937	4946
15947	4947
15987	4948
15989	4949
16014	4950
16021	4951
16038	4952
16056	4953
16057	4954
16059	4955
16070	4956
16072	4957
16083	4958
16084	4959
16212	4960
16218	4961
16227	4962
16299	4963
16312	4964
16313	4965
16400	4966
16407	4967
16413	4968
16421	4969
16443	4970
16513	4971
16650	4972
16670	4973
16688	4974
16764	4975
16797	4976
16800	4977
16808	4978
16813	4979
16817	4980
16835	4981
16838	4982
16892	4983
16927	4984
16928	4985
16983	4986
16988	4987
16991	4988
16999	4989
17033	4990
17125	4991
17132	4992
17169	4993
17278	4994
17280	4995
17337	4996
17395	4997
17399	4998
17530	4999
17584	5000
17629	5001
17655	5002
17663	5003
17683	5004
17710	5005
17739	5006
17757	5007
17807	5008
17808	5009
17825	5010
17826	5011
17837	5012
17840	5013
17862	5014
17864	5015
17870	5016
17904	5017
17909	5018
17912	5019
17925	5020
17929	5021
17942	5022
17948	5023
18003	5024
18004	5025
18032	5026
18047	5027
18096	5028
18112	5029
18123	5030
18138	5031
18159	5032
18240	5033
18252	5034
18263	5035
18276	5036
18285	5037
18360	5038
18361	5039
18393	5040
18450	5041
18452	5042
18504	5043
18569	5044
18587	5045
18591	5046
18619	5047
18631	5048
18641	5049
18648	5050
18680	5051
18709	5052
18710	5053
18765	5054
18809	5055
18814	5056
18866	5057
18879	5058
18987	5059
19015	5060
19040	5061
19113	5062
19145	5063
19198	5064
19238	5065
19243	5066
19248	5067
19254	5068
19264	5069
19411	5070
19414	5071
19425	5072
19433	5073
19441	5074
19447	5075
19448	5076
19496	5077
19514	5078
19520	5079
19596	5080
19603	5081
19622	5082
19684	5083
19685	5084
19721	5085
19754	5086
19785	5087
19790	5088
19821	5089
19862	5090
19863	5091
19883	5092
19955	5093
19960	5094
19975	5095
20008	5096
20032	5097
20074	5098
20082	5099
20110	5100
20121	5101
20129	5102
20139	5103
20140	5104
20198	5105
20246	5106
20256	5107
20283	5108
20324	5109
20341	5110
20387	5111
20392	5112
20441	5113
20484	5114
20512	5115
20546	5116
20574	5117
20580	5118
20698	5119
20734	5120
20758	5121
20766	5122
20872	5123
20962	5124
21026	5125
21028	5126
21032	5127
21038	5128
21039	5129
21080	5130
21094	5131
21100	5132
21134	5133
21137	5134
21168	5135
21207	5136
21267	5137
21318	5138
21430	5139
21436	5140
21439	5141
21489	5142
21559	5143
21635	5144
21645	5145
21646	5146
21648	5147
21664	5148
21711	5149
21797	5150
23234	5151
23261	5152
23263	5153
23264	5154
23604	5155
23631	5156
23898	5157
23925	5158
23954	5159
23969	5160
24156	5161
24197	5162
24232	5163
24327	5164
24342	5165
24346	5166
24355	5167
24362	5168
24369	5169
24373	5170
24458	5171
24519	5172
24531	5173
24607	5174
24632	5175
24651	5176
24711	5177
24800	5178
24844	5179
24902	5180
24966	5181
25002	5182
25039	5183
25042	5184
25133	5185
25144	5186
25147	5187
25201	5188
25214	5189
25244	5190
25247	5191
25254	5192
25444	5193
25477	5194
25501	5195
25539	5196
25584	5197
25652	5198
25668	5199
25671	5200
25712	5201
25795	5202
25831	5203
25833	5204
25835	5205
25916	5206
25980	5207
26025	5208
26109	5209
26114	5210
26133	5211
26140	5212
26160	5213
26172	5214
26173	5215
26174	5216
26177	5217
26179	5218
26195	5219
26213	5220
26219	5221
26267	5222
26268	5223
26306	5224
26307	5225
26443	5226
26455	5227
26463	5228
26464	5229
26466	5230
26473	5231
26650	5232
26657	5233
26663	5234
26667	5235
26694	5236
26726	5237
26764	5238
26773	5239
26839	5240
26896	5241
26967	5242
27074	5243
27089	5244
27095	5245
27170	5246
27194	5247
27216	5248
27233	5249
27349	5250
27424	5251
27451	5252
27472	5253
27531	5254
27532	5255
27539	5256
27582	5257
27657	5258
27767	5259
27821	5260
27883	5261
27904	5262
27948	5263
27962	5264
27998	5265
28018	5266
28024	5267
28035	5268
28052	5269
28109	5270
28205	5271
28208	5272
28235	5273
28429	5274
28455	5275
28466	5276
28566	5277
28606	5278
28791	5279
29066	5280
29100	5281
29170	5282
29189	5283
29199	5284
29242	5285
29304	5286
29378	5287
29407	5288
29495	5289
29503	5290
29513	5291
29580	5292
29596	5293
29679	5294
29705	5295
29877	5296
29923	5297
29959	5298
30051	5299
30054	5300
30169	5301
30238	5302
30239	5303
30323	5304
30385	5305
30414	5306
30499	5307
30592	5308
30610	5309
30643	5310
30653	5311
30698	5312
30703	5313
30823	5314
30841	5315
30890	5316
31192	5317
31235	5318
31321	5319
31382	5320
31450	5321
31476	5322
31598	5323
31612	5324
31624	5325
31651	5326
31654	5327
31658	5328
31659	5329
31711	5330
31756	5331
31757	5332
31849	5333
31889	5334
31894	5335
31909	5336
31917	5337
31920	5338
31992	5339
32022	5340
32043	5341
32118	5342
32137	5343
32206	5344
32234	5345
32240	5346
32312	5347
32323	5348
32366	5349
32392	5350
32397	5351
32443	5352
32457	5353
32483	5354
32694	5355
32731	5356
32748	5357
32786	5358
32820	5359
32900	5360
32988	5361
33001	5362
33034	5363
33042	5364
33357	5365
33370	5366
33427	5367
33468	5368
33576	5369
33712	5370
33744	5371
33858	5372
33913	5373
34040	5374
34060	5375
34148	5376
34263	5377
34336	5378
34410	5379
34413	5380
34421	5381
34433	5382
34479	5383
34530	5384
34594	5385
34632	5386
34649	5387
34654	5388
34693	5389
34713	5390
34820	5391
34848	5392
34891	5393
35073	5394
35205	5395
35613	5396
35887	5397
35945	5398
35947	5399
36037	5400
36155	5401
36165	5402
36286	5403
36311	5404
36315	5405
36331	5406
36447	5407
36569	5408
36590	5409
36654	5410
36788	5411
36800	5412
36833	5413
36947	5414
37034	5415
37181	5416
37185	5417
37212	5418
37236	5419
37275	5420
37364	5421
37578	5422
37648	5423
37789	5424
38061	5425
38081	5426
38243	5427
38381	5428
38535	5429
38601	5430
38681	5431
38753	5432
38766	5433
38824	5434
38903	5435
39065	5436
39205	5437
39443	5438
39574	5439
39575	5440
39661	5441
39882	5442
39897	5443
39914	5444
40155	5445
40333	5446
40356	5447
40435	5448
40844	5449
41013	5450
41017	5451
41037	5452
41046	5453
41086	5454
41137	5455
41208	5456
41441	5457
41526	5458
41646	5459
41876	5460
41900	5461
41938	5462
42199	5463
42261	5464
42599	5465
42684	5466
42692	5467
42710	5468
42782	5469
42820	5470
43202	5471
43664	5472
43671	5473
43723	5474
43765	5475
44160	5476
44196	5477
44425	5478
44438	5479
44448	5480
44546	5481
44652	5482
44658	5483
44673	5484
44781	5485
45056	5486
45063	5487
45219	5488
45372	5489
45436	5490
45455	5491
45597	5492
45622	5493
45780	5494
45908	5495
45932	5496
45961	5497
46010	5498
46126	5499
46233	5500
46345	5501
46524	5502
46555	5503
46595	5504
46632	5505
46687	5506
46779	5507
47125	5508
47180	5509
47346	5510
47384	5511
47409	5512
47532	5513
47547	5514
47584	5515
47623	5516
47722	5517
47757	5518
47777	5519
47789	5520
47853	5521
47935	5522
47973	5523
47981	5524
48031	5525
48056	5526
48207	5527
48225	5528
48237	5529
48317	5530
48500	5531
48539	5532
48578	5533
48627	5534
48645	5535
48678	5536
48759	5537
48788	5538
48874	5539
49351	5540
49530	5541
49840	5542
49932	5543
50077	5544
50096	5545
50112	5546
50177	5547
50210	5548
50248	5549
50388	5550
50438	5551
50615	5552
50888	5553
51007	5554
51330	5555
51476	5556
51529	5557
51660	5558
51818	5559
52083	5560
52095	5561
52128	5562
52186	5563
52353	5564
52452	5565
52473	5566
52594	5567
52642	5568
52710	5569
52715	5570
52767	5571
53260	5572
53361	5573
53400	5574
53447	5575
53483	5576
53683	5577
53686	5578
53836	5579
53888	5580
54005	5581
54022	5582
54038	5583
54363	5584
54455	5585
54459	5586
54690	5587
54773	5588
54865	5589
54901	5590
54903	5591
54919	5592
54933	5593
55003	5594
55079	5595
55223	5596
55277	5597
55340	5598
55532	5599
55650	5600
55998	5601
56058	5602
56264	5603
56495	5604
56774	5605
56969	5606
56996	5607
57094	5608
57105	5609
57132	5610
57228	5611
57316	5612
57393	5613
57458	5614
57553	5615
57577	5616
57852	5617
57867	5618
58016	5619
58070	5620
58164	5621
58248	5622
58253	5623
58271	5624
58401	5625
58448	5626
58506	5627
58706	5628
58743	5629
58802	5630
58827	5631
59274	5632
59316	5633
59460	5634
59596	5635
59650	5636
60568	5637
60664	5638
60932	5639
60954	5640
61738	5641
61846	5642
61849	5643
64210	5644
64361	5645
64443	5646
64598	5647
64613	5648
64903	5649
64938	5650
65054	5651
65103	5652
65145	5653
65369	5654
65384	5655
65525	5656
65763	5657
65877	5658
66137	5659
66922	5660
66959	5661
66979	5662
67082	5663
67189	5664
67328	5665
67697	5666
67981	5667
67999	5668
68335	5669
68421	5670
68445	5671
68678	5672
68756	5673
68908	5674
69155	5675
69186	5676
69268	5677
69463	5678
69546	5679
69650	5680
69660	5681
69742	5682
69757	5683
69824	5684
70477	5685
70669	5686
71071	5687
74615	5688
74629	5689
74668	5690
74919	5691
74935	5692
75235	5693
75291	5694
75452	5695
75456	5696
75597	5697
75643	5698
75674	5699
75685	5700
75928	5701
75952	5702
76288	5703
76485	5704
76826	5705
76917	5706
77226	5707
77724	5708
77860	5709
77930	5710
77971	5711
77990	5712
78420	5713
78451	5714
78634	5715
78662	5716
79307	5717
79815	5718
80315	5719
80753	5720
80807	5721
80861	5722
80913	5723
81148	5724
87114	5725
87159	5726
87250	5727
87257	5728
87425	5729
87545	5730
87788	5731
89325	5732
89364	5733
89504	5734
89771	5735
89922	5736
90108	5737
90288	5738
90330	5739
90432	5740
90594	5741
91141	5742
91196	5743
91534	5744
91609	5745
91700	5746
92300	5747
92540	5748
92953	5749
93065	5750
93163	5751
93176	5752
93228	5753
93320	5754
93719	5755
94198	5756
95043	5757
95075	5758
95297	5759
95491	5760
95715	5761
95810	5762
95893	5763
95909	5764
96141	5765
97062	5766
97131	5767
97256	5768
97261	5769
97679	5770
97729	5771
98301	5772
98476	5773
99150	5774
99357	5775
99816	5776
99906	5777
100505	5778
100558	5779
100730	5780
101733	5781
101877	5782
102835	5783
102847	5784
102882	5785
103160	5786
103233	5787
103315	5788
103492	5789
104038	5790
104201	5791
104690	5792
105545	5793
106013	5794
106550	5795
106715	5796
106775	5797
106841	5798
107742	5799
108718	5800
108945	5801
109035	5802
109571	5803
109578	5804
109944	5805
110026	5806
110347	5807
110570	5808
110913	5809
111421	5810
111510	5811
111755	5812
112043	5813
112351	5814
112368	5815
112390	5816
112399	5817
112415	5818
113689	5819
113722	5820
114383	5821
115126	5822
115675	5823
115777	5824
116415	5825
116837	5826
117038	5827
117581	5828
117806	5829
117907	5830
118308	5831
132410	5832
132613	5833
132726	5834
133316	5835
133502	5836
134211	5837
134608	5838
134713	5839
135737	5840
137277	5841
137866	5842
138316	5843
138425	5844
138806	5845
139129	5846
140115	5847
140255	5848
141176	5849
141297	5850
141781	5851
142646	5852
143174	5853
143246	5854
143373	5855
143906	5856
144409	5857
144521	5858
146918	5859
147392	5860
147578	5861
147794	5862
148094	5863
148837	5864
149018	5865
149629	5866
149654	5867
149696	5868
151205	5869
151210	5870
152023	5871
152353	5872
152961	5873
153790	5874
154043	5875
154045	5876
154638	5877
155099	5878
155246	5879
155309	5880
156060	5881
157697	5882
157705	5883
157945	5884
158107	5885
158836	5886
159317	5887
159359	5888
159542	5889
160478	5890
160589	5891
160825	5892
161458	5893
161551	5894
162315	5895
163477	5896
163531	5897
164352	5898
164755	5899
165788	5900
165883	5901
166032	5902
166653	5903
167193	5904
168014	5905
168046	5906
168363	5907
169039	5908
169467	5909
169665	5910
171278	5911
172700	5912
173821	5913
174356	5914
175415	5915
175731	5916
176401	5917
177077	5918
177269	5919
177366	5920
177915	5921
179245	5922
181068	5923
182303	5924
182420	5925
182623	5926
183208	5927
183262	5928
184382	5929
184529	5930
184652	5931
187882	5932
188549	5933
190373	5934
190438	5935
192333	5936
195537	5937
198444	5938
198735	5939
199292	5940
201969	5941
203702	5942
203703	5943
204260	5944
205660	5945
206680	5946
207122	5947
209084	5948
213432	5949
213752	5950
215503	5951
215786	5952
217379	5953
217422	5954
217793	5955
218253	5956
218331	5957
218524	5958
219880	5959
221018	5960
222978	5961
223246	5962
223418	5963
228011	5964
228162	5965
228840	5966
232862	5967
233223	5968
233612	5969
235189	5970
237117	5971
237845	5972
237940	5973
238440	5974
239478	5975
241444	5976
241552	5977
241886	5978
242368	5979
244122	5980
244131	5981
244214	5982
244646	5983
245364	5984
245402	5985
246050	5986
246807	5987
248098	5988
248598	5989
250737	5990
252061	5991
252932	5992
253592	5993
254773	5994
255978	5995
256295	5996
258106	5997
258522	5998
259551	5999
260016	6000
261664	6001
262721	6002
265836	6003
268192	6004
269481	6005
269795	6006
269935	6007
270229	6008
270370	6009
270678	6010
271232	6011
272982	6012
273475	6013
274742	6014
275527	6015
276805	6016
277945	6017
278607	6018
278732	6019
280338	6020
280344	6021
280393	6022
281766	6023
281849	6024
282404	6025
284141	6026
284711	6027
285316	6028
285353	6029
285980	6030
286184	6031
286929	6032
289661	6033
291200	6034
291837	6035
291868	6036
292370	6037
292473	6038
293135	6039
293174	6040
293259	6041
296542	6042
299557	6043
305033	6044
306051	6045
306346	6046
307589	6047
307900	6048
310748	6049
313998	6050
314602	6051
315720	6052
316724	6053
322204	6054
323313	6055
323411	6056
327469	6057
327553	6058
328257	6059
329722	6060
333024	6061
333783	6062
333820	6063
333928	6064
336158	6065
336913	6066
338623	6067
347574	6068
347883	6069
348210	6070
349188	6071
351970	6072
354709	6073
355411	6074
356056	6075
358317	6076
360646	6077
363265	6078
365104	6079
367040	6080
367973	6081
368227	6082
369398	6083
369782	6084
369851	6085
374217	6086
374485	6087
374874	6088
375059	6089
375323	6090
377644	6091
378711	6092
379027	6093
380143	6094
380836	6095
386904	6096
390868	6097
390871	6098
391465	6099
393139	6100
393526	6101
393767	6102
393987	6103
395254	6104
397613	6105
398720	6106
402138	6107
406826	6108
407252	6109
407920	6110
414684	6111
417824	6112
417967	6113
419534	6114
421231	6115
421516	6116
422677	6117
425751	6118
427904	6119
429196	6120
434241	6121
436363	6122
438119	6123
439009	6124
443669	6125
444343	6126
444635	6127
447015	6128
451615	6129
459721	6130
468303	6131
469810	6132
471231	6133
471274	6134
473151	6135
475891	6136
478026	6137
478122	6138
478342	6139
483161	6140
490137	6141
490802	6142
499796	6143
501521	6144
501766	6145
504334	6146
506893	6147
507672	6148
508275	6149
508547	6150
509234	6151
512379	6152
513148	6153
514132	6154
517326	6155
519545	6156
520126	6157
520777	6158
521370	6159
523246	6160
532287	6161
532612	6162
532931	6163
533518	6164
537734	6165
539228	6166
542660	6167
543734	6168
544417	6169
546144	6170
547309	6171
547828	6172
548754	6173
554255	6174
554458	6175
554724	6176
555814	6177
555869	6178
556354	6179
557875	6180
559038	6181
559197	6182
559550	6183
563511	6184
565839	6185
576547	6186
577974	6187
578368	6188
578420	6189
579792	6190
584675	6191
589933	6192
589981	6193
593414	6194
594081	6195
595308	6196
596629	6197
599884	6198
600752	6199
602215	6200
603004	6201
605984	6202
608367	6203
611023	6204
616831	6205
619051	6206
632678	6207
634112	6208
634889	6209
638893	6210
639391	6211
639806	6212
640248	6213
640283	6214
642224	6215
642568	6216
645559	6217
647409	6218
652769	6219
656016	6220
656348	6221
657435	6222
667039	6223
672340	6224
673443	6225
675638	6226
683348	6227
683432	6228
686944	6229
693759	6230
694616	6231
697322	6232
697766	6233
699113	6234
703065	6235
704433	6236
706566	6237
707116	6238
707350	6239
707508	6240
715259	6241
719278	6242
719441	6243
719449	6244
728281	6245
728639	6246
729196	6247
734612	6248
737655	6249
739384	6250
743555	6251
744970	6252
746453	6253
757575	6254
758423	6255
760261	6256
762095	6257
762363	6258
762540	6259
767086	6260
768831	6261
772923	6262
774619	6263
776254	6264
780198	6265
788455	6266
788562	6267
788754	6268
792681	6269
794652	6270
795944	6271
796069	6272
796079	6273
799578	6274
801982	6275
803359	6276
803432	6277
806163	6278
811385	6279
812929	6280
814575	6281
817896	6282
820433	6283
821558	6284
821816	6285
822097	6286
826349	6287
829464	6288
830519	6289
830579	6290
832821	6291
840378	6292
841092	6293
847567	6294
851097	6295
851638	6296
853689	6297
853797	6298
870099	6299
870900	6300
871820	6301
873977	6302
874203	6303
874349	6304
877852	6305
879233	6306
884324	6307
885108	6308
887102	6309
889317	6310
889805	6311
890208	6312
898609	6313
907664	6314
908906	6315
910930	6316
912840	6317
917966	6318
920369	6319
920387	6320
921714	6321
925234	6322
927365	6323
932622	6324
933735	6325
940963	6326
943062	6327
946132	6328
947488	6329
952117	6330
953070	6331
963892	6332
964750	6333
965070	6334
968869	6335
970986	6336
978701	6337
980352	6338
985521	6339
985623	6340
989408	6341
990041	6342
991554	6343
995053	6344
995105	6345
999145	6346
1007163	6347
1007638	6348
1010050	6349
1011112	6350
1012464	6351
1022454	6352
1023683	6353
1026175	6354
1027636	6355
1029596	6356
1033847	6357
1037464	6358
1037981	6359
1038467	6360
1045220	6361
1050179	6362
1050649	6363
1051145	6364
1054547	6365
1055814	6366
1060897	6367
1061066	6368
1061749	6369
1062276	6370
1065105	6371
1066124	6372
1067064	6373
1067906	6374
1068403	6375
1069127	6376
1069245	6377
1075244	6378
1076682	6379
1077321	6380
1077770	6381
1081141	6382
1081561	6383
1084382	6384
1084873	6385
1094244	6386
1096179	6387
1096647	6388
1099888	6389
1103691	6390
1108915	6391
1114086	6392
1115940	6393
1118993	6394
1125490	6395
1128082	6396
1129084	6397
1129118	6398
1134422	6399
1137300	6400
1139049	6401
1149879	6402
1150016	6403
1153915	6404
1157458	6405
1161057	6406
1164425	6407
1170043	6408
1175125	6409
1176362	6410
1177726	6411
1182908	6412
1187154	6413
1191307	6414
1194028	6415
1197414	6416
1203613	6417
1205136	6418
1205769	6419
1213542	6420
1214171	6421
1214826	6422
1215145	6423
1218755	6424
1219954	6425
1220515	6426
1221140	6427
1222012	6428
1226675	6429
1232627	6430
1234241	6431
1234878	6432
1235510	6433
1237612	6434
1242974	6435
1247871	6436
1250664	6437
1260774	6438
1278175	6439
1278818	6440
1285136	6441
1289235	6442
1289898	6443
1299895	6444
1300754	6445
1301362	6446
1301411	6447
1301673	6448
1302228	6449
1302456	6450
1321264	6451
1327888	6452
1330718	6453
1340883	6454
1341794	6455
1346944	6456
1366655	6457
1368989	6458
1370385	6459
1378140	6460
1381276	6461
1386125	6462
1387153	6463
1388874	6464
1390385	6465
1393497	6466
1393990	6467
1394697	6468
1397409	6469
1399592	6470
1400039	6471
1401836	6472
1402678	6473
1405054	6474
1406173	6475
1410554	6476
1415240	6477
1418074	6478
1420791	6479
1425566	6480
1426703	6481
1427463	6482
1428008	6483
1438303	6484
1438344	6485
1439071	6486
1439226	6487
1439954	6488
1443893	6489
1445635	6490
1451455	6491
1459391	6492
1474023	6493
1475699	6494
1477065	6495
1477384	6496
1480822	6497
1484126	6498
1488176	6499
1489632	6500
1491174	6501
1500109	6502
1504009	6503
1511880	6504
1515891	6505
1520325	6506
1521956	6507
1524787	6508
1526294	6509
1527925	6510
1533526	6511
1533643	6512
1534428	6513
1538496	6514
1538725	6515
1538985	6516
1545298	6517
1546325	6518
1547875	6519
1556095	6520
1556639	6521
1557268	6522
1568995	6523
1578583	6524
1583105	6525
1585258	6526
1589216	6527
1591027	6528
1595555	6529
1599896	6530
1604743	6531
1606158	6532
1615824	6533
1628441	6534
1636476	6535
1637816	6536
1642582	6537
1652482	6538
1659725	6539
1668695	6540
1672967	6541
1674444	6542
1675152	6543
1685552	6544
1692889	6545
1692933	6546
1694548	6547
1694551	6548
1695274	6549
1695651	6550
1701063	6551
1707756	6552
1708604	6553
1717065	6554
1718353	6555
1721723	6556
1728327	6557
1738092	6558
1743218	6559
1743653	6560
1747501	6561
1748219	6562
1749247	6563
1753085	6564
1758360	6565
1766860	6566
1768532	6567
1769345	6568
1782573	6569
1788067	6570
1790672	6571
1797906	6572
1812678	6573
1814418	6574
1817762	6575
1817944	6576
1823200	6577
1823496	6578
1830754	6579
1835154	6580
1836851	6581
1844011	6582
1859955	6583
1868153	6584
1886402	6585
1886652	6586
1888965	6587
1894606	6588
1900210	6589
1903189	6590
1909306	6591
1910170	6592
1915442	6593
1920516	6594
1921179	6595
1921347	6596
1927634	6597
1935393	6598
1935608	6599
1939865	6600
1947130	6601
1953800	6602
1961272	6603
1963812	6604
1964593	6605
1970571	6606
1985791	6607
1989211	6608
1994627	6609
1995817	6610
2003434	6611
2008806	6612
2010184	6613
2011504	6614
2021837	6615
2023247	6616
2024062	6617
2028524	6618
2029053	6619
2034106	6620
2035165	6621
2039000	6622
2041651	6623
2051118	6624
2062140	6625
2062947	6626
2062954	6627
2062960	6628
2065558	6629
2067346	6630
2074308	6631
2074560	6632
2078438	6633
2080293	6634
2080800	6635
2086569	6636
2088056	6637
2088718	6638
2093868	6639
2096700	6640
2105237	6641
2105411	6642
2111676	6643
2117770	6644
2120976	6645
2122340	6646
2122733	6647
2124526	6648
2137802	6649
2147121	6650
2151330	6651
2162731	6652
2166256	6653
2176483	6654
2182823	6655
2182886	6656
2190699	6657
2197883	6658
2205403	6659
2208973	6660
2214167	6661
2224748	6662
2224881	6663
2225314	6664
2228724	6665
2230445	6666
2237039	6667
2240055	6668
2242779	6669
2246741	6670
2249714	6671
2258933	6672
2260369	6673
2261655	6674
2270135	6675
2271652	6676
2271875	6677
2272168	6678
2275373	6679
2275880	6680
2286951	6681
2288504	6682
2289063	6683
2295298	6684
2295391	6685
2299460	6686
2302264	6687
2312367	6688
2325203	6689
2325309	6690
2330042	6691
2333800	6692
2336268	6693
2336331	6694
2340755	6695
2341784	6696
2344178	6697
2344716	6698
2353187	6699
2355028	6700
2356238	6701
2365324	6702
2365633	6703
2372811	6704
2384032	6705
2385637	6706
2392871	6707
2401696	6708
2402846	6709
2405715	6710
2409603	6711
2409665	6712
2412610	6713
2419087	6714
2420426	6715
2421075	6716
2421364	6717
2422425	6718
2434466	6719
2439899	6720
2444461	6721
2450196	6722
2451132	6723
2451453	6724
2452315	6725
2460190	6726
2467899	6727
2475486	6728
2484685	6729
2485287	6730
2488300	6731
2489476	6732
2494207	6733
2494601	6734
2500389	6735
2507453	6736
2510234	6737
2511686	6738
2520786	6739
2522811	6740
2528905	6741
2530286	6742
2532267	6743
2539381	6744
2542708	6745
2543644	6746
2545874	6747
2546525	6748
2547023	6749
2553488	6750
2558203	6751
2558883	6752
2567750	6753
2569297	6754
2574587	6755
2589124	6756
2599984	6757
2610455	6758
2621738	6759
2642680	6760
2648886	6761
2658586	6762
2662375	6763
2666940	6764
2667035	6765
2667443	6766
2668040	6767
2671857	6768
2675376	6769
2680202	6770
2681402	6771
2703664	6772
2704194	6773
2709755	6774
2719588	6775
2720917	6776
2733943	6777
2736640	6778
2741750	6779
2745089	6780
2745334	6781
2756810	6782
2761302	6783
2763044	6784
2764032	6785
2769041	6786
2779316	6787
2792845	6788
2803005	6789
2803177	6790
2804554	6791
2809407	6792
2818227	6793
2819009	6794
2845153	6795
2847867	6796
2852501	6797
2866680	6798
2867728	6799
2871490	6800
2872330	6801
2876498	6802
2884010	6803
2884552	6804
2885427	6805
2886513	6806
2902375	6807
2904927	6808
2913113	6809
2913493	6810
2915053	6811
2922645	6812
2922698	6813
2925531	6814
2927954	6815
2952257	6816
2957559	6817
2958232	6818
2966446	6819
2972457	6820
2972619	6821
2979707	6822
2981216	6823
2983106	6824
2985210	6825
2988644	6826
2993482	6827
3001248	6828
3002216	6829
3002282	6830
3002336	6831
3013252	6832
3026353	6833
3036508	6834
3047025	6835
3054071	6836
3056758	6837
3058011	6838
3074051	6839
3079809	6840
3090933	6841
3100020	6842
3100506	6843
3106921	6844
3107653	6845
3108908	6846
3110733	6847
3117771	6848
3133996	6849
3139237	6850
3152484	6851
3155850	6852
3161258	6853
3177087	6854
3179203	6855
3180542	6856
3184113	6857
3185894	6858
3186051	6859
3198263	6860
3200176	6861
3205954	6862
3208724	6863
3213283	6864
3215695	6865
3230805	6866
3232214	6867
3233818	6868
3234305	6869
3238419	6870
3253597	6871
3259566	6872
3263715	6873
3264003	6874
3270168	6875
3278382	6876
3280370	6877
3290638	6878
3298523	6879
3298755	6880
3304056	6881
3305480	6882
3306410	6883
3315234	6884
3319657	6885
3322707	6886
3327618	6887
3329865	6888
3329947	6889
3332507	6890
3338132	6891
3339481	6892
3350453	6893
3361199	6894
3368765	6895
3384629	6896
3390158	6897
3390914	6898
3392909	6899
3398734	6900
3399291	6901
3406171	6902
3412872	6903
3417203	6904
3418738	6905
3420544	6906
3421061	6907
3428386	6908
3429448	6909
3437547	6910
3445620	6911
3464458	6912
3465471	6913
3474846	6914
3477887	6915
3479160	6916
3480025	6917
3480963	6918
3488698	6919
3498476	6920
3499410	6921
3504953	6922
3505027	6923
3505451	6924
3515650	6925
3516674	6926
3524433	6927
3540981	6928
3544746	6929
3549530	6930
3551980	6931
3552154	6932
3552235	6933
3554274	6934
3556352	6935
3556567	6936
3558299	6937
3562391	6938
3562542	6939
3564717	6940
3572531	6941
3583445	6942
3584074	6943
3584381	6944
3585713	6945
3590958	6946
3597860	6947
3597918	6948
3599597	6949
3603971	6950
3605327	6951
3605997	6952
3608199	6953
3611606	6954
3623020	6955
3624589	6956
3631808	6957
3634426	6958
3641819	6959
3642356	6960
3643671	6961
3644013	6962
3644522	6963
3648754	6964
3650384	6965
3653401	6966
3659215	6967
3662381	6968
3662463	6969
3664926	6970
3668826	6971
3669474	6972
3675833	6973
3696434	6974
3700597	6975
3701775	6976
3703598	6977
3707891	6978
3711310	6979
3713385	6980
3718617	6981
3724948	6982
3735845	6983
3739559	6984
3739978	6985
3745814	6986
3757343	6987
3758368	6988
3771609	6989
3772504	6990
3789466	6991
3790149	6992
3799501	6993
3801829	6994
3802455	6995
3813757	6996
3814321	6997
3829423	6998
3832742	6999
3833918	7000
3834584	7001
3835009	7002
3839753	7003
3846969	7004
3847509	7005
3853958	7006
3854534	7007
3869830	7008
3877885	7009
3914045	7010
3922042	7011
3922122	7012
3927344	7013
3930157	7014
3933861	7015
3937061	7016
3938434	7017
3942993	7018
3949505	7019
3950394	7020
3950642	7021
3958182	7022
3962168	7023
3986960	7024
3988004	7025
3988060	7026
3995086	7027
3998031	7028
4008704	7029
4011242	7030
4011244	7031
4013932	7032
4026943	7033
4027577	7034
4032076	7035
4046570	7036
4050548	7037
4056371	7038
4057879	7039
4058827	7040
4059650	7041
4061222	7042
4067086	7043
4076365	7044
4087379	7045
4089395	7046
4090739	7047
4091012	7048
4098311	7049
4101837	7050
4102116	7051
4102541	7052
4114359	7053
4122997	7054
4123587	7055
4128244	7056
4140586	7057
4145072	7058
4162539	7059
4173292	7060
4173598	7061
4175391	7062
4189116	7063
4196701	7064
4200441	7065
4206077	7066
4210799	7067
4223833	7068
4237285	7069
4242599	7070
4244533	7071
4244710	7072
4245063	7073
4254720	7074
4256009	7075
4259766	7076
4262832	7077
4263020	7078
4263972	7079
4282722	7080
4286064	7081
4292303	7082
4300452	7083
4300804	7084
4307843	7085
4308765	7086
4313879	7087
4321348	7088
4322240	7089
4333164	7090
4360691	7091
4361841	7092
4369691	7093
4378205	7094
4416985	7095
4424585	7096
4425416	7097
4427387	7098
4430682	7099
4433045	7100
4443463	7101
4472917	7102
4476355	7103
4479093	7104
4483512	7105
4484217	7106
4489597	7107
4492490	7108
4498123	7109
4498210	7110
4499070	7111
4502616	7112
4503695	7113
4513004	7114
4517506	7115
4521962	7116
4524485	7117
4531028	7118
4539991	7119
4548403	7120
4552943	7121
4562257	7122
4567631	7123
4576410	7124
4579277	7125
4585239	7126
4589335	7127
4600183	7128
4609004	7129
4611330	7130
4614871	7131
4614912	7132
4622968	7133
4636099	7134
4636115	7135
4645291	7136
4653767	7137
4666018	7138
4674913	7139
4681865	7140
4687784	7141
4689943	7142
4690248	7143
4697209	7144
4713637	7145
4719297	7146
4722552	7147
4724619	7148
4725948	7149
4726345	7150
4732849	7151
4748754	7152
4749333	7153
4765494	7154
4772655	7155
4791245	7156
4791589	7157
4797685	7158
4809904	7159
4820816	7160
4831183	7161
4834770	7162
4837161	7163
4837309	7164
4859196	7165
4859343	7166
4861164	7167
4867291	7168
4869850	7169
4876601	7170
4884370	7171
4893900	7172
4900994	7173
4901716	7174
4911697	7175
4917109	7176
4923234	7177
4925460	7178
4933162	7179
4934144	7180
4934783	7181
4955037	7182
4960103	7183
4968497	7184
4983810	7185
4986693	7186
4991678	7187
4996371	7188
5011733	7189
5032444	7190
5032552	7191
5033248	7192
5060088	7193
5063222	7194
5068775	7195
5084347	7196
5093254	7197
5094000	7198
5101903	7199
5103496	7200
5120298	7201
5121158	7202
5139584	7203
5141207	7204
5144184	7205
5145603	7206
5146581	7207
5159509	7208
5162790	7209
5165067	7210
5170571	7211
5184035	7212
5186993	7213
5189210	7214
5190144	7215
5195210	7216
5196691	7217
5202011	7218
5202962	7219
5203429	7220
5204458	7221
5204860	7222
5205416	7223
5210043	7224
5220101	7225
5222339	7226
5228452	7227
5236855	7228
5237456	7229
5242795	7230
5245551	7231
5253153	7232
5253624	7233
5260392	7234
5262765	7235
5266883	7236
5283688	7237
5286108	7238
5288851	7239
5290873	7240
5292473	7241
5294040	7242
5297328	7243
5299769	7244
5307702	7245
5313001	7246
5316377	7247
5316796	7248
5317143	7249
5322948	7250
5323416	7251
5323788	7252
5329268	7253
5345059	7254
5347905	7255
5367365	7256
5390621	7257
5396293	7258
5396581	7259
5398795	7260
5407515	7261
5408053	7262
5416859	7263
5420723	7264
5424983	7265
5443627	7266
5444761	7267
5445433	7268
5457551	7269
5465120	7270
5481626	7271
5483006	7272
5497071	7273
5497161	7274
5497292	7275
5498565	7276
5505322	7277
5514796	7278
5515384	7279
5517127	7280
5521980	7281
5522565	7282
5523000	7283
5523604	7284
5524277	7285
5544425	7286
5549520	7287
5556271	7288
5564570	7289
5566329	7290
5572069	7291
5575535	7292
5581174	7293
5595034	7294
5600057	7295
5606478	7296
5607542	7297
5607807	7298
5617375	7299
5623854	7300
5634800	7301
5636236	7302
5641770	7303
5641835	7304
5660031	7305
5661106	7306
5662084	7307
5675791	7308
5680064	7309
5685560	7310
5685851	7311
5690964	7312
5694131	7313
5699140	7314
5712064	7315
5713227	7316
5713259	7317
5714654	7318
5721615	7319
5738592	7320
5747412	7321
5754623	7322
5754851	7323
5760759	7324
5773762	7325
5778634	7326
5780143	7327
5793549	7328
5794749	7329
5804069	7330
5813049	7331
5816732	7332
5823432	7333
5824453	7334
5829208	7335
5834976	7336
5835593	7337
5844430	7338
5846173	7339
5852876	7340
5861545	7341
5863507	7342
5865144	7343
5870173	7344
5873852	7345
5874106	7346
5874299	7347
5880913	7348
5899723	7349
5902774	7350
5922702	7351
5952434	7352
5962271	7353
5964406	7354
5967067	7355
5969363	7356
5970659	7357
5977404	7358
5989822	7359
5992831	7360
6007344	7361
6010790	7362
6022646	7363
6022656	7364
6045599	7365
6068095	7366
6077496	7367
6086828	7368
6089612	7369
6091460	7370
6110699	7371
6114152	7372
6122099	7373
6126053	7374
6126543	7375
6137553	7376
6141943	7377
6144017	7378
6144595	7379
6147426	7380
6161241	7381
6161497	7382
6183806	7383
6190631	7384
6193020	7385
6193087	7386
6195216	7387
6203481	7388
6206582	7389
6220783	7390
6222061	7391
6233982	7392
6249604	7393
6251839	7394
6262134	7395
6263603	7396
6285484	7397
6320231	7398
6329374	7399
6345859	7400
6369471	7401
6371819	7402
6382002	7403
6382238	7404
6387599	7405
6418367	7406
6459687	7407
6469486	7408
6471916	7409
6475687	7410
6479029	7411
6486345	7412
6526257	7413
6526455	7414
6530915	7415
6540578	7416
6560712	7417
6568353	7418
6571587	7419
6573203	7420
6574675	7421
6588054	7422
6589394	7423
6610680	7424
6633529	7425
6639796	7426
6647138	7427
6648459	7428
6655103	7429
6669530	7430
6673089	7431
6724192	7432
6730904	7433
6731299	7434
6734884	7435
6736869	7436
6739475	7437
6743065	7438
6750312	7439
6763681	7440
6784029	7441
6825852	7442
6826702	7443
6845627	7444
6847365	7445
6849972	7446
6852045	7447
6853528	7448
6862881	7449
6869855	7450
6885548	7451
6890629	7452
6895451	7453
6913907	7454
6926352	7455
6957137	7456
6959880	7457
6961379	7458
6965728	7459
6997962	7460
6998089	7461
6998155	7462
7008795	7463
7018353	7464
7025188	7465
7031332	7466
7035911	7467
7036026	7468
7040587	7469
7054174	7470
7056691	7471
7097663	7472
7105331	7473
7126840	7474
7128973	7475
7142629	7476
7148163	7477
7157670	7478
7160246	7479
7182801	7480
7183070	7481
7187296	7482
7203092	7483
7237273	7484
7264589	7485
7312390	7486
7366442	7487
7366583	7488
7371967	7489
7387312	7490
7390255	7491
7394574	7492
7396218	7493
7427563	7494
7429743	7495
7441915	7496
7441930	7497
7445547	7498
7487873	7499
7488361	7500
7489051	7501
7504189	7502
7510276	7503
7522037	7504
7525791	7505
7528580	7506
7531849	7507
7570190	7508
7605238	7509
7653422	7510
7659682	7511
7661475	7512
7684186	7513
7703911	7514
7721479	7515
7735507	7516
7736052	7517
7770811	7518
7776865	7519
7779556	7520
7827085	7521
7828937	7522
7838438	7523
7856136	7524
7888797	7525
7888903	7526
7896513	7527
7899427	7528
7970284	7529
7983391	7530
7997467	7531
8016593	7532
8025203	7533
8027130	7534
8051331	7535
8054919	7536
8083611	7537
8112474	7538
8113005	7539
8144685	7540
8144686	7541
8153183	7542
8173278	7543
8181775	7544
8183693	7545
8194979	7546
8203760	7547
8232541	7548
8248148	7549
8249836	7550
8273278	7551
8284718	7552
8298798	7553
8308310	7554
8311734	7555
8314909	7556
8317393	7557
8326494	7558
8330804	7559
8342749	7560
8425341	7561
8429051	7562
8437624	7563
8440703	7564
8478487	7565
8508407	7566
8513587	7567
8524515	7568
8576851	7569
8579562	7570
8606652	7571
8622591	7572
8659092	7573
8666387	7574
8674198	7575
8676815	7576
8691918	7577
8701274	7578
8744502	7579
8747549	7580
8756002	7581
8795372	7582
8804896	7583
8854453	7584
8861946	7585
8862010	7586
8870429	7587
8872527	7588
8879715	7589
8886330	7590
8898995	7591
8907097	7592
8909339	7593
8922942	7594
8926156	7595
8953198	7596
8981675	7597
8995008	7598
9001642	7599
9003189	7600
9046308	7601
9052073	7602
9056126	7603
9086989	7604
9090565	7605
9117953	7606
9165631	7607
9184036	7608
9196883	7609
9202710	7610
9209690	7611
9217592	7612
9244390	7613
9293858	7614
9393720	7615
9435134	7616
9450975	7617
9458920	7618
9471963	7619
9521396	7620
9523707	7621
9583071	7622
9583240	7623
9608445	7624
9636347	7625
9694266	7626
9714591	7627
9714649	7628
9732080	7629
9739558	7630
9777122	7631
9779153	7632
9880761	7633
9913872	7634
9918240	7635
10008237	7636
10065334	7637
10120327	7638
10223374	7639
10325733	7640
10333059	7641
10363356	7642
10386599	7643
10427883	7644
10513173	7645
10519264	7646
10644827	7647
10658749	7648
10708043	7649
10820559	7650
11113918	7651
11167625	7652
