122663	3955
122664	3956
122665	3957
122666	3958
122667	3959
122669	3960
122673	3961
122674	3962
122676	3963
122677	3964
122681	3965
122682	3966
122684	3967
122687	3968
122688	3969
122692	3970
122693	3971
122694	3972
122697	3973
122699	3974
122701	3975
122703	3976
122704	3977
122705	3978
122706	3979
122707	3980
122708	3981
122710	3982
122711	3983
122712	3984
122713	3985
122714	3986
122717	3987
122718	3988
122719	3989
122725	3990
122727	3991
122728	3992
122730	3993
122733	3994
122737	3995
122744	3996
122745	3997
122746	3998
122747	3999
123536	4000
123567	4001
124212	4002
125321	4003
125780	4004
125919	4005
126097	4006
126158	4007
126310	4008
126442	4009
126470	4010
126563	4011
126643	4012
126802	4013
127071	4014
127091	4015
127121	4016
127220	4017
127468	4018
128009	4019
128520	4020
128525	4021
128531	4022
128844	4023
129057	4024
129408	4025
129456	4026
129479	4027
129565	4028
129920	4029
129926	4030
129998	4031
130101	4032
130138	4033
130248	4034
130360	4035
130502	4036
130505	4037
130587	4038
131308	4039
131393	4040
131416	4041
131600	4042
131609	4043
131821	4044
131834	4045
132007	4046
132047	4047
132201	4048
132313	4049
132384	4050
132400	4051
132403	4052
132946	4053
133004	4054
133023	4055
133083	4056
133164	4057
133353	4058
133446	4059
133768	4060
133821	4061
133911	4062
134015	4063
134017	4064
134812	4065
134815	4066
134914	4067
135656	4068
136989	4069
137002	4070
137146	4071
137192	4072
137497	4073
137794	4074
137795	4075
137803	4076
138157	4077
138179	4078
138206	4079
138220	4080
138249	4081
138256	4082
138295	4083
138614	4084
139122	4085
139168	4086
139256	4087
139376	4088
139542	4089
139723	4090
140241	4091
140346	4092
140366	4093
140420	4094
140429	4095
140990	4096
141305	4097
141318	4098
141465	4099
141630	4100
141734	4101
141855	4102
142163	4103
142176	4104
142293	4105
142323	4106
142355	4107
142391	4108
142455	4109
142468	4110
142546	4111
142595	4112
142606	4113
142609	4114
142738	4115
142787	4116
142849	4117
142874	4118
142922	4119
143100	4120
143766	4121
143935	4122
144191	4123
144487	4124
144500	4125
144566	4126
144685	4127
144891	4128
144919	4129
145622	4130
145672	4131
145699	4132
146078	4133
146766	4134
146774	4135
147173	4136
147376	4137
147504	4138
147693	4139
147990	4140
148059	4141
148476	4142
148752	4143
149008	4144
149039	4145
149306	4146
149707	4147
149734	4148
149763	4149
149962	4150
150380	4151
150502	4152
150516	4153
150527	4154
150574	4155
150945	4156
151228	4157
151413	4158
151720	4159
151975	4160
152523	4161
152562	4162
152691	4163
152715	4164
152836	4165
152934	4166
153094	4167
153445	4168
153749	4169
153787	4170
153906	4171
154255	4172
154370	4173
154378	4174
154495	4175
155030	4176
155131	4177
155183	4178
155204	4179
155219	4180
155235	4181
155313	4182
155585	4183
155668	4184
155675	4185
155694	4186
155789	4187
156125	4188
156151	4189
156241	4190
156285	4191
156387	4192
156686	4193
156697	4194
157041	4195
157054	4196
157066	4197
157143	4198
157176	4199
157191	4200
157204	4201
157375	4202
157476	4203
157581	4204
157605	4205
157679	4206
157716	4207
157721	4208
157741	4209
157786	4210
157800	4211
157867	4212
158479	4213
158537	4214
158596	4215
158676	4216
158749	4217
158757	4218
158919	4219
158924	4220
159152	4221
159168	4222
159281	4223
159286	4224
159306	4225
159363	4226
159408	4227
159496	4228
159535	4229
159597	4230
159709	4231
160075	4232
160093	4233
160177	4234
160209	4235
160615	4236
160679	4237
160882	4238
161417	4239
161466	4240
161532	4241
161574	4242
161631	4243
162018	4244
162192	4245
162340	4246
162741	4247
162754	4248
163480	4249
163642	4250
163692	4251
163695	4252
163831	4253
163843	4254
163859	4255
163909	4256
163958	4257
164654	4258
164655	4259
164663	4260
164715	4261
164756	4262
164775	4263
165170	4264
165337	4265
165350	4266
165498	4267
165531	4268
165658	4269
165980	4270
166007	4271
166144	4272
166209	4273
166625	4274
166645	4275
166788	4276
166937	4277
167257	4278
167287	4279
167373	4280
167404	4281
167546	4282
167616	4283
168025	4284
168113	4285
168152	4286
168162	4287
168185	4288
168288	4289
168366	4290
168590	4291
168620	4292
168682	4293
168772	4294
168908	4295
168916	4296
168976	4297
169183	4298
169224	4299
169677	4300
169744	4301
169769	4302
170092	4303
170307	4304
171088	4305
171188	4306
171213	4307
171435	4308
171808	4309
171892	4310
172491	4311
172890	4312
172904	4313
172919	4314
173152	4315
173675	4316
173803	4317
173878	4318
174128	4319
174291	4320
174721	4321
174781	4322
174932	4323
174977	4324
175318	4325
175807	4326
175935	4327
176390	4328
176551	4329
176602	4330
176680	4331
176690	4332
176729	4333
176796	4334
177726	4335
177730	4336
177733	4337
177746	4338
177759	4339
178237	4340
178819	4341
178913	4342
178932	4343
179080	4344
179136	4345
179149	4346
179753	4347
179758	4348
179786	4349
180230	4350
180407	4351
180473	4352
180523	4353
180734	4354
181300	4355
181691	4356
181693	4357
182118	4358
182702	4359
182759	4360
182761	4361
184972	4362
185142	4363
185625	4364
186755	4365
186978	4366
187177	4367
187411	4368
189218	4369
189295	4370
189309	4371
189991	4372
190617	4373
190850	4374
190865	4375
191003	4376
191408	4377
191995	4378
192379	4379
192823	4380
192972	4381
192992	4382
193415	4383
193906	4384
195823	4385
196830	4386
197608	4387
197748	4388
197966	4389
198044	4390
199161	4391
199162	4392
199281	4393
199671	4394
199881	4395
200627	4396
200954	4397
200974	4398
201006	4399
201023	4400
201034	4401
201043	4402
201235	4403
201328	4404
201579	4405
201730	4406
201795	4407
201922	4408
202979	4409
203334	4410
203375	4411
203566	4412
203576	4413
203694	4414
203807	4415
205271	4416
205467	4417
206097	4418
206499	4419
206766	4420
206794	4421
206828	4422
206862	4423
206867	4424
207227	4425
207371	4426
208324	4427
208401	4428
208646	4429
209518	4430
209580	4431
209603	4432
210585	4433
210851	4434
211164	4435
211212	4436
211219	4437
211478	4438
212058	4439
212382	4440
213028	4441
213476	4442
213901	4443
214410	4444
214817	4445
214867	4446
214990	4447
215121	4448
215689	4449
216005	4450
216471	4451
216913	4452
216955	4453
218499	4454
218523	4455
218730	4456
218896	4457
218980	4458
219407	4459
219468	4460
219469	4461
219507	4462
220032	4463
220544	4464
220582	4465
220593	4466
220652	4467
221865	4468
221868	4469
221927	4470
222090	4471
222098	4472
222675	4473
222817	4474
223007	4475
223375	4476
223501	4477
223545	4478
223710	4479
223851	4480
224807	4481
225228	4482
225417	4483
225557	4484
226066	4485
226377	4486
226818	4487
227365	4488
227607	4489
228005	4490
228142	4491
228352	4492
228579	4493
228587	4494
228937	4495
228976	4496
229388	4497
229460	4498
229497	4499
229963	4500
230020	4501
231578	4502
231950	4503
233046	4504
233340	4505
233592	4506
235471	4507
235953	4508
236033	4509
236992	4510
237396	4511
237895	4512
238710	4513
238883	4514
239073	4515
240357	4516
240675	4517
241004	4518
241215	4519
242026	4520
242037	4521
242064	4522
242205	4523
242626	4524
243022	4525
243612	4526
243884	4527
244425	4528
244488	4529
244548	4530
244617	4531
246053	4532
246128	4533
246620	4534
246703	4535
246911	4536
247332	4537
247416	4538
247602	4539
248622	4540
250219	4541
250783	4542
250818	4543
251047	4544
251987	4545
252745	4546
252776	4547
252854	4548
252899	4549
253131	4550
253574	4551
253829	4552
254116	4553
254878	4554
254953	4555
254975	4556
254986	4557
255290	4558
255714	4559
256765	4560
256838	4561
257697	4562
257881	4563
260141	4564
260358	4565
260611	4566
260776	4567
260813	4568
261381	4569
261586	4570
261603	4571
263698	4572
266270	4573
266370	4574
269170	4575
271623	4576
273932	4577
274539	4578
274607	4579
274689	4580
275408	4581
276017	4582
276849	4583
279666	4584
279777	4585
280907	4586
281880	4587
283037	4588
284204	4589
284824	4590
285277	4591
285388	4592
289581	4593
289597	4594
289623	4595
289711	4596
290232	4597
290422	4598
292844	4599
293098	4600
294221	4601
294860	4602
295214	4603
295499	4604
296082	4605
296563	4606
296606	4607
296726	4608
298540	4609
299302	4610
300139	4611
300204	4612
300966	4613
301716	4614
303944	4615
304384	4616
305227	4617
305379	4618
305748	4619
305922	4620
306685	4621
306891	4622
308106	4623
309851	4624
310467	4625
310528	4626
310779	4627
312499	4628
312614	4629
312662	4630
313540	4631
314951	4632
315406	4633
315565	4634
315596	4635
316214	4636
316282	4637
318168	4638
318399	4639
318869	4640
318974	4641
319673	4642
320465	4643
322795	4644
322922	4645
323213	4646
323309	4647
323419	4648
323487	4649
323958	4650
323983	4651
324081	4652
324400	4653
325609	4654
326285	4655
327764	4656
328251	4657
328434	4658
330656	4659
330717	4660
330721	4661
331234	4662
332306	4663
332310	4664
332445	4665
333020	4666
333928	4667
336054	4668
336254	4669
338069	4670
338290	4671
338697	4672
338725	4673
339036	4674
340645	4675
341238	4676
341310	4677
341546	4678
342759	4679
343020	4680
343417	4681
343485	4682
343648	4683
344359	4684
345587	4685
345604	4686
345728	4687
345738	4688
345851	4689
346338	4690
348175	4691
348215	4692
348512	4693
348556	4694
350918	4695
351557	4696
351705	4697
352800	4698
352938	4699
353395	4700
354141	4701
354870	4702
357226	4703
357426	4704
357522	4705
357651	4706
357680	4707
360728	4708
363784	4709
363804	4710
364563	4711
364642	4712
365213	4713
365225	4714
365233	4715
365337	4716
366436	4717
366461	4718
366566	4719
366778	4720
369085	4721
369114	4722
371939	4723
372228	4724
372445	4725
373069	4726
373426	4727
373654	4728
374117	4729
376080	4730
376734	4731
378915	4732
378929	4733
379057	4734
381419	4735
381698	4736
381838	4737
381890	4738
381987	4739
381993	4740
382220	4741
384038	4742
384321	4743
385386	4744
385415	4745
386045	4746
387138	4747
388767	4748
388881	4749
391506	4750
391971	4751
391972	4752
392067	4753
393225	4754
394048	4755
396655	4756
396895	4757
397428	4758
397650	4759
397658	4760
397950	4761
398332	4762
399176	4763
399745	4764
400163	4765
400668	4766
403432	4767
404357	4768
404864	4769
405126	4770
405740	4771
407666	4772
407832	4773
409189	4774
413639	4775
414322	4776
415211	4777
415571	4778
418064	4779
419607	4780
419656	4781
419812	4782
419873	4783
423385	4784
423615	4785
423680	4786
424686	4787
425161	4788
425964	4789
425969	4790
426474	4791
428775	4792
428776	4793
429534	4794
430192	4795
430817	4796
431107	4797
432283	4798
432509	4799
433348	4800
433566	4801
434958	4802
435194	4803
435385	4804
435414	4805
437726	4806
438327	4807
438564	4808
439605	4809
440598	4810
440691	4811
440699	4812
441713	4813
443636	4814
444659	4815
444809	4816
445070	4817
445471	4818
446289	4819
446653	4820
446979	4821
447445	4822
447966	4823
448568	4824
448583	4825
448645	4826
448934	4827
452592	4828
452829	4829
453713	4830
453791	4831
454032	4832
454289	4833
454917	4834
455734	4835
455980	4836
456183	4837
456214	4838
457074	4839
457180	4840
458525	4841
458530	4842
459346	4843
460903	4844
461191	4845
461232	4846
461970	4847
462050	4848
462181	4849
463008	4850
463576	4851
463744	4852
465562	4853
465934	4854
466019	4855
466238	4856
466245	4857
466306	4858
466358	4859
466605	4860
467041	4861
467259	4862
467398	4863
467445	4864
467773	4865
467878	4866
468475	4867
468537	4868
468726	4869
470671	4870
471071	4871
471098	4872
472188	4873
473044	4874
473214	4875
475345	4876
475574	4877
475929	4878
476016	4879
476210	4880
477530	4881
477909	4882
478004	4883
478190	4884
478213	4885
481789	4886
482816	4887
483344	4888
484200	4889
484241	4890
484714	4891
485032	4892
487292	4893
488231	4894
488337	4895
488658	4896
488764	4897
489059	4898
489844	4899
490188	4900
490581	4901
490653	4902
490726	4903
490779	4904
490967	4905
491104	4906
491181	4907
491905	4908
491930	4909
492308	4910
492661	4911
492945	4912
493093	4913
493123	4914
493138	4915
493996	4916
494195	4917
494209	4918
494465	4919
494518	4920
494521	4921
494816	4922
495397	4923
495467	4924
496844	4925
497043	4926
497762	4927
498163	4928
498936	4929
499474	4930
499565	4931
499857	4932
499864	4933
501675	4934
501723	4935
502127	4936
502246	4937
502313	4938
502500	4939
502739	4940
502810	4941
503705	4942
503744	4943
503944	4944
504081	4945
504530	4946
504945	4947
505892	4948
506596	4949
507462	4950
508353	4951
508751	4952
508799	4953
508828	4954
508952	4955
509983	4956
510844	4957
511110	4958
511405	4959
511832	4960
513102	4961
514447	4962
515833	4963
517332	4964
517492	4965
518171	4966
518792	4967
520265	4968
520349	4969
520465	4970
521040	4971
521528	4972
521768	4973
521973	4974
522761	4975
524085	4976
524755	4977
524851	4978
525022	4979
525539	4980
525784	4981
526272	4982
526461	4983
527162	4984
527253	4985
528635	4986
529054	4987
529077	4988
529134	4989
529385	4990
529900	4991
530011	4992
531181	4993
531622	4994
532550	4995
532635	4996
532690	4997
532888	4998
533406	4999
533497	5000
534100	5001
534714	5002
534933	5003
535366	5004
535385	5005
536879	5006
536939	5007
537701	5008
537990	5009
538418	5010
538729	5011
540138	5012
541153	5013
541295	5014
541350	5015
541402	5016
541471	5017
543022	5018
543925	5019
544202	5020
544572	5021
545766	5022
545851	5023
546354	5024
548447	5025
548776	5026
548933	5027
549496	5028
549563	5029
549647	5030
550529	5031
550690	5032
550713	5033
550939	5034
550979	5035
551011	5036
551164	5037
552085	5038
552284	5039
552310	5040
552683	5041
553312	5042
556281	5043
556667	5044
557418	5045
558239	5046
558322	5047
558611	5048
558883	5049
559017	5050
559858	5051
559943	5052
560067	5053
560196	5054
560393	5055
560764	5056
561170	5057
561449	5058
562638	5059
564183	5060
564485	5061
565620	5062
566490	5063
566746	5064
567821	5065
571219	5066
572437	5067
573439	5068
573861	5069
573902	5070
574114	5071
574137	5072
574295	5073
574411	5074
574734	5075
574812	5076
575360	5077
575944	5078
576802	5079
577270	5080
577325	5081
577390	5082
577550	5083
578342	5084
579009	5085
579328	5086
579446	5087
579604	5088
579937	5089
580084	5090
580129	5091
580188	5092
582283	5093
582288	5094
582463	5095
582513	5096
582538	5097
582788	5098
582900	5099
582993	5100
583040	5101
583269	5102
585522	5103
586368	5104
586433	5105
586942	5106
586955	5107
587303	5108
589480	5109
589485	5110
589616	5111
590326	5112
590546	5113
590645	5114
591374	5115
591685	5116
591810	5117
591974	5118
592369	5119
592739	5120
593088	5121
593622	5122
596002	5123
596521	5124
596771	5125
597270	5126
597561	5127
598391	5128
599119	5129
600191	5130
600297	5131
600730	5132
600783	5133
600816	5134
601213	5135
601221	5136
603337	5137
603577	5138
605010	5139
606174	5140
606965	5141
607019	5142
607255	5143
607369	5144
607704	5145
607718	5146
608061	5147
608316	5148
609079	5149
609172	5150
610268	5151
610641	5152
612875	5153
613610	5154
614585	5155
615099	5156
615131	5157
615204	5158
615254	5159
615535	5160
615538	5161
615575	5162
615636	5163
615657	5164
615844	5165
616263	5166
617347	5167
617389	5168
617433	5169
617649	5170
617778	5171
618172	5172
618223	5173
618244	5174
618754	5175
620808	5176
621968	5177
623097	5178
623342	5179
623451	5180
623631	5181
623678	5182
623749	5183
626358	5184
626541	5185
626633	5186
626639	5187
627143	5188
627428	5189
628114	5190
628627	5191
628815	5192
629660	5193
629904	5194
630813	5195
630886	5196
631021	5197
632358	5198
632906	5199
633268	5200
633710	5201
634606	5202
634616	5203
635729	5204
635753	5205
635864	5206
636236	5207
636664	5208
636851	5209
636899	5210
637170	5211
638925	5212
639517	5213
639694	5214
639873	5215
641366	5216
641423	5217
642648	5218
643876	5219
644914	5220
645313	5221
645996	5222
646567	5223
646722	5224
646727	5225
647295	5226
648031	5227
648676	5228
648783	5229
654217	5230
654480	5231
655399	5232
655473	5233
655690	5234
656469	5235
656741	5236
657933	5237
657987	5238
658035	5239
659010	5240
659325	5241
660562	5242
661830	5243
661998	5244
662707	5245
662936	5246
664076	5247
664234	5248
664836	5249
665349	5250
665847	5251
666410	5252
666486	5253
667800	5254
668438	5255
668640	5256
668881	5257
668968	5258
669000	5259
669287	5260
669793	5261
669889	5262
670334	5263
671143	5264
671488	5265
671497	5266
671724	5267
672275	5268
673857	5269
674129	5270
674386	5271
674627	5272
674772	5273
675135	5274
675336	5275
676479	5276
677156	5277
677876	5278
677978	5279
678063	5280
678305	5281
678320	5282
680082	5283
680128	5284
680233	5285
680367	5286
680807	5287
680863	5288
681022	5289
681121	5290
681250	5291
681456	5292
681499	5293
681511	5294
682039	5295
682202	5296
682328	5297
683268	5298
683721	5299
683845	5300
686540	5301
686896	5302
686927	5303
686952	5304
687453	5305
687606	5306
687723	5307
688605	5308
689677	5309
689841	5310
689986	5311
690217	5312
690308	5313
690698	5314
691143	5315
692560	5316
692896	5317
692947	5318
693804	5319
694489	5320
695303	5321
695688	5322
695960	5323
696540	5324
698896	5325
699112	5326
701137	5327
702145	5328
702258	5329
702606	5330
702711	5331
702840	5332
703295	5333
703417	5334
704035	5335
704207	5336
705278	5337
705474	5338
705948	5339
706641	5340
707191	5341
707269	5342
708173	5343
708967	5344
710080	5345
710795	5346
711515	5347
712024	5348
712176	5349
712359	5350
712526	5351
712993	5352
713375	5353
713654	5354
714579	5355
715639	5356
715703	5357
716517	5358
716733	5359
717239	5360
717332	5361
717488	5362
718002	5363
718706	5364
718852	5365
718864	5366
719058	5367
719302	5368
719409	5369
720871	5370
720963	5371
720981	5372
721169	5373
721460	5374
721476	5375
721749	5376
722208	5377
722469	5378
722734	5379
723301	5380
723717	5381
724108	5382
724662	5383
724681	5384
724745	5385
724769	5386
724880	5387
725265	5388
725371	5389
727043	5390
727090	5391
727337	5392
727399	5393
727445	5394
727942	5395
727985	5396
728014	5397
728182	5398
728674	5399
728682	5400
728731	5401
729384	5402
729866	5403
730460	5404
730667	5405
731109	5406
731648	5407
731731	5408
733167	5409
734426	5410
734462	5411
735021	5412
735492	5413
735894	5414
735996	5415
736577	5416
736689	5417
737083	5418
737311	5419
737802	5420
739775	5421
740968	5422
741011	5423
741099	5424
741118	5425
741229	5426
741831	5427
741975	5428
742250	5429
743335	5430
743377	5431
743665	5432
744033	5433
744143	5434
744220	5435
744910	5436
746251	5437
747826	5438
747929	5439
748291	5440
748691	5441
750409	5442
750502	5443
750674	5444
751537	5445
753220	5446
753423	5447
756805	5448
758866	5449
759178	5450
759372	5451
763279	5452
764488	5453
764982	5454
767330	5455
768554	5456
769748	5457
774953	5458
776269	5459
776387	5460
776625	5461
776800	5462
777078	5463
777547	5464
777618	5465
778433	5466
779062	5467
779534	5468
781264	5469
782055	5470
782362	5471
782544	5472
782586	5473
782908	5474
783178	5475
783601	5476
784467	5477
784477	5478
784514	5479
784526	5480
784700	5481
787770	5482
788056	5483
788075	5484
788864	5485
789214	5486
789525	5487
789909	5488
790285	5489
790448	5490
790494	5491
791528	5492
791639	5493
792827	5494
793496	5495
794119	5496
794928	5497
796300	5498
796638	5499
796643	5500
796647	5501
796651	5502
796652	5503
796653	5504
796658	5505
797363	5506
798156	5507
801700	5508
802007	5509
802402	5510
803114	5511
803506	5512
803578	5513
803742	5514
804648	5515
807596	5516
808620	5517
809554	5518
809574	5519
809738	5520
809852	5521
810874	5522
811569	5523
812130	5524
812444	5525
813195	5526
813788	5527
817091	5528
817424	5529
817893	5530
817895	5531
818552	5532
818607	5533
818887	5534
819918	5535
820121	5536
820344	5537
820436	5538
822025	5539
823106	5540
824332	5541
824450	5542
824789	5543
825615	5544
825688	5545
825820	5546
826075	5547
826239	5548
826814	5549
827397	5550
827444	5551
827513	5552
829849	5553
830320	5554
830826	5555
831073	5556
831352	5557
832720	5558
833207	5559
833410	5560
833603	5561
836224	5562
836639	5563
842438	5564
843164	5565
843824	5566
844230	5567
844233	5568
844248	5569
845327	5570
845550	5571
846412	5572
847033	5573
847084	5574
847210	5575
848360	5576
849706	5577
849770	5578
849926	5579
850053	5580
850358	5581
851635	5582
851811	5583
851813	5584
852150	5585
854305	5586
856074	5587
857038	5588
857487	5589
859392	5590
860281	5591
861354	5592
861473	5593
861884	5594
862958	5595
863517	5596
864376	5597
864399	5598
865483	5599
869172	5600
869276	5601
869613	5602
870646	5603
871360	5604
871769	5605
872665	5606
874504	5607
874897	5608
875027	5609
875771	5610
875870	5611
878450	5612
878567	5613
878783	5614
878815	5615
878924	5616
880184	5617
881487	5618
882672	5619
883020	5620
883211	5621
883362	5622
883515	5623
883996	5624
884058	5625
885302	5626
886131	5627
886567	5628
888475	5629
888662	5630
890217	5631
890503	5632
892688	5633
893601	5634
894074	5635
894111	5636
894231	5637
894990	5638
895194	5639
898643	5640
899237	5641
900248	5642
900805	5643
901134	5644
901214	5645
901245	5646
902188	5647
902208	5648
902415	5649
904586	5650
904760	5651
905185	5652
905399	5653
906295	5654
906533	5655
907060	5656
907297	5657
908959	5658
909336	5659
909750	5660
915261	5661
915514	5662
916501	5663
916668	5664
917234	5665
918456	5666
919025	5667
919038	5668
919255	5669
919894	5670
920001	5671
923503	5672
923683	5673
923896	5674
924107	5675
924410	5676
924880	5677
929394	5678
932789	5679
932868	5680
933456	5681
933756	5682
933892	5683
945255	5684
945263	5685
945310	5686
945379	5687
945578	5688
945724	5689
947573	5690
949730	5691
950625	5692
950654	5693
954594	5694
955444	5695
955586	5696
955897	5697
956650	5698
957851	5699
958044	5700
959645	5701
959904	5702
960366	5703
962809	5704
963046	5705
964213	5706
965489	5707
965490	5708
965694	5709
966537	5710
970496	5711
973671	5712
976368	5713
976744	5714
977226	5715
977336	5716
978585	5717
978976	5718
979902	5719
981385	5720
982425	5721
982680	5722
982784	5723
983037	5724
983282	5725
983596	5726
983825	5727
984310	5728
984922	5729
984961	5730
985279	5731
985368	5732
985474	5733
987610	5734
987693	5735
988371	5736
989992	5737
990794	5738
993665	5739
993674	5740
993801	5741
994587	5742
995795	5743
996163	5744
996987	5745
997571	5746
1001045	5747
1001920	5748
1003642	5749
1004051	5750
1007511	5751
1008061	5752
1008219	5753
1009950	5754
1010332	5755
1010915	5756
1011284	5757
1011609	5758
1011912	5759
1012550	5760
1012718	5761
1012895	5762
1014434	5763
1017342	5764
1017788	5765
1018067	5766
1018888	5767
1019222	5768
1019376	5769
1019513	5770
1021810	5771
1023357	5772
1023440	5773
1023589	5774
1024423	5775
1024886	5776
1025868	5777
1027385	5778
1027957	5779
1028607	5780
1028745	5781
1029157	5782
1030191	5783
1030487	5784
1030566	5785
1030576	5786
1030657	5787
1030746	5788
1031773	5789
1031833	5790
1034476	5791
1034926	5792
1035399	5793
1035828	5794
1035930	5795
1037826	5796
1039296	5797
1041649	5798
1042577	5799
1043095	5800
1043302	5801
1043391	5802
1043569	5803
1043757	5804
1044250	5805
1044300	5806
1044438	5807
1044903	5808
1047519	5809
1047988	5810
1049129	5811
1049134	5812
1049383	5813
1049484	5814
1049998	5815
1050105	5816
1050361	5817
1050759	5818
1050989	5819
1051122	5820
1052278	5821
1055918	5822
1056838	5823
1057146	5824
1057661	5825
1058578	5826
1058853	5827
1059790	5828
1059867	5829
1062847	5830
1063316	5831
1065520	5832
1066405	5833
1067681	5834
1070606	5835
1071180	5836
1071209	5837
1071412	5838
1071630	5839
1072647	5840
1076589	5841
1076804	5842
1077523	5843
1077673	5844
1077972	5845
1082807	5846
1083191	5847
1083655	5848
1085021	5849
1088962	5850
1088990	5851
1090446	5852
1090590	5853
1091341	5854
1092427	5855
1093304	5856
1093370	5857
1095723	5858
1097462	5859
1097647	5860
1099468	5861
1099527	5862
1100434	5863
1100786	5864
1104331	5865
1106193	5866
1106669	5867
1107232	5868
1107998	5869
1109174	5870
1109387	5871
1112703	5872
1114569	5873
1114866	5874
1115643	5875
1115785	5876
1118700	5877
1118980	5878
1119906	5879
1120335	5880
1120394	5881
1120454	5882
1120687	5883
1120777	5884
1121494	5885
1121604	5886
1122092	5887
1122309	5888
1124278	5889
1124942	5890
1125920	5891
1126233	5892
1127022	5893
1127355	5894
1127631	5895
1128275	5896
1129161	5897
1130018	5898
1130566	5899
1130677	5900
1131944	5901
1134271	5902
1134519	5903
1137645	5904
1137717	5905
1138549	5906
1139171	5907
1139972	5908
1140444	5909
1144356	5910
1144906	5911
1145664	5912
1146073	5913
1146232	5914
1146946	5915
1147039	5916
1147399	5917
1151718	5918
1153239	5919
1153792	5920
1155743	5921
1157052	5922
1159328	5923
1159662	5924
1159715	5925
1159749	5926
1160397	5927
1161482	5928
1161556	5929
1161971	5930
1162297	5931
1162564	5932
1164428	5933
1165504	5934
1165531	5935
1165820	5936
1166122	5937
1166417	5938
1166421	5939
1166448	5940
1166633	5941
1166720	5942
1166790	5943
1166997	5944
1167128	5945
1172048	5946
1172156	5947
1172382	5948
1172510	5949
1173088	5950
1173245	5951
1173707	5952
1175697	5953
1176660	5954
1176803	5955
1178762	5956
1179489	5957
1180218	5958
1181741	5959
1182552	5960
1182764	5961
1182832	5962
1183216	5963
1184125	5964
1184474	5965
1185148	5966
1185198	5967
1185263	5968
1185505	5969
1186628	5970
1187321	5971
1187568	5972
1187904	5973
1188412	5974
1191307	5975
1191440	5976
1191970	5977
1194329	5978
1194538	5979
1194964	5980
1195218	5981
1195860	5982
1196958	5983
1197718	5984
1197972	5985
1197993	5986
1202831	5987
1207508	5988
1209501	5989
1211423	5990
1212016	5991
1212036	5992
1212588	5993
1214060	5994
1218822	5995
1219732	5996
1221446	5997
1221696	5998
1223858	5999
1224972	6000
1225825	6001
1226367	6002
1226473	6003
1226875	6004
1227514	6005
1228216	6006
1228233	6007
1228557	6008
1228694	6009
1228826	6010
1229320	6011
1229520	6012
1229593	6013
1230067	6014
1230262	6015
1230350	6016
1232312	6017
1233277	6018
1233555	6019
1234950	6020
1235671	6021
1236230	6022
1236295	6023
1236522	6024
1237187	6025
1239408	6026
1239855	6027
1240051	6028
1241025	6029
1241201	6030
1241314	6031
1241692	6032
1243569	6033
1246511	6034
1248976	6035
1253010	6036
1253450	6037
1254799	6038
1254949	6039
1257726	6040
1257784	6041
1257802	6042
1257856	6043
1258034	6044
1258723	6045
1258846	6046
1259045	6047
1259299	6048
1259380	6049
1259778	6050
1263417	6051
1264224	6052
1267669	6053
1268212	6054
1268449	6055
1268883	6056
1269190	6057
1270119	6058
1271100	6059
1271635	6060
1273902	6061
1275725	6062
1275732	6063
1276015	6064
1276749	6065
1279047	6066
1279934	6067
1283390	6068
1283569	6069
1285032	6070
1286663	6071
1289083	6072
1289372	6073
1290412	6074
1292432	6075
1293005	6076
1294428	6077
1294652	6078
1294775	6079
1295343	6080
1296635	6081
1300669	6082
1300686	6083
1301137	6084
1302424	6085
1304153	6086
1307027	6087
1307361	6088
1307942	6089
1311053	6090
1311184	6091
1311441	6092
1313614	6093
1314577	6094
1315160	6095
1315604	6096
1316361	6097
1316425	6098
1316695	6099
1316859	6100
1317026	6101
1317642	6102
1319837	6103
1319912	6104
1320998	6105
1322917	6106
1324737	6107
1325129	6108
1325688	6109
1326114	6110
1326221	6111
1326279	6112
1326548	6113
1326712	6114
1326958	6115
1327954	6116
1328329	6117
1328725	6118
1331403	6119
1331695	6120
1332023	6121
1333156	6122
1333187	6123
1333202	6124
1333210	6125
1333747	6126
1333974	6127
1334177	6128
1336782	6129
1337027	6130
1338546	6131
1338630	6132
1339336	6133
1339473	6134
1342794	6135
1343746	6136
1343863	6137
1344638	6138
1348399	6139
1350680	6140
1351116	6141
1351179	6142
1351537	6143
1352486	6144
1353016	6145
1356711	6146
1356843	6147
1358774	6148
1361461	6149
1362878	6150
1362881	6151
1363670	6152
1363694	6153
1366725	6154
1369924	6155
1371693	6156
1372098	6157
1372901	6158
1372961	6159
1373195	6160
1373200	6161
1374416	6162
1374448	6163
1374618	6164
1374889	6165
1375941	6166
1377344	6167
1377431	6168
1377842	6169
1379195	6170
1379199	6171
1379659	6172
1380714	6173
1383136	6174
1383585	6175
1384091	6176
1385197	6177
1390157	6178
1390207	6179
1390843	6180
1390870	6181
1391692	6182
1394579	6183
1397565	6184
1398886	6185
1403196	6186
1404431	6187
1404636	6188
1404775	6189
1404878	6190
1404984	6191
1405060	6192
1405823	6193
1406144	6194
1406257	6195
1406477	6196
1406608	6197
1406701	6198
1406802	6199
1407014	6200
1408913	6201
1408979	6202
1409260	6203
1409699	6204
1409724	6205
1410609	6206
1410753	6207
1410802	6208
1411469	6209
1413087	6210
1415902	6211
1415989	6212
1416715	6213
1418326	6214
1420924	6215
1426210	6216
1428122	6217
1428650	6218
1428910	6219
1429381	6220
1431140	6221
1432576	6222
1433724	6223
1435404	6224
1435923	6225
1436716	6226
1436720	6227
1436723	6228
1440075	6229
1440559	6230
1441012	6231
1441776	6232
1442950	6233
1443228	6234
1445664	6235
1446474	6236
1447764	6237
1448105	6238
1451151	6239
1451234	6240
1451440	6241
1453978	6242
1454990	6243
1457192	6244
1458275	6245
1460335	6246
1460661	6247
1460689	6248
1462403	6249
1462919	6250
1462951	6251
1463751	6252
1465914	6253
1468843	6254
1468903	6255
1471065	6256
1471188	6257
1471831	6258
1472469	6259
1475118	6260
1477318	6261
1477972	6262
1479767	6263
1481752	6264
1486250	6265
1486743	6266
1487580	6267
1487618	6268
1488091	6269
1488108	6270
1488791	6271
1492072	6272
1492401	6273
1493781	6274
1494761	6275
1494907	6276
1495470	6277
1496882	6278
1499488	6279
1500645	6280
1500735	6281
1500745	6282
1501361	6283
1502690	6284
1503115	6285
1503495	6286
1504961	6287
1505596	6288
1505892	6289
1505999	6290
1506016	6291
1508414	6292
1511334	6293
1515437	6294
1515858	6295
1518099	6296
1518330	6297
1519437	6298
1523323	6299
1523777	6300
1524963	6301
1529400	6302
1530028	6303
1531680	6304
1532244	6305
1532264	6306
1534921	6307
1535312	6308
1535902	6309
1536268	6310
1537719	6311
1537886	6312
1539969	6313
1541906	6314
1542507	6315
1543563	6316
1545852	6317
1546149	6318
1546222	6319
1547119	6320
1547932	6321
1549409	6322
1550174	6323
1551190	6324
1553317	6325
1554143	6326
1555340	6327
1557588	6328
1558884	6329
1559346	6330
1559898	6331
1560390	6332
1560411	6333
1560512	6334
1561761	6335
1564280	6336
1564488	6337
1568573	6338
1568830	6339
1569356	6340
1570837	6341
1572677	6342
1574731	6343
1575236	6344
1576590	6345
1579770	6346
1581103	6347
1581194	6348
1584686	6349
1584749	6350
1585590	6351
1586461	6352
1586471	6353
1586657	6354
1586865	6355
1587154	6356
1587253	6357
1589834	6358
1589839	6359
1592165	6360
1593684	6361
1597346	6362
1597773	6363
1597831	6364
1597935	6365
1599906	6366
1600772	6367
1602598	6368
1604788	6369
1605505	6370
1605556	6371
1607283	6372
1607332	6373
1607679	6374
1608566	6375
1608845	6376
1609510	6377
1610692	6378
1611039	6379
1611337	6380
1611712	6381
1612545	6382
1612612	6383
1614724	6384
1615482	6385
1618841	6386
1619271	6387
1619424	6388
1621154	6389
1621527	6390
1621937	6391
1621947	6392
1622078	6393
1622365	6394
1624676	6395
1624909	6396
1625163	6397
1625210	6398
1626121	6399
1626804	6400
1626992	6401
1628870	6402
1630633	6403
1632326	6404
1635070	6405
1635569	6406
1636077	6407
1636255	6408
1636912	6409
1638087	6410
1638182	6411
1638506	6412
1638898	6413
1640681	6414
1641135	6415
1642128	6416
1644439	6417
1646499	6418
1649073	6419
1649457	6420
1649482	6421
1651541	6422
1651714	6423
1652106	6424
1652489	6425
1653160	6426
1653992	6427
1654195	6428
1654781	6429
1654845	6430
1655352	6431
1655572	6432
1657536	6433
1659230	6434
1660716	6435
1660959	6436
1663655	6437
1664600	6438
1665238	6439
1666035	6440
1666059	6441
1666101	6442
1667031	6443
1667580	6444
1668730	6445
1671130	6446
1671177	6447
1671726	6448
1672104	6449
1675497	6450
1680632	6451
1682039	6452
1683047	6453
1686345	6454
1686832	6455
1688479	6456
1691721	6457
1691825	6458
1695899	6459
1697927	6460
1697988	6461
1698214	6462
1698371	6463
1700219	6464
1703110	6465
1703906	6466
1705938	6467
1706876	6468
1707227	6469
1707499	6470
1707572	6471
1707892	6472
1708611	6473
1708666	6474
1708966	6475
1709764	6476
1710143	6477
1713971	6478
1715618	6479
1719746	6480
1719867	6481
1720269	6482
1720314	6483
1721562	6484
1723221	6485
1724148	6486
1724490	6487
1724776	6488
1724981	6489
1725130	6490
1725211	6491
1725275	6492
1725686	6493
1726170	6494
1726523	6495
1729159	6496
1729525	6497
1729641	6498
1730835	6499
1732615	6500
1734543	6501
1735032	6502
1735143	6503
1735433	6504
1736085	6505
1739609	6506
1739894	6507
1740770	6508
1740811	6509
1743333	6510
1743674	6511
1744175	6512
1745215	6513
1746393	6514
1746835	6515
1747094	6516
1747360	6517
1747498	6518
1750671	6519
1750725	6520
1751261	6521
1751633	6522
1752389	6523
1752429	6524
1755705	6525
1755911	6526
1756178	6527
1757599	6528
1759121	6529
1760480	6530
1762292	6531
1763316	6532
1763702	6533
1765187	6534
1765308	6535
1766377	6536
1767338	6537
1767917	6538
1769569	6539
1770353	6540
1771213	6541
1771786	6542
1772497	6543
1772915	6544
1775003	6545
1776490	6546
1777066	6547
1777657	6548
1780097	6549
1781765	6550
1782911	6551
1786746	6552
1786991	6553
1787822	6554
1788276	6555
1788552	6556
1788586	6557
1788757	6558
1791940	6559
1792459	6560
1793231	6561
1793607	6562
1793753	6563
1796464	6564
1796483	6565
1797039	6566
1798246	6567
1798251	6568
1798826	6569
1799983	6570
1800019	6571
1800131	6572
1800392	6573
1801462	6574
1802139	6575
1802320	6576
1802615	6577
1802825	6578
1803517	6579
1804738	6580
1805145	6581
1805512	6582
1805778	6583
1805991	6584
1806961	6585
1807048	6586
1807372	6587
1807375	6588
1809559	6589
1809861	6590
1810499	6591
1810501	6592
1812611	6593
1814387	6594
1815523	6595
1815759	6596
1816228	6597
1816998	6598
1820889	6599
1821907	6600
1823138	6601
1823155	6602
1823263	6603
1823688	6604
1826272	6605
1826511	6606
1826820	6607
1826961	6608
1827140	6609
1827456	6610
1828612	6611
1830786	6612
1832905	6613
1834368	6614
1835414	6615
1837636	6616
1838019	6617
1838077	6618
1839045	6619
1839179	6620
1842438	6621
1843409	6622
1843449	6623
1843877	6624
1843947	6625
1843995	6626
1845386	6627
1845858	6628
1846867	6629
1847303	6630
1848951	6631
1849106	6632
1849126	6633
1852893	6634
1854333	6635
1855736	6636
1855821	6637
1858369	6638
1859233	6639
1863401	6640
1863622	6641
1863989	6642
1864501	6643
1864766	6644
1864790	6645
1865354	6646
1866431	6647
1868610	6648
1868787	6649
1868887	6650
1871682	6651
1871730	6652
1872201	6653
1872714	6654
1872924	6655
1873443	6656
1873815	6657
1875790	6658
1877562	6659
1878326	6660
1880538	6661
1881667	6662
1882174	6663
1882937	6664
1883080	6665
1885477	6666
1886656	6667
1893204	6668
1893221	6669
1895731	6670
1896092	6671
1896899	6672
1897873	6673
1898005	6674
1898492	6675
1898590	6676
1899016	6677
1900346	6678
1902484	6679
1902768	6680
1905466	6681
1906693	6682
1907031	6683
1907760	6684
1908074	6685
1910209	6686
1910261	6687
1911643	6688
1911833	6689
1912176	6690
1912193	6691
1914077	6692
1915333	6693
1917533	6694
1917876	6695
1921289	6696
1921424	6697
1922756	6698
1924744	6699
1926335	6700
1929616	6701
1930129	6702
1930159	6703
1930175	6704
1930271	6705
1930275	6706
1930574	6707
1930727	6708
1931886	6709
1933621	6710
1934990	6711
1935138	6712
1936689	6713
1938989	6714
1939095	6715
1939411	6716
1939567	6717
1940398	6718
1940765	6719
1940976	6720
1940997	6721
1942283	6722
1942587	6723
1943221	6724
1943239	6725
1943955	6726
1944087	6727
1944255	6728
1945121	6729
1945256	6730
1945399	6731
1945797	6732
1948107	6733
1950302	6734
1950309	6735
1951222	6736
1951547	6737
1953352	6738
1954467	6739
1955013	6740
1955332	6741
1955907	6742
1956554	6743
1956881	6744
1959281	6745
1959774	6746
1960206	6747
1960693	6748
1961052	6749
1961084	6750
1964578	6751
1965618	6752
1968415	6753
1968452	6754
1969424	6755
1970817	6756
1973112	6757
1973721	6758
1973830	6759
1974092	6760
1974252	6761
1974839	6762
1977371	6763
1977421	6764
1977956	6765
1978170	6766
1979071	6767
1979224	6768
1979498	6769
1980146	6770
1980176	6771
1983506	6772
1984243	6773
1984493	6774
1985021	6775
1987086	6776
1989053	6777
1990389	6778
1990896	6779
1991142	6780
1995583	6781
1997493	6782
1998713	6783
1999501	6784
1999681	6785
2000461	6786
2000509	6787
2000685	6788
2002425	6789
2002841	6790
2002847	6791
2002891	6792
2003676	6793
2003977	6794
2007061	6795
2007119	6796
2007585	6797
2007989	6798
2008297	6799
2008421	6800
2009601	6801
2011493	6802
2011583	6803
2012243	6804
2012248	6805
2012262	6806
2012576	6807
2012687	6808
2013193	6809
2013681	6810
2013845	6811
2017872	6812
2018218	6813
2018220	6814
2018742	6815
2018779	6816
2022136	6817
2023492	6818
2025027	6819
2025130	6820
2028302	6821
2029920	6822
2030259	6823
2033366	6824
2033798	6825
2034352	6826
2034549	6827
2036701	6828
2037186	6829
2037880	6830
2037885	6831
2038857	6832
2038926	6833
2039024	6834
2039262	6835
2040898	6836
2041008	6837
2041276	6838
2041316	6839
2041845	6840
2042079	6841
2042724	6842
2043293	6843
2043692	6844
2043978	6845
2043984	6846
2046465	6847
2046521	6848
2046632	6849
2047400	6850
2048071	6851
2048094	6852
2048126	6853
2048167	6854
2048592	6855
2049394	6856
2051344	6857
2051933	6858
2052000	6859
2052138	6860
2052624	6861
2053003	6862
2053718	6863
2053829	6864
2053884	6865
2056258	6866
2056646	6867
2058882	6868
2062033	6869
2063079	6870
2064178	6871
2066535	6872
2066845	6873
2067057	6874
2067210	6875
2067464	6876
2067555	6877
2067730	6878
2067928	6879
2068299	6880
2068485	6881
2068622	6882
2068990	6883
2071113	6884
2071729	6885
2071891	6886
2072492	6887
2073038	6888
2073677	6889
2074862	6890
2075258	6891
2075413	6892
2077433	6893
2077601	6894
2078913	6895
2080600	6896
2081814	6897
2082819	6898
2084177	6899
2086379	6900
2086942	6901
2087116	6902
2089288	6903
2090631	6904
2090792	6905
2090839	6906
2092566	6907
2095259	6908
2095347	6909
2095411	6910
2095563	6911
2095833	6912
2097074	6913
2097877	6914
2098575	6915
2098854	6916
2099551	6917
2099765	6918
2099884	6919
2102474	6920
2103620	6921
2104735	6922
2104748	6923
2105363	6924
2105850	6925
2107955	6926
2107988	6927
2109003	6928
2109294	6929
2111084	6930
2111497	6931
2111769	6932
2112279	6933
2112561	6934
2113313	6935
2113448	6936
2114940	6937
2115598	6938
2115774	6939
2116085	6940
2116422	6941
2116855	6942
2117261	6943
2120008	6944
2120732	6945
2121900	6946
2123071	6947
2123842	6948
2125189	6949
2125787	6950
2125898	6951
2130413	6952
2130828	6953
2131195	6954
2133320	6955
2133327	6956
2134465	6957
2134583	6958
2135905	6959
2136475	6960
2137591	6961
2137662	6962
2138068	6963
2140076	6964
2140333	6965
2140534	6966
2142787	6967
2143044	6968
2143523	6969
2143791	6970
2143897	6971
2144008	6972
2144718	6973
2144994	6974
2146773	6975
2148066	6976
2148890	6977
2149106	6978
2152437	6979
2152509	6980
2153874	6981
2155324	6982
2157738	6983
2158723	6984
2160634	6985
2161292	6986
2161539	6987
2161828	6988
2162567	6989
2162627	6990
2162699	6991
2162700	6992
2162974	6993
2165605	6994
2166613	6995
2169378	6996
2170274	6997
2170307	6998
2176397	6999
2178338	7000
2178543	7001
2178734	7002
2181376	7003
2181908	7004
2181978	7005
2183209	7006
2183791	7007
2186666	7008
2187041	7009
2187073	7010
2187162	7011
2187169	7012
2189294	7013
2189339	7014
2191992	7015
2194125	7016
2194299	7017
2194332	7018
2194439	7019
2194800	7020
2195465	7021
2195576	7022
2195596	7023
2196381	7024
2199173	7025
2200529	7026
2203639	7027
2204041	7028
2204046	7029
2204203	7030
2204506	7031
2204962	7032
2205995	7033
2207029	7034
2207956	7035
2208417	7036
2208429	7037
2211763	7038
2211850	7039
2215301	7040
2216895	7041
2219262	7042
2219364	7043
2219607	7044
2219786	7045
2222047	7046
2222818	7047
2224014	7048
2227129	7049
2227239	7050
2228029	7051
2232668	7052
2233080	7053
2236480	7054
2237835	7055
2239473	7056
2241825	7057
2242276	7058
2242294	7059
2242581	7060
2244607	7061
2244857	7062
2246524	7063
2246646	7064
2249364	7065
2249417	7066
2249579	7067
2251152	7068
2251425	7069
2252541	7070
2253518	7071
2254000	7072
2254591	7073
2254623	7074
2258545	7075
2258753	7076
2259241	7077
2259978	7078
2260555	7079
2261853	7080
2262475	7081
2262962	7082
2263166	7083
2263168	7084
2263504	7085
2266748	7086
2267009	7087
2267232	7088
2267490	7089
2267873	7090
2268057	7091
2268122	7092
2268875	7093
2268963	7094
2269456	7095
2269558	7096
2270783	7097
2273468	7098
2273491	7099
2274831	7100
2275096	7101
2275252	7102
2275730	7103
2276316	7104
2276707	7105
2278322	7106
2278581	7107
2279467	7108
2279709	7109
2279922	7110
2279977	7111
2280089	7112
2280228	7113
2282078	7114
2282506	7115
2284160	7116
2284670	7117
2284749	7118
2285543	7119
2287836	7120
2287970	7121
2288172	7122
2288475	7123
2289373	7124
2289586	7125
2289699	7126
2291415	7127
2291454	7128
2291596	7129
2292478	7130
2292705	7131
2292897	7132
2293884	7133
2296216	7134
2296850	7135
2297197	7136
2298431	7137
2298537	7138
2299573	7139
2301165	7140
2301199	7141
2301824	7142
2302132	7143
2303246	7144
2303689	7145
2303899	7146
2303953	7147
2306480	7148
2306637	7149
2306740	7150
2306931	7151
2309789	7152
2312719	7153
2312742	7154
2313360	7155
2313539	7156
2313764	7157
2313806	7158
2315866	7159
2316049	7160
2316083	7161
2316158	7162
2316167	7163
2316987	7164
2318223	7165
2318371	7166
2318439	7167
2319678	7168
2320304	7169
2320313	7170
2321038	7171
2321430	7172
2321618	7173
2321785	7174
2322183	7175
2322723	7176
2323601	7177
2325505	7178
2325570	7179
2325756	7180
2325929	7181
2326689	7182
2326711	7183
2327095	7184
2327579	7185
2329808	7186
2330415	7187
2330435	7188
2332391	7189
2333374	7190
2333481	7191
2333900	7192
2335866	7193
2335941	7194
2336337	7195
2340997	7196
2341108	7197
2341365	7198
2341532	7199
2342524	7200
2345651	7201
2346144	7202
2346582	7203
2346702	7204
2346727	7205
2347092	7206
2349501	7207
2350151	7208
2350651	7209
2350780	7210
2350845	7211
2350949	7212
2351179	7213
2351611	7214
2352959	7215
2357807	7216
2358414	7217
2358543	7218
2360117	7219
2360510	7220
2360686	7221
2362694	7222
2362708	7223
2363117	7224
2363515	7225
2363886	7226
2363953	7227
2364655	7228
2364703	7229
2365968	7230
2366280	7231
2367082	7232
2367909	7233
2367935	7234
2368859	7235
2370215	7236
2370343	7237
2370372	7238
2370512	7239
2370519	7240
2370674	7241
2371588	7242
2373973	7243
2374418	7244
2376259	7245
2377294	7246
2377697	7247
2380085	7248
2380342	7249
2381711	7250
2383253	7251
2383370	7252
2383499	7253
2383566	7254
2383590	7255
2383676	7256
2384517	7257
2385557	7258
2385584	7259
2386366	7260
2387387	7261
2387460	7262
2388540	7263
2389279	7264
2389432	7265
2390326	7266
2394156	7267
2394762	7268
2394800	7269
2395742	7270
2396917	7271
2397400	7272
2398185	7273
2398851	7274
2398923	7275
2399466	7276
2399678	7277
2400627	7278
2402371	7279
2409122	7280
2410318	7281
2411372	7282
2412293	7283
2415498	7284
2416367	7285
2418710	7286
2419095	7287
2419479	7288
2420679	7289
2420854	7290
2422279	7291
2422746	7292
2423270	7293
2424145	7294
2424388	7295
2424478	7296
2424545	7297
2424548	7298
2424853	7299
2425383	7300
2426047	7301
2426161	7302
2427514	7303
2428255	7304
2429166	7305
2429581	7306
2430558	7307
2432323	7308
2433213	7309
2434392	7310
2434779	7311
2439119	7312
2439580	7313
2440003	7314
2440388	7315
2443008	7316
2443372	7317
2443855	7318
2443974	7319
2444486	7320
2444534	7321
2449348	7322
2450022	7323
2450521	7324
2453494	7325
2454169	7326
2454251	7327
2454556	7328
2455623	7329
2455674	7330
2457649	7331
2458014	7332
2458408	7333
2460406	7334
2462336	7335
2462463	7336
2463315	7337
2463830	7338
2464008	7339
2464502	7340
2464531	7341
2464833	7342
2464898	7343
2465929	7344
2468061	7345
2468176	7346
2469655	7347
2472171	7348
2472341	7349
2473334	7350
2473634	7351
2473907	7352
2474670	7353
2474790	7354
2475634	7355
2478322	7356
2478418	7357
2478981	7358
2480893	7359
2480896	7360
2483126	7361
2483637	7362
2484438	7363
2485079	7364
2485444	7365
2486372	7366
2486868	7367
2487338	7368
2487548	7369
2488088	7370
2488347	7371
2488715	7372
2488843	7373
2488898	7374
2489213	7375
2491075	7376
2492340	7377
2495378	7378
2496083	7379
2496315	7380
2497445	7381
2497947	7382
2500270	7383
2500387	7384
2502288	7385
2504932	7386
2505502	7387
2505652	7388
2505711	7389
2505779	7390
2505874	7391
2505888	7392
2505898	7393
2507592	7394
2507830	7395
2509394	7396
2511037	7397
2511156	7398
2511436	7399
2511633	7400
2512700	7401
2512893	7402
2513284	7403
2515218	7404
2516171	7405
2519175	7406
2519687	7407
2521074	7408
2524506	7409
2524845	7410
2525951	7411
2526111	7412
2526189	7413
2527795	7414
2528796	7415
2529761	7416
2530497	7417
2530548	7418
2530568	7419
2530630	7420
2530955	7421
2531301	7422
2533429	7423
2533821	7424
2533935	7425
2534245	7426
2534733	7427
2535561	7428
2537448	7429
2538177	7430
2538251	7431
2538596	7432
2538819	7433
2538957	7434
2539488	7435
2539679	7436
2540281	7437
2542170	7438
2543037	7439
2543795	7440
2544235	7441
2545659	7442
2549499	7443
2549966	7444
2550051	7445
2552701	7446
2553236	7447
2556472	7448
2557036	7449
2560543	7450
2561250	7451
2561925	7452
2562647	7453
2564107	7454
2564304	7455
2565229	7456
2565814	7457
2568833	7458
2571029	7459
2571378	7460
2573149	7461
2575185	7462
2575757	7463
2575978	7464
2576110	7465
2577614	7466
2577789	7467
2578049	7468
2578699	7469
2578745	7470
2580178	7471
2581448	7472
2581510	7473
2582825	7474
2582974	7475
2584944	7476
2585266	7477
2585467	7478
2585592	7479
2586627	7480
2588029	7481
2589474	7482
2591224	7483
2591257	7484
2591438	7485
2592788	7486
2592842	7487
2593217	7488
2595122	7489
2595384	7490
2596715	7491
2597032	7492
2597679	7493
2598392	7494
2598486	7495
2598525	7496
2598545	7497
2598616	7498
2598699	7499
2599037	7500
2600031	7501
2601506	7502
2601925	7503
2602622	7504
2602986	7505
2603139	7506
2603349	7507
2603690	7508
2604725	7509
2605085	7510
2607343	7511
2608564	7512
2610325	7513
2610731	7514
2610803	7515
2611246	7516
2611783	7517
2614997	7518
2615378	7519
2623495	7520
2623647	7521
2626733	7522
2627436	7523
2628580	7524
2628645	7525
2629419	7526
2629573	7527
2629649	7528
2630253	7529
2632388	7530
2633080	7531
2634452	7532
2635152	7533
2635628	7534
2636252	7535
2637493	7536
2638247	7537
2638558	7538
2639206	7539
2640818	7540
2640898	7541
2641138	7542
2641497	7543
2642159	7544
2643896	7545
2645056	7546
2645071	7547
2645167	7548
2645196	7549
2645232	7550
2645428	7551
2649116	7552
2651127	7553
2651294	7554
2653013	7555
2653267	7556
2653361	7557
2654571	7558
2657049	7559
2657368	7560
2659618	7561
2660263	7562
2661388	7563
2661671	7564
2662857	7565
2665811	7566
2667121	7567
2667313	7568
2667358	7569
2669519	7570
2670530	7571
2671630	7572
2671929	7573
2672143	7574
2674382	7575
2675168	7576
2675935	7577
2678241	7578
2681687	7579
2682375	7580
2682581	7581
2683948	7582
2684510	7583
2684604	7584
2686422	7585
2689504	7586
2691683	7587
2692096	7588
2694241	7589
2694363	7590
2694987	7591
2695334	7592
2695337	7593
2696861	7594
2699067	7595
2699907	7596
2703106	7597
2703402	7598
2708172	7599
2708443	7600
2709724	7601
2710987	7602
2712643	7603
2713093	7604
2713353	7605
2714895	7606
2714937	7607
2715121	7608
2715895	7609
2716046	7610
2716453	7611
2716465	7612
2719219	7613
2719338	7614
2721239	7615
2722215	7616
2722636	7617
2725617	7618
2726670	7619
2726694	7620
2726785	7621
2728795	7622
2729146	7623
2730041	7624
2731227	7625
2731650	7626
2733781	7627
2733833	7628
2736190	7629
2736679	7630
2737671	7631
2738379	7632
2742640	7633
2742769	7634
2742966	7635
2744624	7636
2744949	7637
2745897	7638
2746359	7639
2746732	7640
2747049	7641
2748250	7642
2749511	7643
2750820	7644
2752345	7645
2755140	7646
2755287	7647
2756833	7648
2757500	7649
2758286	7650
2758433	7651
2761727	7652
2762215	7653
2763644	7654
2763671	7655
2766569	7656
2766665	7657
2767129	7658
2767611	7659
2767904	7660
2768930	7661
2769096	7662
2769257	7663
2769596	7664
2773131	7665
2773171	7666
2774889	7667
2775006	7668
2775046	7669
2775738	7670
2778866	7671
2778877	7672
2778936	7673
2780518	7674
2780663	7675
2780992	7676
2781738	7677
2781800	7678
2784341	7679
2784392	7680
2784948	7681
2785809	7682
2785849	7683
2786138	7684
2786390	7685
2786411	7686
2787801	7687
2788946	7688
2789338	7689
2790680	7690
2794068	7691
2797799	7692
2798342	7693
2798626	7694
2803155	7695
2803954	7696
2806327	7697
2806781	7698
2809416	7699
2810414	7700
2812649	7701
2813020	7702
2813387	7703
2816672	7704
2816749	7705
2816755	7706
2817051	7707
2817305	7708
2825929	7709
2831973	7710
2836836	7711
2839957	7712
2840113	7713
2840321	7714
2841128	7715
2841712	7716
2842429	7717
2842484	7718
2843030	7719
2843611	7720
2845368	7721
2845992	7722
2847448	7723
2848561	7724
2849052	7725
2849771	7726
2851217	7727
2858428	7728
2859228	7729
2859564	7730
2859765	7731
2860581	7732
2860849	7733
2864361	7734
2864692	7735
2866414	7736
2866703	7737
2869437	7738
2871014	7739
2871025	7740
2872278	7741
2874312	7742
2875157	7743
2875775	7744
2877400	7745
2878468	7746
2879170	7747
2882467	7748
2882993	7749
2884631	7750
2885457	7751
2885473	7752
2886014	7753
2886034	7754
2886683	7755
2894050	7756
2894375	7757
2894978	7758
2896426	7759
2897815	7760
2897840	7761
2898012	7762
2898092	7763
2898567	7764
2900502	7765
2901248	7766
2902060	7767
2902441	7768
2903380	7769
2903794	7770
2903900	7771
2903912	7772
2904416	7773
2907503	7774
2909422	7775
2909877	7776
2913222	7777
2913245	7778
2913989	7779
2914641	7780
2916682	7781
2916767	7782
2916867	7783
2917826	7784
2920935	7785
2926061	7786
2926175	7787
2926494	7788
2926925	7789
2927773	7790
2928245	7791
2928375	7792
2928592	7793
2929117	7794
2932884	7795
2932981	7796
2933580	7797
2933604	7798
2933912	7799
2936615	7800
2936726	7801
2936976	7802
2937441	7803
2938836	7804
2939001	7805
2939497	7806
2939820	7807
2942681	7808
2943700	7809
2944097	7810
2944108	7811
2946362	7812
2946618	7813
2948719	7814
2949432	7815
2950357	7816
2954349	7817
2954868	7818
2955483	7819
2955839	7820
2957246	7821
2959932	7822
2960773	7823
2963765	7824
2965727	7825
2966871	7826
2969232	7827
2969574	7828
2970106	7829
2971132	7830
2971702	7831
2971807	7832
2971930	7833
2974441	7834
2974629	7835
2974705	7836
2976423	7837
2976538	7838
2976932	7839
2978506	7840
2979007	7841
2979045	7842
2979259	7843
2985456	7844
2986949	7845
2987169	7846
2987833	7847
2990928	7848
2991842	7849
2992306	7850
2992930	7851
2994089	7852
2997050	7853
2997624	7854
2997948	7855
2998174	7856
2999177	7857
2999615	7858
3001478	7859
3002026	7860
3002398	7861
3002441	7862
3002789	7863
3003135	7864
3003617	7865
3006009	7866
3006220	7867
3007262	7868
3008016	7869
3011409	7870
3012134	7871
3012470	7872
3016002	7873
3016895	7874
3017059	7875
3017478	7876
3017630	7877
3020644	7878
3023130	7879
3025345	7880
3025865	7881
3027470	7882
3028544	7883
3028581	7884
3032720	7885
3033678	7886
3033929	7887
3034255	7888
3034966	7889
3036831	7890
3038401	7891
3038466	7892
3039196	7893
3039550	7894
3041120	7895
3041288	7896
3043055	7897
3043582	7898
3043867	7899
3044009	7900
3044114	7901
3045479	7902
3047794	7903
3048835	7904
3049106	7905
3049293	7906
3049893	7907
3052500	7908
3053423	7909
3054130	7910
3054173	7911
3056034	7912
3057208	7913
3058825	7914
3058826	7915
3059264	7916
3059713	7917
3060102	7918
3064747	7919
3069553	7920
3070242	7921
3071666	7922
3071906	7923
3072473	7924
3072661	7925
3074013	7926
3074827	7927
3076531	7928
3076702	7929
3076727	7930
3077206	7931
3078584	7932
3079934	7933
3080946	7934
3081112	7935
3081292	7936
3084103	7937
3084117	7938
3084283	7939
3084345	7940
3084534	7941
3084596	7942
3085472	7943
3086404	7944
3089749	7945
3091538	7946
3095279	7947
3095548	7948
3100675	7949
3101507	7950
3102574	7951
3102809	7952
3102942	7953
3103167	7954
3103219	7955
3103736	7956
3104603	7957
3107787	7958
3109746	7959
3110005	7960
3110492	7961
3111960	7962
3112364	7963
3114698	7964
3114856	7965
3115008	7966
3118186	7967
3118711	7968
3119738	7969
3122486	7970
3122813	7971
3124734	7972
3125360	7973
3127020	7974
3127566	7975
3132941	7976
3138695	7977
3140850	7978
3141485	7979
3141507	7980
3142119	7981
3144697	7982
3145860	7983
3146259	7984
3146750	7985
3146765	7986
3146984	7987
3147786	7988
3147939	7989
3150891	7990
3151909	7991
3152702	7992
3155604	7993
3155782	7994
3155892	7995
3156323	7996
3157690	7997
3159317	7998
3159529	7999
3160173	8000
3160875	8001
3162636	8002
3165694	8003
3166901	8004
3168258	8005
3169783	8006
3171843	8007
3172365	8008
3172457	8009
3175248	8010
3176573	8011
3178040	8012
3178041	8013
3178612	8014
3179103	8015
3179199	8016
3184961	8017
3186244	8018
3188707	8019
3189369	8020
3190535	8021
3191185	8022
3193494	8023
3193971	8024
3194224	8025
3194768	8026
3197877	8027
3197987	8028
3198312	8029
3199186	8030
3199506	8031
3199544	8032
3202959	8033
3205761	8034
3205908	8035
3206020	8036
3206101	8037
3206255	8038
3206705	8039
3208693	8040
3208769	8041
3211955	8042
3215406	8043
3217182	8044
3219186	8045
3222285	8046
3223221	8047
3224492	8048
3225059	8049
3225958	8050
3227702	8051
3227845	8052
3228715	8053
3228771	8054
3228854	8055
3229145	8056
3230267	8057
3230328	8058
3230422	8059
3230470	8060
3233802	8061
3233990	8062
3235366	8063
3235483	8064
3235625	8065
3235723	8066
3238516	8067
3238633	8068
3238770	8069
3238843	8070
3240046	8071
3240287	8072
3241798	8073
3242272	8074
3245016	8075
3246128	8076
3251627	8077
3257327	8078
3258257	8079
3258622	8080
3265812	8081
3265901	8082
3266298	8083
3266448	8084
3266511	8085
3266929	8086
3267564	8087
3268663	8088
3269627	8089
3269700	8090
3269853	8091
3270078	8092
3275108	8093
3276772	8094
3277199	8095
3277584	8096
3279549	8097
3280657	8098
3280858	8099
3281399	8100
3282500	8101
3282506	8102
3286073	8103
3286398	8104
3286760	8105
3287699	8106
3287725	8107
3290567	8108
3292850	8109
3293601	8110
3293981	8111
3294474	8112
3298119	8113
3299153	8114
3302340	8115
3306031	8116
3306206	8117
3310633	8118
3310813	8119
3311513	8120
3312514	8121
3312525	8122
3313321	8123
3314158	8124
3317607	8125
3320192	8126
3322720	8127
3324113	8128
3324549	8129
3325595	8130
3325970	8131
3329690	8132
3331398	8133
3332037	8134
3334926	8135
3335784	8136
3337586	8137
3338331	8138
3343445	8139
3344190	8140
3345614	8141
3351695	8142
3351951	8143
3352812	8144
3353035	8145
3355209	8146
3356245	8147
3356534	8148
3360756	8149
3360982	8150
3360999	8151
3362141	8152
3362628	8153
3362976	8154
3363446	8155
3367382	8156
3368639	8157
3370205	8158
3370621	8159
3370716	8160
3370818	8161
3377297	8162
3378224	8163
3378366	8164
3379000	8165
3382331	8166
3383827	8167
3388180	8168
3388258	8169
3388262	8170
3389543	8171
3390347	8172
3391306	8173
3391513	8174
3393051	8175
3396897	8176
3397333	8177
3399115	8178
3401800	8179
3403698	8180
3404700	8181
3404812	8182
3405552	8183
3406659	8184
3409218	8185
3410870	8186
3411510	8187
3411807	8188
3411912	8189
3412883	8190
3414756	8191
3416135	8192
3416590	8193
3417565	8194
3417908	8195
3421337	8196
3421797	8197
3422350	8198
3424779	8199
3425090	8200
3427843	8201
3428841	8202
3429506	8203
3430224	8204
3431147	8205
3431369	8206
3437348	8207
3438786	8208
3439119	8209
3440058	8210
3442638	8211
3442911	8212
3443282	8213
3443483	8214
3443586	8215
3445897	8216
3446258	8217
3450340	8218
3451554	8219
3452082	8220
3452511	8221
3452871	8222
3454406	8223
3455349	8224
3456196	8225
3456450	8226
3457964	8227
3458654	8228
3459310	8229
3462966	8230
3464547	8231
3464783	8232
3464963	8233
3466154	8234
3467431	8235
3469889	8236
3470124	8237
3470507	8238
3470741	8239
3471197	8240
3471733	8241
3472406	8242
3472937	8243
3473273	8244
3474679	8245
3477472	8246
3483823	8247
3485393	8248
3486248	8249
3486313	8250
3486913	8251
3488361	8252
3491182	8253
3491580	8254
3497026	8255
3497064	8256
3497944	8257
3498665	8258
3499159	8259
3500681	8260
3506546	8261
3507549	8262
3509704	8263
3511642	8264
3512020	8265
3512566	8266
3513965	8267
3514209	8268
3517330	8269
3518575	8270
3518940	8271
3519875	8272
3521133	8273
3521195	8274
3521210	8275
3522978	8276
3525958	8277
3526905	8278
3527919	8279
3528175	8280
3530586	8281
3530727	8282
3536552	8283
3538570	8284
3546854	8285
3547112	8286
3547405	8287
3548065	8288
3550072	8289
3550076	8290
3550528	8291
3551010	8292
3553344	8293
3556684	8294
3557271	8295
3557533	8296
3557761	8297
3559534	8298
3560264	8299
3561306	8300
3563291	8301
3563401	8302
3563738	8303
3564430	8304
3566506	8305
3566784	8306
3566824	8307
3567881	8308
3569089	8309
3570095	8310
3570849	8311
3573281	8312
3573777	8313
3579815	8314
3583578	8315
3588601	8316
3588685	8317
3590881	8318
3590967	8319
3591722	8320
3594124	8321
3595422	8322
3596939	8323
3598558	8324
3598919	8325
3600750	8326
3601867	8327
3602447	8328
3605441	8329
3607466	8330
3607619	8331
3608027	8332
3609611	8333
3611137	8334
3611186	8335
3611642	8336
3611679	8337
3611870	8338
3612248	8339
3612966	8340
3616348	8341
3616461	8342
3617159	8343
3619113	8344
3619127	8345
3620131	8346
3624000	8347
3624204	8348
3626377	8349
3626891	8350
3627360	8351
3633213	8352
3633304	8353
3634369	8354
3638496	8355
3642753	8356
3644985	8357
3647565	8358
3648145	8359
3648460	8360
3648874	8361
3656521	8362
3659661	8363
3662524	8364
3663179	8365
3665140	8366
3667097	8367
3670105	8368
3670484	8369
3670485	8370
3672891	8371
3674100	8372
3675448	8373
3675701	8374
3675729	8375
3675737	8376
3675923	8377
3677974	8378
3678043	8379
3681270	8380
3684878	8381
3692134	8382
3692238	8383
3692612	8384
3697601	8385
3700079	8386
3700828	8387
3701097	8388
3703217	8389
3703609	8390
3703814	8391
3704741	8392
3706554	8393
3707270	8394
3707904	8395
3709031	8396
3710875	8397
3712169	8398
3712663	8399
3714776	8400
3716057	8401
3720011	8402
3720261	8403
3721275	8404
3722275	8405
3723314	8406
3726882	8407
3733864	8408
3735127	8409
3735305	8410
3735357	8411
3736177	8412
3736496	8413
3737073	8414
3738700	8415
3744358	8416
3745754	8417
3746978	8418
3747316	8419
3747833	8420
3752380	8421
3753032	8422
3755625	8423
3758146	8424
3758913	8425
3760265	8426
3760773	8427
3761587	8428
3761813	8429
3766238	8430
3766981	8431
3767012	8432
3767740	8433
3767838	8434
3767855	8435
3768180	8436
3768480	8437
3768492	8438
3769997	8439
3770327	8440
3771516	8441
3772745	8442
3773632	8443
3773699	8444
3773907	8445
3774419	8446
3774607	8447
3775105	8448
3775656	8449
3779279	8450
3780652	8451
3781978	8452
3782412	8453
3783874	8454
3784408	8455
3789506	8456
3790706	8457
3791285	8458
3791655	8459
3797838	8460
3800707	8461
3801684	8462
3802632	8463
3803661	8464
3804871	8465
3807494	8466
3808488	8467
3810593	8468
3811263	8469
3811455	8470
3811717	8471
3811874	8472
3811948	8473
3812807	8474
3814697	8475
3815688	8476
3817699	8477
3817734	8478
3818786	8479
3818988	8480
3819110	8481
3819571	8482
3819805	8483
3820089	8484
3822219	8485
3822728	8486
3822779	8487
3824690	8488
3829144	8489
3829469	8490
3831684	8491
3832078	8492
3832196	8493
3832896	8494
3832918	8495
3833330	8496
3836287	8497
3837760	8498
3838479	8499
3844959	8500
3845970	8501
3845980	8502
3850091	8503
3850166	8504
3850210	8505
3850324	8506
3850399	8507
3850787	8508
3851328	8509
3853465	8510
3853470	8511
3854038	8512
3856377	8513
3858301	8514
3859656	8515
3860104	8516
3860564	8517
3864325	8518
3864569	8519
3864738	8520
3865955	8521
3866623	8522
3870626	8523
3871561	8524
3873041	8525
3874121	8526
3877466	8527
3880003	8528
3880195	8529
3880204	8530
3880489	8531
3880561	8532
3880698	8533
3883569	8534
3885318	8535
3885594	8536
3888023	8537
3888530	8538
3888949	8539
3889434	8540
3895333	8541
3897568	8542
3898609	8543
3900126	8544
3901396	8545
3903767	8546
3904673	8547
3904708	8548
3904846	8549
3904867	8550
3905454	8551
3906539	8552
3907016	8553
3908855	8554
3911230	8555
3911887	8556
3916362	8557
3917657	8558
3918681	8559
3921115	8560
3922897	8561
3925101	8562
3925530	8563
3926204	8564
3926358	8565
3926814	8566
3929820	8567
3932156	8568
3935505	8569
3936014	8570
3936776	8571
3937810	8572
3941612	8573
3941670	8574
3941691	8575
3942571	8576
3944083	8577
3944287	8578
3948307	8579
3949525	8580
3949611	8581
3950164	8582
3950744	8583
3950921	8584
3952521	8585
3954876	8586
3955133	8587
3955189	8588
3955823	8589
3956182	8590
3958905	8591
3959744	8592
3959851	8593
3961821	8594
3962364	8595
3962745	8596
3965018	8597
3965063	8598
3965147	8599
3966636	8600
3971394	8601
3972681	8602
3974049	8603
3978488	8604
3978639	8605
3978957	8606
3981990	8607
3983659	8608
3983758	8609
3984143	8610
3986490	8611
3986706	8612
3991379	8613
3991559	8614
3991637	8615
3992645	8616
3995244	8617
3995662	8618
3996392	8619
3997128	8620
3997712	8621
3998535	8622
3998796	8623
3998817	8624
3999428	8625
4001664	8626
4003202	8627
4003428	8628
4005174	8629
4005216	8630
4005445	8631
4005618	8632
4007522	8633
4010204	8634
4011894	8635
4012560	8636
4017634	8637
4018632	8638
4022712	8639
4023510	8640
4025031	8641
4028639	8642
4031309	8643
4031823	8644
4031882	8645
4031929	8646
4035072	8647
4035100	8648
4035473	8649
4036256	8650
4037904	8651
4042776	8652
4042976	8653
4045435	8654
4046605	8655
4046772	8656
4049953	8657
4050379	8658
4051965	8659
4052457	8660
4054816	8661
4055075	8662
4055714	8663
4055840	8664
4060563	8665
4061293	8666
4062043	8667
4065441	8668
4070172	8669
4070701	8670
4071554	8671
4071561	8672
4071584	8673
4074310	8674
4075402	8675
4075942	8676
4077797	8677
4077827	8678
4077906	8679
4078101	8680
4080447	8681
4080814	8682
4081407	8683
4083685	8684
4086777	8685
4087316	8686
4087848	8687
4088725	8688
4089029	8689
4090095	8690
4090149	8691
4090406	8692
4092544	8693
4094185	8694
4095954	8695
4096592	8696
4101120	8697
4112423	8698
4112597	8699
4112681	8700
4113359	8701
4113749	8702
4115025	8703
4115712	8704
4116541	8705
4119785	8706
4124075	8707
4126581	8708
4127896	8709
4127949	8710
4130387	8711
4130803	8712
4132231	8713
4133999	8714
4134423	8715
4137475	8716
4139681	8717
4140859	8718
4150862	8719
4151058	8720
4151388	8721
4151925	8722
4154230	8723
4155189	8724
4155420	8725
4158185	8726
4162312	8727
4164020	8728
4166298	8729
4166774	8730
4167645	8731
4167763	8732
4168448	8733
4168523	8734
4168760	8735
4171042	8736
4172076	8737
4174033	8738
4174852	8739
4176993	8740
4177306	8741
4179313	8742
4180319	8743
4180746	8744
4185350	8745
4186334	8746
4186799	8747
4186876	8748
4189692	8749
4191429	8750
4194375	8751
4194577	8752
4197204	8753
4199191	8754
4202015	8755
4205961	8756
4206374	8757
4207042	8758
4208644	8759
4211219	8760
4212310	8761
4212672	8762
4213397	8763
4219402	8764
4220342	8765
4221209	8766
4221652	8767
4223210	8768
4223719	8769
4224610	8770
4224743	8771
4225024	8772
4225844	8773
4225977	8774
4228054	8775
4230504	8776
4230641	8777
4233139	8778
4233817	8779
4235013	8780
4236969	8781
4239397	8782
4239817	8783
4240217	8784
4240343	8785
4240741	8786
4247519	8787
4248937	8788
4250624	8789
4257907	8790
4258570	8791
4259494	8792
4259670	8793
4259838	8794
4260584	8795
4262945	8796
4264147	8797
4265378	8798
4265747	8799
4269643	8800
4270053	8801
4270125	8802
4273197	8803
4275578	8804
4281766	8805
4281849	8806
4281968	8807
4282174	8808
4284929	8809
4295550	8810
4300917	8811
4301331	8812
4301493	8813
4302533	8814
4303365	8815
4305048	8816
4308366	8817
4308406	8818
4308719	8819
4309186	8820
4312340	8821
4314840	8822
4317554	8823
4317798	8824
4318045	8825
4318314	8826
4318561	8827
4319308	8828
4320092	8829
4320266	8830
4322092	8831
4328685	8832
4331651	8833
4335582	8834
4336279	8835
4339490	8836
4339660	8837
4341138	8838
4344244	8839
4344576	8840
4345099	8841
4347750	8842
4348640	8843
4348866	8844
4350236	8845
4351006	8846
4352679	8847
4352886	8848
4353631	8849
4355223	8850
4355496	8851
4355503	8852
4358347	8853
4358661	8854
4358966	8855
4359075	8856
4360540	8857
4362380	8858
4365223	8859
4367989	8860
4371201	8861
4371786	8862
4374748	8863
4375444	8864
4376740	8865
4378076	8866
4382778	8867
4384056	8868
4387440	8869
4388623	8870
4389247	8871
4390171	8872
4390369	8873
4393707	8874
4394234	8875
4395156	8876
4395424	8877
4395462	8878
4399509	8879
4399730	8880
4401352	8881
4401506	8882
4402471	8883
4403165	8884
4406961	8885
4412768	8886
4413688	8887
4418746	8888
4423192	8889
4426953	8890
4431227	8891
4432946	8892
4433541	8893
4436189	8894
4436635	8895
4436730	8896
4438349	8897
4438998	8898
4439126	8899
4439638	8900
4439657	8901
4442014	8902
4443364	8903
4443677	8904
4445833	8905
4445967	8906
4446009	8907
4446043	8908
4446136	8909
4446156	8910
4446845	8911
4447084	8912
4450802	8913
4451255	8914
4452873	8915
4452933	8916
4455863	8917
4458223	8918
4458594	8919
4458787	8920
4459149	8921
4461277	8922
4464356	8923
4466341	8924
4471019	8925
4475184	8926
4475399	8927
4476483	8928
4476553	8929
4477096	8930
4477231	8931
4477292	8932
4477782	8933
4479295	8934
4479371	8935
4479829	8936
4480026	8937
4481636	8938
4483029	8939
4484780	8940
4485574	8941
4485736	8942
4490064	8943
4491103	8944
4491257	8945
4492272	8946
4495730	8947
4496611	8948
4498477	8949
4498481	8950
4498548	8951
4498615	8952
4501700	8953
4502696	8954
4502822	8955
4503365	8956
4503466	8957
4503846	8958
4507667	8959
4509311	8960
4509682	8961
4511469	8962
4511801	8963
4516663	8964
4518136	8965
4520581	8966
4520632	8967
4522260	8968
4523771	8969
4524075	8970
4526302	8971
4526330	8972
4527036	8973
4527988	8974
4528160	8975
4531961	8976
4534712	8977
4536247	8978
4536417	8979
4536987	8980
4537612	8981
4537795	8982
4539469	8983
4539755	8984
4543151	8985
4543662	8986
4546204	8987
4548120	8988
4548382	8989
4548666	8990
4548890	8991
4557240	8992
4562162	8993
4562498	8994
4562528	8995
4564085	8996
4566026	8997
4566251	8998
4566352	8999
4566405	9000
4566605	9001
4568361	9002
4569083	9003
4570359	9004
4575400	9005
4576122	9006
4576302	9007
4579437	9008
4579955	9009
4580803	9010
4581994	9011
4582118	9012
4582149	9013
4583909	9014
4585607	9015
4587765	9016
4588587	9017
4589325	9018
4589809	9019
4591913	9020
4592226	9021
4592255	9022
4593859	9023
4594473	9024
4596550	9025
4597236	9026
4600777	9027
4602519	9028
4602684	9029
4603167	9030
4603703	9031
4603942	9032
4605039	9033
4612331	9034
4612762	9035
4612843	9036
4615425	9037
4615615	9038
4618193	9039
4618893	9040
4620541	9041
4622602	9042
4625375	9043
4628236	9044
4628392	9045
4629046	9046
4629699	9047
4632798	9048
4633170	9049
4633355	9050
4633623	9051
4635477	9052
4637787	9053
4638374	9054
4640561	9055
4642404	9056
4642853	9057
4644408	9058
4645573	9059
4649231	9060
4649932	9061
4653523	9062
4655311	9063
4655624	9064
4655996	9065
4656146	9066
4658631	9067
4659056	9068
4659143	9069
4659311	9070
4660661	9071
4661281	9072
4662957	9073
4663028	9074
4665171	9075
4665491	9076
4668656	9077
4674893	9078
4677424	9079
4677528	9080
4678119	9081
4683665	9082
4685425	9083
4688699	9084
4689666	9085
4691334	9086
4691473	9087
4693748	9088
4694563	9089
4695344	9090
4695538	9091
4699360	9092
4707573	9093
4710610	9094
4710827	9095
4711590	9096
4711673	9097
4711720	9098
4712723	9099
4716092	9100
4716461	9101
4718688	9102
4721336	9103
4722105	9104
4722576	9105
4722606	9106
4723656	9107
4723993	9108
4724128	9109
4729021	9110
4730275	9111
4730698	9112
4731921	9113
4732873	9114
4735897	9115
4739777	9116
4740191	9117
4740461	9118
4741345	9119
4746557	9120
4747783	9121
4751861	9122
4753343	9123
4755519	9124
4760194	9125
4761153	9126
4761196	9127
4775875	9128
4776741	9129
4776913	9130
4777232	9131
4777381	9132
4777562	9133
4777679	9134
4781035	9135
4781239	9136
4782002	9137
4782828	9138
4783424	9139
4786149	9140
4786268	9141
4788424	9142
4789158	9143
4789909	9144
4791047	9145
4791851	9146
4796295	9147
4799930	9148
4800856	9149
4804561	9150
4806956	9151
4807507	9152
4808150	9153
4811856	9154
4815107	9155
4815455	9156
4815711	9157
4816121	9158
4818445	9159
4818494	9160
4819102	9161
4819127	9162
4819578	9163
4823604	9164
4823935	9165
4824859	9166
4827122	9167
4827342	9168
4828305	9169
4828560	9170
4830218	9171
4830312	9172
4831208	9173
4832045	9174
4833152	9175
4836111	9176
4838045	9177
4838049	9178
4839964	9179
4840975	9180
4844128	9181
4845717	9182
4848882	9183
4852265	9184
4856254	9185
4856524	9186
4857377	9187
4861793	9188
4864519	9189
4869679	9190
4871788	9191
4872068	9192
4872821	9193
4873724	9194
4873883	9195
4877995	9196
4877996	9197
4879454	9198
4880737	9199
4880886	9200
4883001	9201
4885142	9202
4886666	9203
4887469	9204
4888359	9205
4889699	9206
4893369	9207
4896231	9208
4897483	9209
4897727	9210
4897837	9211
4898749	9212
4898870	9213
4903137	9214
4903684	9215
4905178	9216
4906790	9217
4907780	9218
4908338	9219
4913435	9220
4914919	9221
4915899	9222
4917253	9223
4922020	9224
4924598	9225
4925519	9226
4925874	9227
4928558	9228
4929021	9229
4929258	9230
4929784	9231
4931058	9232
4932568	9233
4933271	9234
4933278	9235
4934286	9236
4934822	9237
4936647	9238
4938315	9239
4938771	9240
4939874	9241
4939988	9242
4944585	9243
4947079	9244
4950894	9245
4951937	9246
4951981	9247
4953897	9248
4954953	9249
4957900	9250
4958239	9251
4958256	9252
4960781	9253
4960975	9254
4961620	9255
4965122	9256
4967542	9257
4967614	9258
4970237	9259
4972648	9260
4974032	9261
4974269	9262
4974449	9263
4975437	9264
4976148	9265
4977898	9266
4978126	9267
4979404	9268
4984900	9269
4986115	9270
4987040	9271
4987436	9272
4988870	9273
4991169	9274
4992567	9275
4992636	9276
4992683	9277
4993387	9278
4995114	9279
4995405	9280
4996604	9281
5001138	9282
5002852	9283
5003593	9284
5004494	9285
5005333	9286
5005462	9287
5005535	9288
5006315	9289
5011364	9290
5011378	9291
5011854	9292
5012598	9293
5013523	9294
5014224	9295
5014784	9296
5015258	9297
5016630	9298
5017403	9299
5019132	9300
5021437	9301
5022300	9302
5022661	9303
5023144	9304
5023180	9305
5023895	9306
5023901	9307
5026552	9308
5028166	9309
5028478	9310
5028711	9311
5029026	9312
5029426	9313
5030703	9314
5031074	9315
5035119	9316
5037262	9317
5037277	9318
5040273	9319
5040474	9320
5042186	9321
5042824	9322
5045644	9323
5047964	9324
5049898	9325
5050119	9326
5053141	9327
5056286	9328
5059025	9329
5060305	9330
5060441	9331
5061624	9332
5063073	9333
5063144	9334
5064312	9335
5071244	9336
5072565	9337
5072939	9338
5073166	9339
5073265	9340
5074851	9341
5075018	9342
5076090	9343
5077047	9344
5078155	9345
5078367	9346
5082085	9347
5083124	9348
5083854	9349
5085425	9350
5088580	9351
5089121	9352
5089161	9353
5090936	9354
5091428	9355
5092058	9356
5100859	9357
5103042	9358
5103930	9359
5104726	9360
5106081	9361
5106946	9362
5107345	9363
5108327	9364
5109796	9365
5110172	9366
5111121	9367
5112468	9368
5112829	9369
5113595	9370
5113611	9371
5113631	9372
5113658	9373
5113692	9374
5114635	9375
5115175	9376
5116968	9377
5117788	9378
5120922	9379
5121471	9380
5121925	9381
5121976	9382
5122274	9383
5122671	9384
5123605	9385
5124044	9386
5124873	9387
5125795	9388
5132882	9389
5135023	9390
5135352	9391
5136625	9392
5137850	9393
5138630	9394
5143258	9395
5143736	9396
5144675	9397
5145558	9398
5145591	9399
5146174	9400
5147533	9401
5147634	9402
5151682	9403
5165198	9404
5166819	9405
5168805	9406
5177360	9407
5178683	9408
5180590	9409
5180647	9410
5180691	9411
5184456	9412
5185062	9413
5185716	9414
5188676	9415
5188838	9416
5188972	9417
5189141	9418
5189540	9419
5190192	9420
5196946	9421
5197260	9422
5198970	9423
5199453	9424
5199775	9425
5200608	9426
5203505	9427
5204617	9428
5205049	9429
5206518	9430
5208968	9431
5209623	9432
5209864	9433
5209934	9434
5214573	9435
5217921	9436
5219410	9437
5219705	9438
5226106	9439
5226343	9440
5226967	9441
5228184	9442
5230030	9443
5230311	9444
5230938	9445
5232673	9446
5234300	9447
5235948	9448
5237519	9449
5239701	9450
5245725	9451
5250367	9452
5250888	9453
5253688	9454
5253905	9455
5254874	9456
5255315	9457
5257022	9458
5259244	9459
5259781	9460
5260039	9461
5261426	9462
5262207	9463
5263071	9464
5263945	9465
5264773	9466
5270155	9467
5270515	9468
5270597	9469
5271601	9470
5273861	9471
5275729	9472
5278804	9473
5280162	9474
5282579	9475
5283633	9476
5283725	9477
5285057	9478
5285292	9479
5285467	9480
5285710	9481
5295160	9482
5295256	9483
5298424	9484
5298688	9485
5301316	9486
5302177	9487
5307090	9488
5308566	9489
5312161	9490
5314339	9491
5317916	9492
5318516	9493
5323288	9494
5324390	9495
5327789	9496
5328103	9497
5332407	9498
5332984	9499
5333072	9500
5333740	9501
5333743	9502
5334007	9503
5337692	9504
5338836	9505
5339582	9506
5344603	9507
5344823	9508
5346859	9509
5347628	9510
5348024	9511
5348966	9512
5352267	9513
5355156	9514
5356546	9515
5358408	9516
5358570	9517
5358854	9518
5364338	9519
5365263	9520
5365447	9521
5371584	9522
5376813	9523
5376942	9524
5387385	9525
5388897	9526
5388973	9527
5391609	9528
5401068	9529
5407207	9530
5407271	9531
5409291	9532
5409938	9533
5410015	9534
5411137	9535
5411262	9536
5411372	9537
5411535	9538
5414296	9539
5417529	9540
5418977	9541
5419250	9542
5426145	9543
5427157	9544
5427166	9545
5427962	9546
5429409	9547
5429928	9548
5431384	9549
5435782	9550
5437591	9551
5442269	9552
5442622	9553
5443197	9554
5443583	9555
5443984	9556
5445311	9557
5446604	9558
5447792	9559
5447868	9560
5448716	9561
5450767	9562
5458408	9563
5459472	9564
5461172	9565
5471329	9566
5480534	9567
5481215	9568
5485429	9569
5485485	9570
5488230	9571
5492036	9572
5492812	9573
5495407	9574
5495460	9575
5498305	9576
5499124	9577
5501636	9578
5511670	9579
5514260	9580
5514699	9581
5516169	9582
5517746	9583
5517988	9584
5527670	9585
5533386	9586
5545577	9587
5545700	9588
5546763	9589
5548106	9590
5549576	9591
5550526	9592
5551007	9593
5552730	9594
5552964	9595
5559056	9596
5562897	9597
5568061	9598
5576219	9599
5576743	9600
5581839	9601
5582434	9602
5582480	9603
5587824	9604
5589844	9605
5590956	9606
5592071	9607
5592344	9608
5596693	9609
5599246	9610
5604211	9611
5606973	9612
5607325	9613
5611609	9614
5616039	9615
5616217	9616
5616746	9617
5617863	9618
5617983	9619
5618243	9620
5620386	9621
5625227	9622
5627424	9623
5627955	9624
5628161	9625
5632973	9626
5634318	9627
5635598	9628
5636361	9629
5643411	9630
5644152	9631
5649703	9632
5650328	9633
5651291	9634
5652255	9635
5652820	9636
5660103	9637
5664153	9638
5664636	9639
5673372	9640
5676649	9641
5677918	9642
5679239	9643
5680050	9644
5680145	9645
5680591	9646
5681367	9647
5682637	9648
5690098	9649
5690468	9650
5692905	9651
5693775	9652
5696630	9653
5697374	9654
5697489	9655
5697719	9656
5698114	9657
5699161	9658
5703533	9659
5704642	9660
5707934	9661
5708282	9662
5709013	9663
5709727	9664
5714408	9665
5715560	9666
5716120	9667
5718207	9668
5720675	9669
5725801	9670
5733799	9671
5740835	9672
5743045	9673
5743342	9674
5746598	9675
5747827	9676
5748596	9677
5754739	9678
5756450	9679
5760184	9680
5760752	9681
5765681	9682
5766963	9683
5770610	9684
5772522	9685
5777410	9686
5782299	9687
5784710	9688
5791548	9689
5792912	9690
5793150	9691
5811614	9692
5812959	9693
5813939	9694
5814484	9695
5814495	9696
5815014	9697
5821166	9698
5825723	9699
5827138	9700
5827959	9701
5830870	9702
5831520	9703
5832175	9704
5842514	9705
5842986	9706
5846292	9707
5849450	9708
5851009	9709
5853918	9710
5855083	9711
5855354	9712
5855646	9713
5860501	9714
5862241	9715
5863021	9716
5864309	9717
5864775	9718
5868005	9719
5869416	9720
5870760	9721
5871594	9722
5874849	9723
5876327	9724
5877206	9725
5878731	9726
5881889	9727
5882141	9728
5883662	9729
5884037	9730
5884189	9731
5884479	9732
5885948	9733
5889630	9734
5896379	9735
5898287	9736
5899621	9737
5899686	9738
5900543	9739
5905219	9740
5906256	9741
5907174	9742
5917401	9743
5918904	9744
5919732	9745
5919864	9746
5919927	9747
5920158	9748
5920808	9749
5924468	9750
5926462	9751
5926579	9752
5932565	9753
5937093	9754
5943634	9755
5959410	9756
5961939	9757
5967063	9758
5967137	9759
5967233	9760
5974650	9761
5975379	9762
5975434	9763
5979076	9764
5981291	9765
5987401	9766
5988575	9767
5996531	9768
5997141	9769
6005579	9770
6009066	9771
6015383	9772
6018161	9773
6025403	9774
6025951	9775
6029227	9776
6031602	9777
6035350	9778
6036010	9779
6043120	9780
6043836	9781
6044194	9782
6046630	9783
6047078	9784
6054803	9785
6055094	9786
6056023	9787
6061144	9788
6074339	9789
6079103	9790
6091988	9791
6092518	9792
6092603	9793
6096240	9794
6096735	9795
6097517	9796
6099078	9797
6101266	9798
6101347	9799
6104787	9800
6106098	9801
6108367	9802
6117171	9803
6119919	9804
6121974	9805
6124138	9806
6125308	9807
6130775	9808
6131269	9809
6136482	9810
6138395	9811
6140776	9812
6141671	9813
6147307	9814
6148889	9815
6156794	9816
6156812	9817
6156971	9818
6158197	9819
6167367	9820
6178431	9821
6181697	9822
6185147	9823
6188383	9824
6189053	9825
6191217	9826
6192318	9827
6194565	9828
6197301	9829
6198939	9830
6199368	9831
6201734	9832
6205202	9833
6213904	9834
6223403	9835
6224510	9836
6227111	9837
6228043	9838
6228284	9839
6234055	9840
6237177	9841
6240440	9842
6248430	9843
6252482	9844
6256426	9845
6258073	9846
6261784	9847
6262051	9848
6265419	9849
6272440	9850
6274219	9851
6274568	9852
6274770	9853
6277122	9854
6278228	9855
6280053	9856
6282328	9857
6303820	9858
6311853	9859
6313089	9860
6313419	9861
6314411	9862
6314449	9863
6316011	9864
6319623	9865
6319899	9866
6322981	9867
6323717	9868
6326296	9869
6326778	9870
6332057	9871
6350142	9872
6350587	9873
6353492	9874
6353848	9875
6354397	9876
6354983	9877
6355161	9878
6355405	9879
6355538	9880
6355765	9881
6356086	9882
6356795	9883
6356906	9884
6360552	9885
6361247	9886
6362800	9887
6369781	9888
6372161	9889
6378673	9890
6383055	9891
6383177	9892
6384495	9893
6385065	9894
6395977	9895
6396995	9896
6402310	9897
6409222	9898
6410741	9899
6416922	9900
6423097	9901
6432288	9902
6435107	9903
6438275	9904
6441583	9905
6446328	9906
6446529	9907
6447174	9908
6448832	9909
6449150	9910
6452512	9911
6456190	9912
6458957	9913
6465856	9914
6467635	9915
6470934	9916
6471050	9917
6471683	9918
6477867	9919
6480054	9920
6480079	9921
6480908	9922
6480988	9923
6484423	9924
6485721	9925
6493054	9926
6496253	9927
6498270	9928
6498437	9929
6498531	9930
6503962	9931
6504335	9932
6509170	9933
6512452	9934
6516204	9935
6518018	9936
6518716	9937
6527598	9938
6528481	9939
6528527	9940
6530119	9941
6530775	9942
6532969	9943
6533467	9944
6539845	9945
6542980	9946
6545341	9947
6548444	9948
6550222	9949
6551180	9950
6554674	9951
6558003	9952
6572611	9953
6574124	9954
6575313	9955
6575854	9956
6580234	9957
6601543	9958
6602300	9959
6605382	9960
6606032	9961
6607797	9962
6610838	9963
6610991	9964
6616100	9965
6616310	9966
6617187	9967
6619914	9968
6623825	9969
6624862	9970
6628366	9971
6629810	9972
6630574	9973
6637000	9974
6637068	9975
6638066	9976
6643751	9977
6650942	9978
6662706	9979
6663727	9980
6664134	9981
6665594	9982
6671710	9983
6679236	9984
6687508	9985
6690160	9986
6691911	9987
6698976	9988
6700945	9989
6707776	9990
6719691	9991
6720552	9992
6720723	9993
6720898	9994
6726717	9995
6727524	9996
6732048	9997
6734808	9998
6735653	9999
6740461	10000
6741393	10001
6742654	10002
6745169	10003
6752511	10004
6754245	10005
6763623	10006
6764015	10007
6764210	10008
6770359	10009
6772233	10010
6772874	10011
6776529	10012
6777588	10013
6789301	10014
6792248	10015
6794142	10016
6795691	10017
6799110	10018
6803588	10019
6805401	10020
6806923	10021
6812028	10022
6820417	10023
6826593	10024
6829154	10025
6835313	10026
6841751	10027
6844872	10028
6844890	10029
6847204	10030
6851290	10031
6853505	10032
6856435	10033
6862270	10034
6862452	10035
6868679	10036
6870145	10037
6887941	10038
6889609	10039
6889892	10040
6901437	10041
6901764	10042
6905828	10043
6906543	10044
6909729	10045
6914104	10046
6915313	10047
6919376	10048
6934423	10049
6939509	10050
6940691	10051
6942570	10052
6957283	10053
6963262	10054
6989634	10055
6990141	10056
6999825	10057
7006808	10058
7009206	10059
7021640	10060
7027349	10061
7028366	10062
7030191	10063
7040096	10064
7042245	10065
7062122	10066
7063490	10067
7063887	10068
7064150	10069
7068689	10070
7068804	10071
7069182	10072
7069919	10073
7070717	10074
7071061	10075
7075459	10076
7078563	10077
7079327	10078
7080051	10079
7082179	10080
7082912	10081
7085306	10082
7087484	10083
7088098	10084
7099509	10085
7108032	10086
7108102	10087
7108181	10088
7113948	10089
7127097	10090
7127597	10091
7127725	10092
7159310	10093
7185177	10094
7185509	10095
7187554	10096
7192653	10097
7203244	10098
7208195	10099
7217252	10100
7221140	10101
7228139	10102
7234751	10103
7237159	10104
7249717	10105
7252191	10106
7252655	10107
7252671	10108
7254567	10109
7257455	10110
7262905	10111
7273469	10112
7274958	10113
7275591	10114
7280575	10115
7287147	10116
7288106	10117
7291106	10118
7296192	10119
7299423	10120
7304353	10121
7304454	10122
7304600	10123
7310491	10124
7313919	10125
7323544	10126
7327044	10127
7331387	10128
7332843	10129
7335016	10130
7337523	10131
7345606	10132
7349389	10133
7352200	10134
7358357	10135
7364214	10136
7365323	10137
7369796	10138
7371173	10139
7374641	10140
7376819	10141
7377262	10142
7382886	10143
7389150	10144
7389367	10145
7389495	10146
7399416	10147
7400056	10148
7416116	10149
7417702	10150
7426538	10151
7441804	10152
7444523	10153
7451343	10154
7454715	10155
7455677	10156
7456773	10157
7460089	10158
7480594	10159
7490505	10160
7500117	10161
7508271	10162
7521305	10163
7531184	10164
7558046	10165
7560782	10166
7566662	10167
7566692	10168
7571305	10169
7574212	10170
7576922	10171
7591207	10172
7600381	10173
7609062	10174
7615512	10175
7624553	10176
7626223	10177
7632313	10178
7632684	10179
7653473	10180
7654114	10181
7654441	10182
7655162	10183
7657660	10184
7660030	10185
7665635	10186
7684129	10187
7700239	10188
7705646	10189
7708895	10190
7709584	10191
7709616	10192
7715834	10193
7724014	10194
7726382	10195
7730974	10196
7736417	10197
7739248	10198
7742337	10199
7744259	10200
7751984	10201
7757869	10202
7763532	10203
7769877	10204
7773542	10205
7783766	10206
7794067	10207
7814798	10208
7815785	10209
7820404	10210
7835448	10211
7844754	10212
7856756	10213
7859917	10214
7877638	10215
7885614	10216
7962072	10217
7987033	10218
7994261	10219
7996690	10220
8027525	10221
8027976	10222
8035359	10223
8044320	10224
8053250	10225
8054763	10226
8063177	10227
8072172	10228
8102391	10229
8117012	10230
8120364	10231
8120727	10232
8127718	10233
8132586	10234
8139416	10235
8139494	10236
8151061	10237
8153427	10238
8156481	10239
8223285	10240
